275402	828499	0	8.8392
275280	828377	0	8.6868
275158	828255	0	8.2296
275036	828133	0	7.9248
275036	825573	0	10.1255
275158	825573	0	10.159
284546	823135	0	17.7424
284546	822769	0	16.0416
284546	822647	0	15.3132
284546	822525	0	14.7676
284424	822403	0	14.222
284424	822281	0	13.8196
284546	822281	0	13.7617
284546	822159	0	13.4142
284668	822159	0	13.4112
284790	822159	0	13.3716
284790	822037	0	12.9997
284912	822037	0	12.9692
284912	821916	0	12.5517
284790	821794	0	12.0975
284912	821794	0	12.1524
284668	821672	0	11.5245
284790	821672	0	11.5763
284668	821550	0	11.4849
284668	821428	0	10.86
284546	821306	0	10.2138
282351	821184	0	11.2227
282473	821184	0	10.985
282595	821184	0	10.7503
282717	821184	0	10.5308
284546	821184	0	9.57986
282230	821062	0	11.4544
282839	821062	0	10.0249
284668	821062	0	8.84225
282108	820940	0	11.8293
282839	820940	0	9.72312
284668	820940	0	8.47954
282961	820818	0	9.15924
284668	820818	0	7.65353
282961	820696	0	8.97026
283083	820696	0	8.77519
284668	820696	0	6.80923
283083	820574	0	8.57402
284668	820574	0	6.09295
283083	820452	0	8.38505
284668	820453	0	5.35229
283083	820331	0	8.20217
283205	820331	0	7.94004
284668	820331	0	4.59638
283205	820209	0	7.74497
284790	820209	0	3.51739
283205	820087	0	7.56209
284790	820087	0	3.38938
283205	819965	0	7.39445
284912	819965	0	3.30403
283205	819843	0	7.23595
284912	819843	0	3.08458
283205	819721	0	7.08965
284912	819721	0	2.75539
283205	819599	0	6.95249
284912	819599	0	2.33477
283327	819477	0	6.48614
283327	819355	0	6.37337
277597	819233	0	10.4577
283327	819233	0	6.3185
277353	819111	0	9.91514
283327	819111	0	6.28193
277353	818989	0	9.75665
281498	818989	0	11.1648
283327	818989	0	6.20573
277231	818867	0	9.51281
281620	818868	0	10.5613
283327	818868	0	6.14172
277231	818745	0	9.40613
281620	818746	0	10.1956
283205	818746	0	6.05942
277231	818624	0	9.31469
281620	818624	0	9.86638
283205	818624	0	5.7973
277231	818502	0	9.23239
281620	818502	0	9.58291
283205	818502	0	5.51078
277231	818380	0	9.11657
281620	818380	0	9.33298
283205	818380	0	5.23037
277231	818258	0	8.72642
277353	818258	0	8.37286
281620	818258	0	9.0739
283205	818258	0	4.96214
277353	818136	0	8.3058
281620	818136	0	8.95198
283205	818136	0	4.70002
277353	818014	0	7.98576
281498	818014	0	8.36371
283205	818014	0	4.44703
277353	817892	0	7.6139
281498	817892	0	7.93394
283205	817892	0	4.20014
277353	817770	0	7.26034
281376	817770	0	7.44931
281498	817770	0	7.5438
283205	817770	0	3.9563
277353	817648	0	6.93115
281376	817648	0	7.12622
283205	817648	0	3.71856
277353	817526	0	6.61416
281376	817526	0	6.74522
283205	817526	0	3.48386
277353	817404	0	6.30022
281376	817404	0	6.39166
283205	817405	0	3.31318
277353	817282	0	5.91007
281254	817283	0	6.01066
283083	817283	0	3.0541
277353	817161	0	5.58698
278450	817161	0	7.0805
278572	817161	0	7.15975
281254	817161	0	5.76682
283083	817161	0	2.93522
277353	817039	0	4.63296
278450	817039	0	6.88238
281254	817039	0	5.4163
283083	817039	0	2.81635
277353	816917	0	3.84962
277475	816917	0	3.56006
278450	816917	0	6.67817
281254	816917	0	5.07187
283083	816917	0	2.69443
283693	816917	0	3.0419
277475	816795	0	3.45034
278328	816795	0	6.04723
278450	816795	0	6.28193
281254	816795	0	4.73964
282961	816795	0	2.50241
283693	816795	0	2.79806
277475	816673	0	3.3528
278328	816673	0	5.67842
281254	816673	0	4.4135
282961	816673	0	2.28905
283693	816673	0	2.52984
277475	816551	0	3.27965
278328	816551	0	5.3401
281254	816551	0	4.09651
282961	816551	0	2.06959
283571	816551	0	2.26771
277475	816429	0	3.1943
278206	816429	0	4.82194
278328	816429	0	5.03834
281254	816429	0	3.78866
282839	816429	0	1.81356
283571	816429	0	2.02692
277353	816307	0	2.95961
277475	816307	0	3.09677
278206	816307	0	4.5781
281254	816307	0	3.48996
282717	816307	0	1.54838
282839	816307	0	1.55753
283571	816307	0	1.79832
277353	816185	0	2.84074
278206	816185	0	4.36169
281254	816185	0	3.1943
282717	816185	0	1.25882
283449	816185	0	1.54838
277353	816063	0	2.71272
278206	816063	0	4.16966
281254	816063	0	2.87426
282595	816063	0	0.950976
283327	816063	0	1.29235
277353	815941	0	2.57251
278206	815941	0	4.00202
281254	815941	0	2.56032
282595	815941	0	0.618744
283327	815941	0	1.11252
277353	815819	0	2.42011
278206	815819	0	3.84962
281254	815820	0	2.25247
282595	815820	0	0.4572
283327	815820	0	0.950976
277353	815697	0	2.25857
278206	815698	0	3.70637
281254	815698	0	1.95682
283205	815698	0	0.740664
283327	815698	0	0.813816
277353	815576	0	2.08483
278084	815576	0	3.47472
278206	815576	0	3.55397
281254	815576	0	1.7465
283205	815576	0	0.633984
277353	815454	0	1.905
278084	815454	0	3.32537
279182	815454	0	2.9718
283205	815454	0	0.54864
277353	815332	0	1.70688
278084	815332	0	2.91389
279182	815332	0	2.85902
277353	815210	0	1.49962
278084	815210	0	2.46583
279182	815210	0	2.71272
277231	815088	0	1.23749
277353	815088	0	1.28016
278084	815088	0	2.01473
279182	815088	0	2.31343
277231	814966	0	1.02718
279060	814966	0	1.85014
279182	814966	0	1.88366
277231	814844	0	0.798576
279060	814844	0	1.43561
277231	814722	0	0.557784
279060	814722	0	1.02413
277231	814600	0	0.4572
279060	814600	0	0.630936
279060	814478	0	0.4572
