   281010.200   836058.200  -25.00   -17930.0
   283936.300   833985.600  -75.00  -144400.0
   285643.200   833254.100  -25.00   -25630.0
   285521.300   833132.200  -35.00   -34830.0
   288935.100   831059.600  -25.00   -26560.0
   275158.100   829108.600  -15.00   -20580.0
   274304.700   828742.800  -25.00   -10540.0
   275158.100   828742.800  -35.00   -18520.0
   285521.300   828743.100    3.75   -32730.0
   306125.800   828621.500  -25.00   -32180.0
   274792.300   828377.100  -45.00   -29650.0
   285643.300   828377.300   22.10    -6413.0
   285887.100   828377.300   12.55   -55790.0
   308808.000   828133.900  -55.00   -14700.0
   308686.100   828011.900  -45.00   -13100.0
   286374.800   827889.600    3.49   -21830.0
   290154.300   827280.100  -25.00   -59080.0
   309539.600   827280.400  -35.00   -35940.0
   287715.900   827158.100  -15.00   -20290.0
   290032.400   827158.200    0.98   -37100.0
   309661.500   827036.600  -35.00   -38530.0
   303931.300   826914.600   -8.09   -12610.0
   303809.400   826792.700  -15.00   -18708.0
   298201.000   826670.700  -55.00   -32420.0
   298323.000   826670.700  -35.00   -36530.0
   303687.400   826670.800  -35.00    -7698.0
   304297.100   826305.100  -45.00   -15840.0
   301492.900   826183.100   -7.79    -6122.0
   303809.400   826183.100  -25.00   -17590.0
   306735.400   826183.100  -25.00   -18500.0
   306613.500   825939.300  -25.00   -16410.0
   301736.700   825817.300   -7.89   -19370.0
   301614.800   825695.400   -7.89   -23950.0
   303931.300   825695.400  -25.00   -11890.0
   305028.600   825573.600  -15.00   -16270.0
   301736.800   825329.600  -15.00   -19110.0
   307954.600   825329.800  -45.00   -46590.0
   305028.600   825207.800  -25.00   -14760.0
   305272.400   825207.800  -35.00   -14260.0
   304297.100   824842.000  -25.00   -12300.0
   293080.400   824719.900   -7.11   -18330.0
   293202.300   824719.900   -1.38   -19180.0
   304662.800   824720.100  -45.00   -18170.0
   280766.500   824475.800   21.49   -40610.0
   274670.500   824109.900  -15.00   -14130.0
   302224.400   824110.400  -25.00   -21630.0
   302346.300   824110.400  -35.00   -65150.0
   274670.500   823866.000   -7.60   -20360.0
   289422.800   823500.600   -7.22   -14600.0
   289057.000   823256.800  -15.00   -39190.0
   289422.800   823256.800  -15.00   -14820.0
   293933.800   823256.900  -25.00   -18950.0
   294055.800   823256.900  -35.00   -10180.0
   288813.200   823134.800  -25.00    -1647.0
   289788.600   823134.800   -2.97   -10410.0
   288935.100   823012.900  -35.00    -2383.0
   289788.600   823012.900  -15.00   -38930.0
   298201.100   822525.400  -35.00    -9480.0
   298201.100   822403.500  -15.00   -21110.0
   299176.400   822403.500 -110.00   -13830.0
   298079.200   822281.600  -25.00    -6688.0
   299420.300   821915.900  -55.00   -65110.0
   292592.800   821671.900  -35.00   -15990.0
   299298.400   821672.000  -45.00   -33580.0
   292227.000   821549.900  -15.00   -15800.0
   288569.400   821306.000  -15.00   -12880.0
   286740.600   821184.100  -55.00   -11370.0
   288325.500   821062.200   -3.91   -15900.0
   288325.500   820818.300  -15.00   -10860.0
   286131.000   820086.800  -15.00   -18300.0
   288447.500   819843.000  -25.00    -7195.0
   277230.800   819111.200  -15.00   -90080.0
   281985.700   818623.600    7.65    -1358.0
   282351.500   817404.400   -8.22   -14580.0
   280522.700   816672.900  -25.00   -66270.0
   275524.000   816185.100  -25.00   -44600.0
   273817.200   814843.900   -6.67  -329900.0
   285399.500   814478.400  -45.00   -40310.0
   285521.400   814478.400  -45.00   -48230.0
