

                          .                                                                               
                          .                                                                               


                              X-Direction Node Coordinates    (m)

           1           2           3           4           5           6           7           8           9          10
              0       0.10        0.20        0.30        0.40        0.50        0.60        0.70        0.80        0.90



          11
           1.00




                              Y-Direction Node Coordinates   (m)

           1           2           3           4           5           6           7           8           9          10
              0       0.10        0.20        0.30        0.40        0.50        0.60        0.70        0.80        0.90



          11
           1.00




                              Z-Direction Node Coordinates   (m)

           1           2           3           4           5           6           7           8           9          10
              0       0.10        0.20        0.30        0.40        0.50        0.60        0.70        0.80        0.90



          11
           1.00



                              *** Output at End of Steady State Iteration No.     1 ***

     Time .......................................................       0     (s)


                         Specified Head B.C.: Flow Rates (average over time step)
                         (positive is into the region)
                    Fluid   (kg/s)

                    Areal Layers

                                                            K =  3

           1           2           3           4           5           6           7           8           9          10



          11
 11  3.1016E-04
 10  4.6522E-04
  9  2.3711E-04
  8  2.8507E-04
  7  2.9778E-04
  6  3.0033E-04
  5  2.9777E-04
  4  2.8504E-04
  3  2.3712E-04
  2  4.6524E-04
  1  3.1017E-04

                                                            K =  4

           1           2           3           4           5           6           7           8           9          10



          11
 11  6.1309E-04
 10  9.1925E-04
  9  4.7094E-04
  8  5.6539E-04
  7  5.9024E-04
  6  5.9528E-04
  5  5.9022E-04
  4  5.6527E-04
  3  4.7091E-04
  2  9.1927E-04
  1  6.1309E-04

                                                            K =  5

           1           2           3           4           5           6           7           8           9          10



          11
 11  5.9656E-04
 10  8.8738E-04
  9  4.5449E-04
  8  5.4218E-04
  7  5.6467E-04
  6  5.6925E-04
  5  5.6479E-04
  4  5.4214E-04
  3  4.5450E-04
  2  8.8737E-04
  1  5.9651E-04

                                                            K =  6

           1           2           3           4           5           6           7           8           9          10



          11
 11  6.2521E-04
 10  8.5797E-04
  9  3.8924E-04
  8  4.5435E-04
  7  4.7018E-04
  6  4.7328E-04
  5  4.7017E-04
  4  4.5431E-04
  3  3.8920E-04
  2  8.5807E-04
  1  6.2523E-04

                                                            K =  7

           1           2           3           4           5           6           7           8           9          10



          11
 11  1.0038E-03
 10  1.4874E-03
  9  9.8806E-04
  8  1.0197E-03
  7  1.0349E-03
  6  1.0392E-03
  5  1.0351E-03
  4  1.0198E-03
  3  9.8814E-04
  2  1.4873E-03
  1  1.0037E-03

                                                            K =  8

           1           2           3           4           5           6           7           8           9          10



          11
 11  1.2234E-03
 10  2.3182E-03
  9  2.1163E-03
  8  2.0839E-03
  7  2.0815E-03
  6  2.0816E-03
  5  2.0815E-03
  4  2.0844E-03
  3  2.1163E-03
  2  2.3179E-03
  1  1.2233E-03

                                                            K =  9

           1           2           3           4           5           6           7           8           9          10



          11
 11  1.2797E-03
 10  2.5310E-03
  9  2.4801E-03
  8  2.4609E-03
  7  2.4544E-03
  6  2.4533E-03
  5  2.4541E-03
  4  2.4609E-03
  3  2.4808E-03
  2  2.5308E-03
  1  1.2797E-03

                                                            K = 10

           1           2           3           4           5           6           7           8           9          10



          11
 11  1.2858E-03
 10  2.5626E-03
  9  2.5465E-03
  8  2.5351E-03
  7  2.5300E-03
  6  2.5276E-03
  5  2.5293E-03
  4  2.5349E-03
  3  2.5463E-03
  2  2.5630E-03
  1  1.2859E-03

                                                            K = 11

           1           2           3           4           5           6           7           8           9          10



          11
 11  6.4206E-04
 10  1.2819E-03
  9  1.2764E-03
  8  1.2724E-03
  7  1.2696E-03
  6  1.2688E-03
  5  1.2691E-03
  4  1.2720E-03
  3  1.2763E-03
  2  1.2820E-03
  1  6.4242E-04




                         Specified Flux B.C.: Flow Rates (at end of time step)
                         (positive is into the region)
                    Fluid Mass   (kg/s)

                    Areal Layers

                                                            K =  1

           1           2           3           4           5           6           7           8           9          10
 11  2.5000E-05                                                                                                            
 10  5.0000E-05                                                                                                            
  9  5.0000E-05                                                                                                            
  8  5.0000E-05                                                                                                            
  7  5.0000E-05                                                                                                            
  6  5.0000E-05                                                                                                            
  5  5.0000E-05                                                                                                            
  4  5.0000E-05                                                                                                            
  3  5.0000E-05                                                                                                            
  2  5.0000E-05                                                                                                            
  1  2.5000E-05                                                                                                            



          11

                                                            K =  2

           1           2           3           4           5           6           7           8           9          10
 11  5.0000E-05                                                                                                            
 10  1.0000E-04                                                                                                            
  9  1.0000E-04                                                                                                            
  8  1.0000E-04                                                                                                            
  7  1.0000E-04                                                                                                            
  6  1.0000E-04                                                                                                            
  5  1.0000E-04                                                                                                            
  4  1.0000E-04                                                                                                            
  3  1.0000E-04                                                                                                            
  2  1.0000E-04                                                                                                            
  1  5.0000E-05                                                                                                            



          11

                                                            K =  3

           1           2           3           4           5           6           7           8           9          10
 11  5.0000E-05                                                                                                            
 10  1.0000E-04                                                                                                            
  9  1.0000E-04                                                                                                            
  8  1.0000E-04                                                                                                            
  7  1.0000E-04                                                                                                            
  6  1.0000E-04                                                                                                            
  5  1.0000E-04                                                                                                            
  4  1.0000E-04                                                                                                            
  3  1.0000E-04                                                                                                            
  2  1.0000E-04                                                                                                            
  1  5.0000E-05                                                                                                            



          11

                                                            K =  4

           1           2           3           4           5           6           7           8           9          10
 11  5.0000E-05                                                                                                            
 10  1.0000E-04                                                                                                            
  9  1.0000E-04                                                                                                            
  8  1.0000E-04                                                                                                            
  7  1.0000E-04                                                                                                            
  6  1.0000E-04                                                                                                            
  5  1.0000E-04                                                                                                            
  4  1.0000E-04                                                                                                            
  3  1.0000E-04                                                                                                            
  2  1.0000E-04                                                                                                            
  1  5.0000E-05                                                                                                            



          11

                                                            K =  5

           1           2           3           4           5           6           7           8           9          10
 11  5.0000E-05                                                                                                            
 10  1.0000E-04                                                                                                            
  9  1.0000E-04                                                                                                            
  8  1.0000E-04                                                                                                            
  7  1.0000E-04                                                                                                            
  6  1.0000E-04                                                                                                            
  5  1.0000E-04                                                                                                            
  4  1.0000E-04                                                                                                            
  3  1.0000E-04                                                                                                            
  2  1.0000E-04                                                                                                            
  1  5.0000E-05                                                                                                            



          11

                                                            K =  6

           1           2           3           4           5           6           7           8           9          10
 11  5.0000E-05                                                                                                            
 10  1.0000E-04                                                                                                            
  9  1.0000E-04                                                                                                            
  8  1.0000E-04                                                                                                            
  7  1.0000E-04                                                                                                            
  6  1.0000E-04                                                                                                            
  5  1.0000E-04                                                                                                            
  4  1.0000E-04                                                                                                            
  3  1.0000E-04                                                                                                            
  2  1.0000E-04                                                                                                            
  1  5.0000E-05                                                                                                            



          11

                                                            K =  7

           1           2           3           4           5           6           7           8           9          10
 11  5.0000E-05                                                                                                            
 10  1.0000E-04                                                                                                            
  9  1.0000E-04                                                                                                            
  8  1.0000E-04                                                                                                            
  7  1.0000E-04                                                                                                            
  6  1.0000E-04                                                                                                            
  5  1.0000E-04                                                                                                            
  4  1.0000E-04                                                                                                            
  3  1.0000E-04                                                                                                            
  2  1.0000E-04                                                                                                            
  1  5.0000E-05                                                                                                            



          11

                                                            K =  8

           1           2           3           4           5           6           7           8           9          10
 11  5.0000E-05                                                                                                            
 10  1.0000E-04                                                                                                            
  9  1.0000E-04                                                                                                            
  8  1.0000E-04                                                                                                            
  7  1.0000E-04                                                                                                            
  6  1.0000E-04                                                                                                            
  5  1.0000E-04                                                                                                            
  4  1.0000E-04                                                                                                            
  3  1.0000E-04                                                                                                            
  2  1.0000E-04                                                                                                            
  1  5.0000E-05                                                                                                            



          11

                                                            K =  9

           1           2           3           4           5           6           7           8           9          10
 11  5.0000E-05                                                                                                            
 10  1.0000E-04                                                                                                            
  9  1.0000E-04                                                                                                            
  8  1.0000E-04                                                                                                            
  7  1.0000E-04                                                                                                            
  6  1.0000E-04                                                                                                            
  5  1.0000E-04                                                                                                            
  4  1.0000E-04                                                                                                            
  3  1.0000E-04                                                                                                            
  2  1.0000E-04                                                                                                            
  1  5.0000E-05                                                                                                            



          11

                                                            K = 10

           1           2           3           4           5           6           7           8           9          10
 11  5.0000E-05                                                                                                            
 10  1.0000E-04                                                                                                            
  9  1.0000E-04                                                                                                            
  8  1.0000E-04                                                                                                            
  7  1.0000E-04                                                                                                            
  6  1.0000E-04                                                                                                            
  5  1.0000E-04                                                                                                            
  4  1.0000E-04                                                                                                            
  3  1.0000E-04                                                                                                            
  2  1.0000E-04                                                                                                            
  1  5.0000E-05                                                                                                            



          11

                                                            K = 11

           1           2           3           4           5           6           7           8           9          10
 11  2.5000E-05                                                                                                            
 10  5.0000E-05                                                                                                            
  9  5.0000E-05                                                                                                            
  8  5.0000E-05                                                                                                            
  7  5.0000E-05                                                                                                            
  6  5.0000E-05                                                                                                            
  5  5.0000E-05                                                                                                            
  4  5.0000E-05                                                                                                            
  3  5.0000E-05                                                                                                            
  2  5.0000E-05                                                                                                            
  1  2.5000E-05                                                                                                            



          11



                              *** Output at End of Steady State Iteration No.     2 ***

     Time .......................................................       0     (s)


                         Specified Head B.C.: Flow Rates (average over time step)
                         (positive is into the region)
                    Fluid   (kg/s)

                    Areal Layers

                                                            K =  3

           1           2           3           4           5           6           7           8           9          10



          11
 11 -1.0826E-05
 10 -1.6307E-05
  9 -8.8423E-06
  8 -1.1165E-05
  7 -1.1798E-05
  6 -1.1929E-05
  5 -1.1798E-05
  4 -1.1165E-05
  3 -8.8423E-06
  2 -1.6307E-05
  1 -1.0826E-05

                                                            K =  4

           1           2           3           4           5           6           7           8           9          10



          11
 11 -2.1819E-05
 10 -3.2618E-05
  9 -1.7516E-05
  8 -2.2089E-05
  7 -2.3329E-05
  6 -2.3587E-05
  5 -2.3329E-05
  4 -2.2089E-05
  3 -1.7516E-05
  2 -3.2618E-05
  1 -2.1819E-05

                                                            K =  5

           1           2           3           4           5           6           7           8           9          10



          11
 11 -2.3545E-05
 10 -3.3581E-05
  9 -1.6717E-05
  8 -2.0959E-05
  7 -2.2090E-05
  6 -2.2323E-05
  5 -2.2090E-05
  4 -2.0959E-05
  3 -1.6717E-05
  2 -3.3581E-05
  1 -2.3545E-05

                                                            K =  6

           1           2           3           4           5           6           7           8           9          10



          11
 11 -3.3853E-05
 10 -4.0985E-05
  9 -1.3671E-05
  8 -1.6819E-05
  7 -1.7620E-05
  6 -1.7782E-05
  5 -1.7620E-05
  4 -1.6819E-05
  3 -1.3671E-05
  2 -4.0985E-05
  1 -3.3853E-05

                                                            K =  7

           1           2           3           4           5           6           7           8           9          10



          11
 11 -8.4026E-05
 10 -1.1854E-04
  9 -6.5581E-05
  8 -6.4426E-05
  7 -6.4564E-05
  6 -6.4640E-05
  5 -6.4564E-05
  4 -6.4426E-05
  3 -6.5581E-05
  2 -1.1854E-04
  1 -8.4026E-05

                                                            K =  8

           1           2           3           4           5           6           7           8           9          10



          11
 11 -1.1346E-04
 10 -2.1383E-04
  9 -1.9217E-04
  8 -1.8749E-04
  7 -1.8645E-04
  6 -1.8625E-04
  5 -1.8645E-04
  4 -1.8749E-04
  3 -1.9217E-04
  2 -2.1383E-04
  1 -1.1346E-04

                                                            K =  9

           1           2           3           4           5           6           7           8           9          10



          11
 11 -1.2481E-04
 10 -2.4671E-04
  9 -2.4154E-04
  8 -2.3927E-04
  7 -2.3841E-04
  6 -2.3819E-04
  5 -2.3841E-04
  4 -2.3927E-04
  3 -2.4154E-04
  2 -2.4671E-04
  1 -1.2481E-04

                                                            K = 10

           1           2           3           4           5           6           7           8           9          10



          11
 11 -1.2866E-04
 10 -2.5650E-04
  9 -2.5487E-04
  8 -2.5373E-04
  7 -2.5312E-04
  6 -2.5293E-04
  5 -2.5312E-04
  4 -2.5373E-04
  3 -2.5487E-04
  2 -2.5650E-04
  1 -1.2866E-04

                                                            K = 11

           1           2           3           4           5           6           7           8           9          10



          11
 11 -6.4778E-05
 10 -1.2933E-04
  9 -1.2884E-04
  8 -1.2841E-04
  7 -1.2815E-04
  6 -1.2806E-04
  5 -1.2815E-04
  4 -1.2841E-04
  3 -1.2884E-04
  2 -1.2933E-04
  1 -6.4777E-05




                         Specified Flux B.C.: Flow Rates (at end of time step)
                         (positive is into the region)
                    Fluid Mass   (kg/s)

                    Areal Layers

                                                            K =  1

           1           2           3           4           5           6           7           8           9          10
 11  2.5000E-05                                                                                                            
 10  5.0000E-05                                                                                                            
  9  5.0000E-05                                                                                                            
  8  5.0000E-05                                                                                                            
  7  5.0000E-05                                                                                                            
  6  5.0000E-05                                                                                                            
  5  5.0000E-05                                                                                                            
  4  5.0000E-05                                                                                                            
  3  5.0000E-05                                                                                                            
  2  5.0000E-05                                                                                                            
  1  2.5000E-05                                                                                                            



          11

                                                            K =  2

           1           2           3           4           5           6           7           8           9          10
 11  5.0000E-05                                                                                                            
 10  1.0000E-04                                                                                                            
  9  1.0000E-04                                                                                                            
  8  1.0000E-04                                                                                                            
  7  1.0000E-04                                                                                                            
  6  1.0000E-04                                                                                                            
  5  1.0000E-04                                                                                                            
  4  1.0000E-04                                                                                                            
  3  1.0000E-04                                                                                                            
  2  1.0000E-04                                                                                                            
  1  5.0000E-05                                                                                                            



          11

                                                            K =  3

           1           2           3           4           5           6           7           8           9          10
 11  5.0000E-05                                                                                                            
 10  1.0000E-04                                                                                                            
  9  1.0000E-04                                                                                                            
  8  1.0000E-04                                                                                                            
  7  1.0000E-04                                                                                                            
  6  1.0000E-04                                                                                                            
  5  1.0000E-04                                                                                                            
  4  1.0000E-04                                                                                                            
  3  1.0000E-04                                                                                                            
  2  1.0000E-04                                                                                                            
  1  5.0000E-05                                                                                                            



          11

                                                            K =  4

           1           2           3           4           5           6           7           8           9          10
 11  5.0000E-05                                                                                                            
 10  1.0000E-04                                                                                                            
  9  1.0000E-04                                                                                                            
  8  1.0000E-04                                                                                                            
  7  1.0000E-04                                                                                                            
  6  1.0000E-04                                                                                                            
  5  1.0000E-04                                                                                                            
  4  1.0000E-04                                                                                                            
  3  1.0000E-04                                                                                                            
  2  1.0000E-04                                                                                                            
  1  5.0000E-05                                                                                                            



          11

                                                            K =  5

           1           2           3           4           5           6           7           8           9          10
 11  5.0000E-05                                                                                                            
 10  1.0000E-04                                                                                                            
  9  1.0000E-04                                                                                                            
  8  1.0000E-04                                                                                                            
  7  1.0000E-04                                                                                                            
  6  1.0000E-04                                                                                                            
  5  1.0000E-04                                                                                                            
  4  1.0000E-04                                                                                                            
  3  1.0000E-04                                                                                                            
  2  1.0000E-04                                                                                                            
  1  5.0000E-05                                                                                                            



          11

                                                            K =  6

           1           2           3           4           5           6           7           8           9          10
 11  5.0000E-05                                                                                                            
 10  1.0000E-04                                                                                                            
  9  1.0000E-04                                                                                                            
  8  1.0000E-04                                                                                                            
  7  1.0000E-04                                                                                                            
  6  1.0000E-04                                                                                                            
  5  1.0000E-04                                                                                                            
  4  1.0000E-04                                                                                                            
  3  1.0000E-04                                                                                                            
  2  1.0000E-04                                                                                                            
  1  5.0000E-05                                                                                                            



          11

                                                            K =  7

           1           2           3           4           5           6           7           8           9          10
 11  5.0000E-05                                                                                                            
 10  1.0000E-04                                                                                                            
  9  1.0000E-04                                                                                                            
  8  1.0000E-04                                                                                                            
  7  1.0000E-04                                                                                                            
  6  1.0000E-04                                                                                                            
  5  1.0000E-04                                                                                                            
  4  1.0000E-04                                                                                                            
  3  1.0000E-04                                                                                                            
  2  1.0000E-04                                                                                                            
  1  5.0000E-05                                                                                                            



          11

                                                            K =  8

           1           2           3           4           5           6           7           8           9          10
 11  5.0000E-05                                                                                                            
 10  1.0000E-04                                                                                                            
  9  1.0000E-04                                                                                                            
  8  1.0000E-04                                                                                                            
  7  1.0000E-04                                                                                                            
  6  1.0000E-04                                                                                                            
  5  1.0000E-04                                                                                                            
  4  1.0000E-04                                                                                                            
  3  1.0000E-04                                                                                                            
  2  1.0000E-04                                                                                                            
  1  5.0000E-05                                                                                                            



          11

                                                            K =  9

           1           2           3           4           5           6           7           8           9          10
 11  5.0000E-05                                                                                                            
 10  1.0000E-04                                                                                                            
  9  1.0000E-04                                                                                                            
  8  1.0000E-04                                                                                                            
  7  1.0000E-04                                                                                                            
  6  1.0000E-04                                                                                                            
  5  1.0000E-04                                                                                                            
  4  1.0000E-04                                                                                                            
  3  1.0000E-04                                                                                                            
  2  1.0000E-04                                                                                                            
  1  5.0000E-05                                                                                                            



          11

                                                            K = 10

           1           2           3           4           5           6           7           8           9          10
 11  5.0000E-05                                                                                                            
 10  1.0000E-04                                                                                                            
  9  1.0000E-04                                                                                                            
  8  1.0000E-04                                                                                                            
  7  1.0000E-04                                                                                                            
  6  1.0000E-04                                                                                                            
  5  1.0000E-04                                                                                                            
  4  1.0000E-04                                                                                                            
  3  1.0000E-04                                                                                                            
  2  1.0000E-04                                                                                                            
  1  5.0000E-05                                                                                                            



          11

                                                            K = 11

           1           2           3           4           5           6           7           8           9          10
 11  2.5000E-05                                                                                                            
 10  5.0000E-05                                                                                                            
  9  5.0000E-05                                                                                                            
  8  5.0000E-05                                                                                                            
  7  5.0000E-05                                                                                                            
  6  5.0000E-05                                                                                                            
  5  5.0000E-05                                                                                                            
  4  5.0000E-05                                                                                                            
  3  5.0000E-05                                                                                                            
  2  5.0000E-05                                                                                                            
  1  2.5000E-05                                                                                                            



          11



                              *** Output at End of Steady State Iteration No.     3 ***

     Time .......................................................       0     (s)


                         Specified Head B.C.: Flow Rates (average over time step)
                         (positive is into the region)
                    Fluid   (kg/s)

                    Areal Layers

                                                            K =  3

           1           2           3           4           5           6           7           8           9          10



          11
 11 -1.0846E-05
 10 -1.6335E-05
  9 -8.8567E-06
  8 -1.1183E-05
  7 -1.1817E-05
  6 -1.1949E-05
  5 -1.1817E-05
  4 -1.1183E-05
  3 -8.8567E-06
  2 -1.6335E-05
  1 -1.0846E-05

                                                            K =  4

           1           2           3           4           5           6           7           8           9          10



          11
 11 -2.1857E-05
 10 -3.2675E-05
  9 -1.7544E-05
  8 -2.2125E-05
  7 -2.3368E-05
  6 -2.3626E-05
  5 -2.3368E-05
  4 -2.2125E-05
  3 -1.7544E-05
  2 -3.2675E-05
  1 -2.1857E-05

                                                            K =  5

           1           2           3           4           5           6           7           8           9          10



          11
 11 -2.3581E-05
 10 -3.3633E-05
  9 -1.6744E-05
  8 -2.0993E-05
  7 -2.2126E-05
  6 -2.2359E-05
  5 -2.2126E-05
  4 -2.0993E-05
  3 -1.6744E-05
  2 -3.3633E-05
  1 -2.3581E-05

                                                            K =  6

           1           2           3           4           5           6           7           8           9          10



          11
 11 -3.3888E-05
 10 -4.1032E-05
  9 -1.3692E-05
  8 -1.6846E-05
  7 -1.7648E-05
  6 -1.7811E-05
  5 -1.7648E-05
  4 -1.6846E-05
  3 -1.3692E-05
  2 -4.1032E-05
  1 -3.3888E-05

                                                            K =  7

           1           2           3           4           5           6           7           8           9          10



          11
 11 -8.4081E-05
 10 -1.1862E-04
  9 -6.5633E-05
  8 -6.4481E-05
  7 -6.4620E-05
  6 -6.4697E-05
  5 -6.4620E-05
  4 -6.4481E-05
  3 -6.5633E-05
  2 -1.1862E-04
  1 -8.4081E-05

                                                            K =  8

           1           2           3           4           5           6           7           8           9          10



          11
 11 -1.1352E-04
 10 -2.1396E-04
  9 -1.9229E-04
  8 -1.8761E-04
  7 -1.8656E-04
  6 -1.8636E-04
  5 -1.8656E-04
  4 -1.8761E-04
  3 -1.9229E-04
  2 -2.1396E-04
  1 -1.1352E-04

                                                            K =  9

           1           2           3           4           5           6           7           8           9          10



          11
 11 -1.2488E-04
 10 -2.4685E-04
  9 -2.4168E-04
  8 -2.3940E-04
  7 -2.3855E-04
  6 -2.3832E-04
  5 -2.3855E-04
  4 -2.3940E-04
  3 -2.4168E-04
  2 -2.4685E-04
  1 -1.2488E-04

                                                            K = 10

           1           2           3           4           5           6           7           8           9          10



          11
 11 -1.2873E-04
 10 -2.5664E-04
  9 -2.5501E-04
  8 -2.5387E-04
  7 -2.5326E-04
  6 -2.5307E-04
  5 -2.5326E-04
  4 -2.5387E-04
  3 -2.5501E-04
  2 -2.5664E-04
  1 -1.2873E-04

                                                            K = 11

           1           2           3           4           5           6           7           8           9          10



          11
 11 -6.4813E-05
 10 -1.2940E-04
  9 -1.2891E-04
  8 -1.2848E-04
  7 -1.2821E-04
  6 -1.2813E-04
  5 -1.2821E-04
  4 -1.2848E-04
  3 -1.2891E-04
  2 -1.2940E-04
  1 -6.4813E-05




                         Specified Flux B.C.: Flow Rates (at end of time step)
                         (positive is into the region)
                    Fluid Mass   (kg/s)

                    Areal Layers

                                                            K =  1

           1           2           3           4           5           6           7           8           9          10
 11  2.5000E-05                                                                                                            
 10  5.0000E-05                                                                                                            
  9  5.0000E-05                                                                                                            
  8  5.0000E-05                                                                                                            
  7  5.0000E-05                                                                                                            
  6  5.0000E-05                                                                                                            
  5  5.0000E-05                                                                                                            
  4  5.0000E-05                                                                                                            
  3  5.0000E-05                                                                                                            
  2  5.0000E-05                                                                                                            
  1  2.5000E-05                                                                                                            



          11

                                                            K =  2

           1           2           3           4           5           6           7           8           9          10
 11  5.0000E-05                                                                                                            
 10  1.0000E-04                                                                                                            
  9  1.0000E-04                                                                                                            
  8  1.0000E-04                                                                                                            
  7  1.0000E-04                                                                                                            
  6  1.0000E-04                                                                                                            
  5  1.0000E-04                                                                                                            
  4  1.0000E-04                                                                                                            
  3  1.0000E-04                                                                                                            
  2  1.0000E-04                                                                                                            
  1  5.0000E-05                                                                                                            



          11

                                                            K =  3

           1           2           3           4           5           6           7           8           9          10
 11  5.0000E-05                                                                                                            
 10  1.0000E-04                                                                                                            
  9  1.0000E-04                                                                                                            
  8  1.0000E-04                                                                                                            
  7  1.0000E-04                                                                                                            
  6  1.0000E-04                                                                                                            
  5  1.0000E-04                                                                                                            
  4  1.0000E-04                                                                                                            
  3  1.0000E-04                                                                                                            
  2  1.0000E-04                                                                                                            
  1  5.0000E-05                                                                                                            



          11

                                                            K =  4

           1           2           3           4           5           6           7           8           9          10
 11  5.0000E-05                                                                                                            
 10  1.0000E-04                                                                                                            
  9  1.0000E-04                                                                                                            
  8  1.0000E-04                                                                                                            
  7  1.0000E-04                                                                                                            
  6  1.0000E-04                                                                                                            
  5  1.0000E-04                                                                                                            
  4  1.0000E-04                                                                                                            
  3  1.0000E-04                                                                                                            
  2  1.0000E-04                                                                                                            
  1  5.0000E-05                                                                                                            



          11

                                                            K =  5

           1           2           3           4           5           6           7           8           9          10
 11  5.0000E-05                                                                                                            
 10  1.0000E-04                                                                                                            
  9  1.0000E-04                                                                                                            
  8  1.0000E-04                                                                                                            
  7  1.0000E-04                                                                                                            
  6  1.0000E-04                                                                                                            
  5  1.0000E-04                                                                                                            
  4  1.0000E-04                                                                                                            
  3  1.0000E-04                                                                                                            
  2  1.0000E-04                                                                                                            
  1  5.0000E-05                                                                                                            



          11

                                                            K =  6

           1           2           3           4           5           6           7           8           9          10
 11  5.0000E-05                                                                                                            
 10  1.0000E-04                                                                                                            
  9  1.0000E-04                                                                                                            
  8  1.0000E-04                                                                                                            
  7  1.0000E-04                                                                                                            
  6  1.0000E-04                                                                                                            
  5  1.0000E-04                                                                                                            
  4  1.0000E-04                                                                                                            
  3  1.0000E-04                                                                                                            
  2  1.0000E-04                                                                                                            
  1  5.0000E-05                                                                                                            



          11

                                                            K =  7

           1           2           3           4           5           6           7           8           9          10
 11  5.0000E-05                                                                                                            
 10  1.0000E-04                                                                                                            
  9  1.0000E-04                                                                                                            
  8  1.0000E-04                                                                                                            
  7  1.0000E-04                                                                                                            
  6  1.0000E-04                                                                                                            
  5  1.0000E-04                                                                                                            
  4  1.0000E-04                                                                                                            
  3  1.0000E-04                                                                                                            
  2  1.0000E-04                                                                                                            
  1  5.0000E-05                                                                                                            



          11

                                                            K =  8

           1           2           3           4           5           6           7           8           9          10
 11  5.0000E-05                                                                                                            
 10  1.0000E-04                                                                                                            
  9  1.0000E-04                                                                                                            
  8  1.0000E-04                                                                                                            
  7  1.0000E-04                                                                                                            
  6  1.0000E-04                                                                                                            
  5  1.0000E-04                                                                                                            
  4  1.0000E-04                                                                                                            
  3  1.0000E-04                                                                                                            
  2  1.0000E-04                                                                                                            
  1  5.0000E-05                                                                                                            



          11

                                                            K =  9

           1           2           3           4           5           6           7           8           9          10
 11  5.0000E-05                                                                                                            
 10  1.0000E-04                                                                                                            
  9  1.0000E-04                                                                                                            
  8  1.0000E-04                                                                                                            
  7  1.0000E-04                                                                                                            
  6  1.0000E-04                                                                                                            
  5  1.0000E-04                                                                                                            
  4  1.0000E-04                                                                                                            
  3  1.0000E-04                                                                                                            
  2  1.0000E-04                                                                                                            
  1  5.0000E-05                                                                                                            



          11

                                                            K = 10

           1           2           3           4           5           6           7           8           9          10
 11  5.0000E-05                                                                                                            
 10  1.0000E-04                                                                                                            
  9  1.0000E-04                                                                                                            
  8  1.0000E-04                                                                                                            
  7  1.0000E-04                                                                                                            
  6  1.0000E-04                                                                                                            
  5  1.0000E-04                                                                                                            
  4  1.0000E-04                                                                                                            
  3  1.0000E-04                                                                                                            
  2  1.0000E-04                                                                                                            
  1  5.0000E-05                                                                                                            



          11

                                                            K = 11

           1           2           3           4           5           6           7           8           9          10
 11  2.5000E-05                                                                                                            
 10  5.0000E-05                                                                                                            
  9  5.0000E-05                                                                                                            
  8  5.0000E-05                                                                                                            
  7  5.0000E-05                                                                                                            
  6  5.0000E-05                                                                                                            
  5  5.0000E-05                                                                                                            
  4  5.0000E-05                                                                                                            
  3  5.0000E-05                                                                                                            
  2  5.0000E-05                                                                                                            
  1  2.5000E-05                                                                                                            



          11




                                       ***** Simulation Completed *****
               Last time value calculated ...................................... 1.0000E+04 (s)
               Last time step index ............................................       1
