

                          .                                                                               
                          .                                                                               


                              X-Direction Node Coordinates    (m)

           1           2           3           4           5           6           7           8           9          10
           0.00        0.10        0.20        0.30        0.40        0.50        0.60        0.70        0.80        0.90



          11          12          13          14          15          16          17          18          19          20
           1.00        1.10        1.20        1.30        1.40        1.50        1.60        1.70        1.80        1.90



          21          22          23          24          25          26          27          28          29          30
           2.00        2.10        2.20        2.30        2.40        2.50        2.60        2.70        2.80        2.90



          31          32          33          34          35          36          37          38          39          40
           3.00        3.10        3.20        3.30        3.40        3.50        3.60        3.70        3.80        3.90



          41          42          43          44          45          46          47          48          49          50
           4.00        4.10        4.20        4.30        4.40        4.50        4.60        4.70        4.80        4.90



          51          52          53          54          55          56          57          58          59          60
           5.00        5.10        5.20        5.30        5.40        5.50        5.60        5.70        5.80        5.90



          61          62          63          64          65          66          67          68          69          70
           6.00        6.10        6.20        6.30        6.40        6.50        6.60        6.70        6.80        6.90



          71          72          73          74          75          76          77          78          79          80
           7.00        7.10        7.20        7.30        7.40        7.50        7.60        7.70        7.80        7.90



          81          82          83          84          85          86          87          88          89          90
           8.00        8.10        8.20        8.30        8.40        8.50        8.60        8.70        8.80        8.90



          91          92          93          94          95          96          97          98          99         100
           9.00        9.10        9.20        9.30        9.40        9.50        9.60        9.70        9.80        9.90



         101
          10.00




                              Y-Direction Node Coordinates   (m)

           1           2
           0.00        1.00




                              Z-Direction Node Coordinates   (m)

           1           2
           0.00        1.00



                              *** Output at End of Steady State Iteration No.     1 ***

     Time .......................................................    0.00      (yr)
     Maximum change in potentiometric head ... -1.0773E-14    (m ) at location (  3.90    ,  0.00    ,  0.00    )(m)

                              Fluid Potentiometric Head (m)

                    Areal Layers

                                                            K =  1

           1           2           3           4           5           6           7           8           9          10
  2      10.000       9.900       9.800       9.700       9.600       9.500       9.400       9.300       9.200       9.100
  1      10.000       9.900       9.800       9.700       9.600       9.500       9.400       9.300       9.200       9.100



          11          12          13          14          15          16          17          18          19          20
  2       9.000       8.900       8.800       8.700       8.600       8.500       8.400       8.300       8.200       8.100
  1       9.000       8.900       8.800       8.700       8.600       8.500       8.400       8.300       8.200       8.100



          21          22          23          24          25          26          27          28          29          30
  2       8.000       7.900       7.800       7.700       7.600       7.500       7.400       7.300       7.200       7.100
  1       8.000       7.900       7.800       7.700       7.600       7.500       7.400       7.300       7.200       7.100



          31          32          33          34          35          36          37          38          39          40
  2       7.000       6.900       6.800       6.700       6.600       6.500       6.400       6.300       6.200       6.100
  1       7.000       6.900       6.800       6.700       6.600       6.500       6.400       6.300       6.200       6.100



          41          42          43          44          45          46          47          48          49          50
  2       6.000       5.900       5.800       5.700       5.600       5.500       5.400       5.300       5.200       5.100
  1       6.000       5.900       5.800       5.700       5.600       5.500       5.400       5.300       5.200       5.100



          51          52          53          54          55          56          57          58          59          60
  2       5.000       4.900       4.800       4.700       4.600       4.500       4.400       4.300       4.200       4.100
  1       5.000       4.900       4.800       4.700       4.600       4.500       4.400       4.300       4.200       4.100



          61          62          63          64          65          66          67          68          69          70
  2       4.000       3.900       3.800       3.700       3.600       3.500       3.400       3.300       3.200       3.100
  1       4.000       3.900       3.800       3.700       3.600       3.500       3.400       3.300       3.200       3.100



          71          72          73          74          75          76          77          78          79          80
  2       3.000       2.900       2.800       2.700       2.600       2.500       2.400       2.300       2.200       2.100
  1       3.000       2.900       2.800       2.700       2.600       2.500       2.400       2.300       2.200       2.100



          81          82          83          84          85          86          87          88          89          90
  2       2.000       1.900       1.800       1.700       1.600       1.500       1.400       1.300       1.200       1.100
  1       2.000       1.900       1.800       1.700       1.600       1.500       1.400       1.300       1.200       1.100



          91          92          93          94          95          96          97          98          99         100
  2       1.000       0.900       0.800       0.700       0.600       0.500       0.400       0.300       0.200       0.100
  1       1.000       0.900       0.800       0.700       0.600       0.500       0.400       0.300       0.200       0.100



         101
  2       0.000
  1       0.000

                                                            K =  2

           1           2           3           4           5           6           7           8           9          10
  2      10.000       9.900       9.800       9.700       9.600       9.500       9.400       9.300       9.200       9.100
  1      10.000       9.900       9.800       9.700       9.600       9.500       9.400       9.300       9.200       9.100



          11          12          13          14          15          16          17          18          19          20
  2       9.000       8.900       8.800       8.700       8.600       8.500       8.400       8.300       8.200       8.100
  1       9.000       8.900       8.800       8.700       8.600       8.500       8.400       8.300       8.200       8.100



          21          22          23          24          25          26          27          28          29          30
  2       8.000       7.900       7.800       7.700       7.600       7.500       7.400       7.300       7.200       7.100
  1       8.000       7.900       7.800       7.700       7.600       7.500       7.400       7.300       7.200       7.100



          31          32          33          34          35          36          37          38          39          40
  2       7.000       6.900       6.800       6.700       6.600       6.500       6.400       6.300       6.200       6.100
  1       7.000       6.900       6.800       6.700       6.600       6.500       6.400       6.300       6.200       6.100



          41          42          43          44          45          46          47          48          49          50
  2       6.000       5.900       5.800       5.700       5.600       5.500       5.400       5.300       5.200       5.100
  1       6.000       5.900       5.800       5.700       5.600       5.500       5.400       5.300       5.200       5.100



          51          52          53          54          55          56          57          58          59          60
  2       5.000       4.900       4.800       4.700       4.600       4.500       4.400       4.300       4.200       4.100
  1       5.000       4.900       4.800       4.700       4.600       4.500       4.400       4.300       4.200       4.100



          61          62          63          64          65          66          67          68          69          70
  2       4.000       3.900       3.800       3.700       3.600       3.500       3.400       3.300       3.200       3.100
  1       4.000       3.900       3.800       3.700       3.600       3.500       3.400       3.300       3.200       3.100



          71          72          73          74          75          76          77          78          79          80
  2       3.000       2.900       2.800       2.700       2.600       2.500       2.400       2.300       2.200       2.100
  1       3.000       2.900       2.800       2.700       2.600       2.500       2.400       2.300       2.200       2.100



          81          82          83          84          85          86          87          88          89          90
  2       2.000       1.900       1.800       1.700       1.600       1.500       1.400       1.300       1.200       1.100
  1       2.000       1.900       1.800       1.700       1.600       1.500       1.400       1.300       1.200       1.100



          91          92          93          94          95          96          97          98          99         100
  2       1.000       0.900       0.800       0.700       0.600       0.500       0.400       0.300       0.200       0.100
  1       1.000       0.900       0.800       0.700       0.600       0.500       0.400       0.300       0.200       0.100



         101
  2       0.000
  1       0.000




                      ***** Flow and Transport Simulation Completed *****
               Last time value calculated ...................................... 0.5000     (yr)
               Last time step index ............................................      50
