

                          .                                                                               
                          .                                                                               


                              X-Direction Node Coordinates    (m)

           1           2           3           4           5           6           7           8           9          10
              0        0.10        0.20        0.30        0.40        0.50        0.60        0.70        0.80        0.90



          11          12          13          14          15          16          17          18          19          20
           1.00        1.10        1.20        1.30        1.40        1.50        1.60        1.70        1.80        1.90



          21          22          23          24          25          26          27          28          29          30
           2.00        2.10        2.20        2.30        2.40        2.50        2.60        2.70        2.80        2.90



          31          32          33          34          35          36          37          38          39          40
           3.00        3.10        3.20        3.30        3.40        3.50        3.60        3.70        3.80        3.90



          41          42          43          44          45          46          47          48          49          50
           4.00        4.10        4.20        4.30        4.40        4.50        4.60        4.70        4.80        4.90



          51          52          53          54          55          56          57          58          59          60
           5.00        5.10        5.20        5.30        5.40        5.50        5.60        5.70        5.80        5.90



          61          62          63          64          65          66          67          68          69          70
           6.00        6.10        6.20        6.30        6.40        6.50        6.60        6.70        6.80        6.90



          71          72          73          74          75          76          77          78          79          80
           7.00        7.10        7.20        7.30        7.40        7.50        7.60        7.70        7.80        7.90



          81          82          83          84          85          86          87          88          89          90
           8.00        8.10        8.20        8.30        8.40        8.50        8.60        8.70        8.80        8.90



          91          92          93          94          95          96          97          98          99         100
           9.00        9.10        9.20        9.30        9.40        9.50        9.60        9.70        9.80        9.90



         101
          10.00




                              Y-Direction Node Coordinates   (m)

           1           2
              0        1.00




                              Z-Direction Node Coordinates   (m)

           1           2
              0        1.00




                              *** Output at End of Time Step No.     0 ***

                         Time .......................................................       0      (yr )

                         X-direction - interstitial pore velocity between X(I) and X(I+1) (m /yr )

                    Areal Layers

                                                            K =  1

           1           2           3           4           5           6           7           8           9          10
  2   10.00       10.00       10.00       10.00       10.00       10.00       10.00       10.00       10.00       10.00    
  1   10.00       10.00       10.00       10.00       10.00       10.00       10.00       10.00       10.00       10.00    



          11          12          13          14          15          16          17          18          19          20
  2   10.00       10.00       10.00       10.00       10.00       10.00       10.00       10.00       10.00       10.00    
  1   10.00       10.00       10.00       10.00       10.00       10.00       10.00       10.00       10.00       10.00    



          21          22          23          24          25          26          27          28          29          30
  2   10.00       10.00       10.00       10.00       10.00       10.00       10.00       10.00       10.00       10.00    
  1   10.00       10.00       10.00       10.00       10.00       10.00       10.00       10.00       10.00       10.00    



          31          32          33          34          35          36          37          38          39          40
  2   10.00       10.00       10.00       10.00       10.00       10.00       10.00       10.00       10.00       10.00    
  1   10.00       10.00       10.00       10.00       10.00       10.00       10.00       10.00       10.00       10.00    



          41          42          43          44          45          46          47          48          49          50
  2   10.00       10.00       10.00       10.00       10.00       10.00       10.00       10.00       10.00       10.00    
  1   10.00       10.00       10.00       10.00       10.00       10.00       10.00       10.00       10.00       10.00    



          51          52          53          54          55          56          57          58          59          60
  2   10.00       10.00       10.00       10.00       10.00       10.00       10.00       10.00       10.00       10.00    
  1   10.00       10.00       10.00       10.00       10.00       10.00       10.00       10.00       10.00       10.00    



          61          62          63          64          65          66          67          68          69          70
  2   10.00       10.00       10.00       10.00       10.00       10.00       10.00       10.00       10.00       10.00    
  1   10.00       10.00       10.00       10.00       10.00       10.00       10.00       10.00       10.00       10.00    



          71          72          73          74          75          76          77          78          79          80
  2   10.00       10.00       10.00       10.00       10.00       10.00       10.00       10.00       10.00       10.00    
  1   10.00       10.00       10.00       10.00       10.00       10.00       10.00       10.00       10.00       10.00    



          81          82          83          84          85          86          87          88          89          90
  2   10.00       10.00       10.00       10.00       10.00       10.00       10.00       10.00       10.00       10.00    
  1   10.00       10.00       10.00       10.00       10.00       10.00       10.00       10.00       10.00       10.00    



          91          92          93          94          95          96          97          98          99         100
  2   10.00       10.00       10.00       10.00       10.00       10.00       10.00       10.00       10.00       10.00    
  1   10.00       10.00       10.00       10.00       10.00       10.00       10.00       10.00       10.00       10.00    

                                                            K =  2

           1           2           3           4           5           6           7           8           9          10
  2   10.00       10.00       10.00       10.00       10.00       10.00       10.00       10.00       10.00       10.00    
  1   10.00       10.00       10.00       10.00       10.00       10.00       10.00       10.00       10.00       10.00    



          11          12          13          14          15          16          17          18          19          20
  2   10.00       10.00       10.00       10.00       10.00       10.00       10.00       10.00       10.00       10.00    
  1   10.00       10.00       10.00       10.00       10.00       10.00       10.00       10.00       10.00       10.00    



          21          22          23          24          25          26          27          28          29          30
  2   10.00       10.00       10.00       10.00       10.00       10.00       10.00       10.00       10.00       10.00    
  1   10.00       10.00       10.00       10.00       10.00       10.00       10.00       10.00       10.00       10.00    



          31          32          33          34          35          36          37          38          39          40
  2   10.00       10.00       10.00       10.00       10.00       10.00       10.00       10.00       10.00       10.00    
  1   10.00       10.00       10.00       10.00       10.00       10.00       10.00       10.00       10.00       10.00    



          41          42          43          44          45          46          47          48          49          50
  2   10.00       10.00       10.00       10.00       10.00       10.00       10.00       10.00       10.00       10.00    
  1   10.00       10.00       10.00       10.00       10.00       10.00       10.00       10.00       10.00       10.00    



          51          52          53          54          55          56          57          58          59          60
  2   10.00       10.00       10.00       10.00       10.00       10.00       10.00       10.00       10.00       10.00    
  1   10.00       10.00       10.00       10.00       10.00       10.00       10.00       10.00       10.00       10.00    



          61          62          63          64          65          66          67          68          69          70
  2   10.00       10.00       10.00       10.00       10.00       10.00       10.00       10.00       10.00       10.00    
  1   10.00       10.00       10.00       10.00       10.00       10.00       10.00       10.00       10.00       10.00    



          71          72          73          74          75          76          77          78          79          80
  2   10.00       10.00       10.00       10.00       10.00       10.00       10.00       10.00       10.00       10.00    
  1   10.00       10.00       10.00       10.00       10.00       10.00       10.00       10.00       10.00       10.00    



          81          82          83          84          85          86          87          88          89          90
  2   10.00       10.00       10.00       10.00       10.00       10.00       10.00       10.00       10.00       10.00    
  1   10.00       10.00       10.00       10.00       10.00       10.00       10.00       10.00       10.00       10.00    



          91          92          93          94          95          96          97          98          99         100
  2   10.00       10.00       10.00       10.00       10.00       10.00       10.00       10.00       10.00       10.00    
  1   10.00       10.00       10.00       10.00       10.00       10.00       10.00       10.00       10.00       10.00    



                         Y-direction - interstitial pore velocity between Y(J) and Y(J+1) (m /yr )

                    Areal Layers

                                                            K =  1

           1           2           3           4           5           6           7           8           9          10
  1       0           0           0           0           0           0           0           0           0           0    



          11          12          13          14          15          16          17          18          19          20
  1       0           0           0           0           0           0           0           0           0           0    



          21          22          23          24          25          26          27          28          29          30
  1       0           0           0           0           0           0           0           0           0           0    



          31          32          33          34          35          36          37          38          39          40
  1       0           0           0           0           0           0           0           0           0           0    



          41          42          43          44          45          46          47          48          49          50
  1       0           0           0           0           0           0           0           0           0           0    



          51          52          53          54          55          56          57          58          59          60
  1       0           0           0           0           0           0           0           0           0           0    



          61          62          63          64          65          66          67          68          69          70
  1       0           0           0           0           0           0           0           0           0           0    



          71          72          73          74          75          76          77          78          79          80
  1       0           0           0           0           0           0           0           0           0           0    



          81          82          83          84          85          86          87          88          89          90
  1       0           0           0           0           0           0           0           0           0           0    



          91          92          93          94          95          96          97          98          99         100
  1       0           0           0           0           0           0           0           0           0           0    



         101
  1       0    

                                                            K =  2

           1           2           3           4           5           6           7           8           9          10
  1       0           0           0           0           0           0           0           0           0           0    



          11          12          13          14          15          16          17          18          19          20
  1       0           0           0           0           0           0           0           0           0           0    



          21          22          23          24          25          26          27          28          29          30
  1       0           0           0           0           0           0           0           0           0           0    



          31          32          33          34          35          36          37          38          39          40
  1       0           0           0           0           0           0           0           0           0           0    



          41          42          43          44          45          46          47          48          49          50
  1       0           0           0           0           0           0           0           0           0           0    



          51          52          53          54          55          56          57          58          59          60
  1       0           0           0           0           0           0           0           0           0           0    



          61          62          63          64          65          66          67          68          69          70
  1       0           0           0           0           0           0           0           0           0           0    



          71          72          73          74          75          76          77          78          79          80
  1       0           0           0           0           0           0           0           0           0           0    



          81          82          83          84          85          86          87          88          89          90
  1       0           0           0           0           0           0           0           0           0           0    



          91          92          93          94          95          96          97          98          99         100
  1 -1.3180E-29       0           0           0           0           0           0           0           0           0    



         101
  1       0    



                         Z-direction - interstitial pore velocity between Z(K) and Z(K+1) (m /yr )

                    Areal Layers

                                                            K =  1

           1           2           3           4           5           6           7           8           9          10
  2 -5.5647E-15 -5.5647E-15 -5.5647E-15 -5.5647E-15  9.2744E-15 -5.5647E-15 -5.5647E-15 -5.5647E-15 -5.5647E-15  9.2744E-15
  1 -5.5647E-15 -5.5647E-15 -5.5647E-15 -5.5647E-15  9.2744E-15 -5.5647E-15 -5.5647E-15 -5.5647E-15 -5.5647E-15  9.2744E-15



          11          12          13          14          15          16          17          18          19          20
  2 -5.5647E-15  9.2744E-15  9.2744E-15 -5.5647E-15  9.2744E-15  9.2744E-15 -5.5647E-15  9.2744E-15 -5.5647E-15 -5.5647E-15
  1 -5.5647E-15  9.2744E-15  9.2744E-15 -5.5647E-15  9.2744E-15  9.2744E-15 -5.5647E-15  9.2744E-15 -5.5647E-15 -5.5647E-15



          21          22          23          24          25          26          27          28          29          30
  2  9.2744E-15 -5.5647E-15  9.2744E-15  9.2744E-15 -5.5647E-15  9.2744E-15  1.8549E-15 -5.5647E-15  9.2744E-15  1.8549E-15
  1  9.2744E-15 -5.5647E-15  9.2744E-15  9.2744E-15 -5.5647E-15  9.2744E-15  1.8549E-15 -5.5647E-15  9.2744E-15  1.8549E-15



          31          32          33          34          35          36          37          38          39          40
  2 -5.5647E-15  1.8549E-15  1.8549E-15  9.2744E-15  1.8549E-15  1.8549E-15  1.8549E-15  1.8549E-15  1.8549E-15 -5.5647E-15
  1 -5.5647E-15  1.8549E-15  1.8549E-15  9.2744E-15  1.8549E-15  1.8549E-15  1.8549E-15  1.8549E-15  1.8549E-15 -5.5647E-15



          41          42          43          44          45          46          47          48          49          50
  2  1.8549E-15  1.8549E-15 -5.5647E-15  1.8549E-15  1.8549E-15 -5.5647E-15  1.8549E-15  1.8549E-15 -5.5647E-15  1.8549E-15
  1  1.8549E-15  1.8549E-15 -5.5647E-15  1.8549E-15  1.8549E-15 -5.5647E-15  1.8549E-15  1.8549E-15 -5.5647E-15  1.8549E-15



          51          52          53          54          55          56          57          58          59          60
  2  1.8549E-15 -5.5647E-15  1.8549E-15  1.8549E-15 -5.5647E-15  1.8549E-15  1.8549E-15  5.5647E-15  1.8549E-15 -1.8549E-15
  1  1.8549E-15 -5.5647E-15  1.8549E-15  1.8549E-15 -5.5647E-15  1.8549E-15  1.8549E-15  5.5647E-15  1.8549E-15 -1.8549E-15



          61          62          63          64          65          66          67          68          69          70
  2  1.8549E-15  1.8549E-15 -1.8549E-15  1.8549E-15  1.8549E-15 -1.8549E-15  1.8549E-15  1.8549E-15  1.8549E-15  1.8549E-15
  1  1.8549E-15  1.8549E-15 -1.8549E-15  1.8549E-15  1.8549E-15 -1.8549E-15  1.8549E-15  1.8549E-15  1.8549E-15  1.8549E-15



          71          72          73          74          75          76          77          78          79          80
  2 -1.8549E-15  1.8549E-15  1.8549E-15 -1.8549E-15       0      1.8549E-15 -1.8549E-15       0           0      1.8549E-15
  1 -1.8549E-15  1.8549E-15  1.8549E-15 -1.8549E-15       0      1.8549E-15 -1.8549E-15       0           0      1.8549E-15



          81          82          83          84          85          86          87          88          89          90
  2 -1.8549E-15       0      1.8549E-15 -1.8549E-15 -1.8549E-15       0           0           0           0           0    
  1 -1.8549E-15       0      1.8549E-15 -1.8549E-15 -1.8549E-15       0           0           0           0           0    



          91          92          93          94          95          96          97          98          99         100
  2       0           0           0           0           0           0           0           0           0      1.8549E-15
  1       0           0           0           0           0           0           0           0           0      1.8549E-15



         101
  2       0    
  1       0    



                         X-direction - interstitial pore velocity at nodes (m /yr )

                    Areal Layers

                                                            K =  1

           1           2           3           4           5           6           7           8           9          10
  2   10.00       10.00       10.00       10.00       10.00       10.00       10.00       10.00       10.00       10.00    
  1   10.00       10.00       10.00       10.00       10.00       10.00       10.00       10.00       10.00       10.00    



          11          12          13          14          15          16          17          18          19          20
  2   10.00       10.00       10.00       10.00       10.00       10.00       10.00       10.00       10.00       10.00    
  1   10.00       10.00       10.00       10.00       10.00       10.00       10.00       10.00       10.00       10.00    



          21          22          23          24          25          26          27          28          29          30
  2   10.00       10.00       10.00       10.00       10.00       10.00       10.00       10.00       10.00       10.00    
  1   10.00       10.00       10.00       10.00       10.00       10.00       10.00       10.00       10.00       10.00    



          31          32          33          34          35          36          37          38          39          40
  2   10.00       10.00       10.00       10.00       10.00       10.00       10.00       10.00       10.00       10.00    
  1   10.00       10.00       10.00       10.00       10.00       10.00       10.00       10.00       10.00       10.00    



          41          42          43          44          45          46          47          48          49          50
  2   10.00       10.00       10.00       10.00       10.00       10.00       10.00       10.00       10.00       10.00    
  1   10.00       10.00       10.00       10.00       10.00       10.00       10.00       10.00       10.00       10.00    



          51          52          53          54          55          56          57          58          59          60
  2   10.00       10.00       10.00       10.00       10.00       10.00       10.00       10.00       10.00       10.00    
  1   10.00       10.00       10.00       10.00       10.00       10.00       10.00       10.00       10.00       10.00    



          61          62          63          64          65          66          67          68          69          70
  2   10.00       10.00       10.00       10.00       10.00       10.00       10.00       10.00       10.00       10.00    
  1   10.00       10.00       10.00       10.00       10.00       10.00       10.00       10.00       10.00       10.00    



          71          72          73          74          75          76          77          78          79          80
  2   10.00       10.00       10.00       10.00       10.00       10.00       10.00       10.00       10.00       10.00    
  1   10.00       10.00       10.00       10.00       10.00       10.00       10.00       10.00       10.00       10.00    



          81          82          83          84          85          86          87          88          89          90
  2   10.00       10.00       10.00       10.00       10.00       10.00       10.00       10.00       10.00       10.00    
  1   10.00       10.00       10.00       10.00       10.00       10.00       10.00       10.00       10.00       10.00    



          91          92          93          94          95          96          97          98          99         100
  2   10.00       10.00       10.00       10.00       10.00       10.00       10.00       10.00       10.00       10.00    
  1   10.00       10.00       10.00       10.00       10.00       10.00       10.00       10.00       10.00       10.00    



         101
  2   10.00    
  1   10.00    

                                                            K =  2

           1           2           3           4           5           6           7           8           9          10
  2   10.00       10.00       10.00       10.00       10.00       10.00       10.00       10.00       10.00       10.00    
  1   10.00       10.00       10.00       10.00       10.00       10.00       10.00       10.00       10.00       10.00    



          11          12          13          14          15          16          17          18          19          20
  2   10.00       10.00       10.00       10.00       10.00       10.00       10.00       10.00       10.00       10.00    
  1   10.00       10.00       10.00       10.00       10.00       10.00       10.00       10.00       10.00       10.00    



          21          22          23          24          25          26          27          28          29          30
  2   10.00       10.00       10.00       10.00       10.00       10.00       10.00       10.00       10.00       10.00    
  1   10.00       10.00       10.00       10.00       10.00       10.00       10.00       10.00       10.00       10.00    



          31          32          33          34          35          36          37          38          39          40
  2   10.00       10.00       10.00       10.00       10.00       10.00       10.00       10.00       10.00       10.00    
  1   10.00       10.00       10.00       10.00       10.00       10.00       10.00       10.00       10.00       10.00    



          41          42          43          44          45          46          47          48          49          50
  2   10.00       10.00       10.00       10.00       10.00       10.00       10.00       10.00       10.00       10.00    
  1   10.00       10.00       10.00       10.00       10.00       10.00       10.00       10.00       10.00       10.00    



          51          52          53          54          55          56          57          58          59          60
  2   10.00       10.00       10.00       10.00       10.00       10.00       10.00       10.00       10.00       10.00    
  1   10.00       10.00       10.00       10.00       10.00       10.00       10.00       10.00       10.00       10.00    



          61          62          63          64          65          66          67          68          69          70
  2   10.00       10.00       10.00       10.00       10.00       10.00       10.00       10.00       10.00       10.00    
  1   10.00       10.00       10.00       10.00       10.00       10.00       10.00       10.00       10.00       10.00    



          71          72          73          74          75          76          77          78          79          80
  2   10.00       10.00       10.00       10.00       10.00       10.00       10.00       10.00       10.00       10.00    
  1   10.00       10.00       10.00       10.00       10.00       10.00       10.00       10.00       10.00       10.00    



          81          82          83          84          85          86          87          88          89          90
  2   10.00       10.00       10.00       10.00       10.00       10.00       10.00       10.00       10.00       10.00    
  1   10.00       10.00       10.00       10.00       10.00       10.00       10.00       10.00       10.00       10.00    



          91          92          93          94          95          96          97          98          99         100
  2   10.00       10.00       10.00       10.00       10.00       10.00       10.00       10.00       10.00       10.00    
  1   10.00       10.00       10.00       10.00       10.00       10.00       10.00       10.00       10.00       10.00    



         101
  2   10.00    
  1   10.00    



                         Y-direction - interstitial pore velocity at nodes (m /yr )

                    Areal Layers

                                                            K =  1

           1           2           3           4           5           6           7           8           9          10
  2       0           0           0           0           0           0           0           0           0           0    
  1       0           0           0           0           0           0           0           0           0           0    



          11          12          13          14          15          16          17          18          19          20
  2       0           0           0           0           0           0           0           0           0           0    
  1       0           0           0           0           0           0           0           0           0           0    



          21          22          23          24          25          26          27          28          29          30
  2       0           0           0           0           0           0           0           0           0           0    
  1       0           0           0           0           0           0           0           0           0           0    



          31          32          33          34          35          36          37          38          39          40
  2       0           0           0           0           0           0           0           0           0           0    
  1       0           0           0           0           0           0           0           0           0           0    



          41          42          43          44          45          46          47          48          49          50
  2       0           0           0           0           0           0           0           0           0           0    
  1       0           0           0           0           0           0           0           0           0           0    



          51          52          53          54          55          56          57          58          59          60
  2       0           0           0           0           0           0           0           0           0           0    
  1       0           0           0           0           0           0           0           0           0           0    



          61          62          63          64          65          66          67          68          69          70
  2       0           0           0           0           0           0           0           0           0           0    
  1       0           0           0           0           0           0           0           0           0           0    



          71          72          73          74          75          76          77          78          79          80
  2       0           0           0           0           0           0           0           0           0           0    
  1       0           0           0           0           0           0           0           0           0           0    



          81          82          83          84          85          86          87          88          89          90
  2       0           0           0           0           0           0           0           0           0           0    
  1       0           0           0           0           0           0           0           0           0           0    



          91          92          93          94          95          96          97          98          99         100
  2       0           0           0           0           0           0           0           0           0           0    
  1       0           0           0           0           0           0           0           0           0           0    



         101
  2       0    
  1       0    

                                                            K =  2

           1           2           3           4           5           6           7           8           9          10
  2       0           0           0           0           0           0           0           0           0           0    
  1       0           0           0           0           0           0           0           0           0           0    



          11          12          13          14          15          16          17          18          19          20
  2       0           0           0           0           0           0           0           0           0           0    
  1       0           0           0           0           0           0           0           0           0           0    



          21          22          23          24          25          26          27          28          29          30
  2       0           0           0           0           0           0           0           0           0           0    
  1       0           0           0           0           0           0           0           0           0           0    



          31          32          33          34          35          36          37          38          39          40
  2       0           0           0           0           0           0           0           0           0           0    
  1       0           0           0           0           0           0           0           0           0           0    



          41          42          43          44          45          46          47          48          49          50
  2       0           0           0           0           0           0           0           0           0           0    
  1       0           0           0           0           0           0           0           0           0           0    



          51          52          53          54          55          56          57          58          59          60
  2       0           0           0           0           0           0           0           0           0           0    
  1       0           0           0           0           0           0           0           0           0           0    



          61          62          63          64          65          66          67          68          69          70
  2       0           0           0           0           0           0           0           0           0           0    
  1       0           0           0           0           0           0           0           0           0           0    



          71          72          73          74          75          76          77          78          79          80
  2       0           0           0           0           0           0           0           0           0           0    
  1       0           0           0           0           0           0           0           0           0           0    



          81          82          83          84          85          86          87          88          89          90
  2       0           0           0           0           0           0           0           0           0           0    
  1       0           0           0           0           0           0           0           0           0           0    



          91          92          93          94          95          96          97          98          99         100
  2       0           0           0           0           0           0           0           0           0           0    
  1       0           0           0           0           0           0           0           0           0           0    



         101
  2       0    
  1       0    



                         Z-direction - interstitial pore velocity at nodes (m /yr )

                    Areal Layers

                                                            K =  1

           1           2           3           4           5           6           7           8           9          10
  2  5.5647E-15       0           0           0           0           0           0           0           0           0    
  1  5.5647E-15       0           0           0           0           0           0           0           0           0    



          11          12          13          14          15          16          17          18          19          20
  2       0           0           0           0           0           0           0           0           0           0    
  1       0           0           0           0           0           0           0           0           0           0    



          21          22          23          24          25          26          27          28          29          30
  2       0           0           0           0           0           0           0           0           0           0    
  1       0           0           0           0           0           0           0           0           0           0    



          31          32          33          34          35          36          37          38          39          40
  2       0           0           0           0           0           0           0           0           0           0    
  1       0           0           0           0           0           0           0           0           0           0    



          41          42          43          44          45          46          47          48          49          50
  2       0           0           0           0           0           0           0           0           0           0    
  1       0           0           0           0           0           0           0           0           0           0    



          51          52          53          54          55          56          57          58          59          60
  2       0           0           0           0           0           0           0           0           0           0    
  1       0           0           0           0           0           0           0           0           0           0    



          61          62          63          64          65          66          67          68          69          70
  2       0           0           0           0           0           0           0           0           0           0    
  1       0           0           0           0           0           0           0           0           0           0    



          71          72          73          74          75          76          77          78          79          80
  2       0           0           0           0           0           0           0           0           0           0    
  1       0           0           0           0           0           0           0           0           0           0    



          81          82          83          84          85          86          87          88          89          90
  2       0           0           0           0           0           0           0           0           0           0    
  1       0           0           0           0           0           0           0           0           0           0    



          91          92          93          94          95          96          97          98          99         100
  2       0           0           0           0           0           0           0           0           0           0    
  1       0           0           0           0           0           0           0           0           0           0    



         101
  2       0    
  1       0    

                                                            K =  2

           1           2           3           4           5           6           7           8           9          10
  2 -5.5647E-15       0           0           0           0           0           0           0           0           0    
  1 -5.5647E-15       0           0           0           0           0           0           0           0           0    



          11          12          13          14          15          16          17          18          19          20
  2       0           0           0           0           0           0           0           0           0           0    
  1       0           0           0           0           0           0           0           0           0           0    



          21          22          23          24          25          26          27          28          29          30
  2       0           0           0           0           0           0           0           0           0           0    
  1       0           0           0           0           0           0           0           0           0           0    



          31          32          33          34          35          36          37          38          39          40
  2       0           0           0           0           0           0           0           0           0           0    
  1       0           0           0           0           0           0           0           0           0           0    



          41          42          43          44          45          46          47          48          49          50
  2       0           0           0           0           0           0           0           0           0           0    
  1       0           0           0           0           0           0           0           0           0           0    



          51          52          53          54          55          56          57          58          59          60
  2       0           0           0           0           0           0           0           0           0           0    
  1       0           0           0           0           0           0           0           0           0           0    



          61          62          63          64          65          66          67          68          69          70
  2       0           0           0           0           0           0           0           0           0           0    
  1       0           0           0           0           0           0           0           0           0           0    



          71          72          73          74          75          76          77          78          79          80
  2       0           0           0           0           0           0           0           0           0           0    
  1       0           0           0           0           0           0           0           0           0           0    



          81          82          83          84          85          86          87          88          89          90
  2       0           0           0           0           0           0           0           0           0           0    
  1       0           0           0           0           0           0           0           0           0           0    



          91          92          93          94          95          96          97          98          99         100
  2       0           0           0           0           0           0           0           0           0           0    
  1       0           0           0           0           0           0           0           0           0           0    



         101
  2       0    
  1       0    




                                       ***** Simulation Completed *****
               Last time value calculated ...................................... 0.5000     (yr)
               Last time step index ............................................      50
