

                          .                                                                               
                          .                                                                               


                              X-Direction Node Coordinates    (m)

           1           2           3           4           5           6           7           8           9          10
           0.00        0.01        0.03        0.05        0.07        0.09        0.11        0.13        0.15        0.17



          11          12          13          14          15          16          17          18          19          20
           0.19        0.21        0.23        0.25        0.27        0.29        0.31        0.33        0.35        0.37



          21          22          23          24          25          26          27          28          29          30
           0.39        0.41        0.43        0.45        0.47        0.49        0.51        0.53        0.55        0.57



          31          32          33          34          35          36          37          38          39          40
           0.59        0.61        0.63        0.65        0.67        0.69        0.71        0.73        0.75        0.77



          41          42          43          44          45          46          47          48          49          50
           0.79        0.81        0.83        0.85        0.87        0.89        0.91        0.93        0.95        0.97



          51          52          53          54          55          56          57          58          59          60
           0.99        1.01        1.03        1.05        1.07        1.09        1.11        1.13        1.15        1.17



          61          62          63          64          65          66          67          68          69          70
           1.19        1.21        1.23        1.25        1.27        1.29        1.31        1.33        1.35        1.37



          71          72          73          74          75          76          77          78          79          80
           1.39        1.41        1.43        1.45        1.47        1.49        1.51        1.53        1.55        1.57



          81          82          83          84          85          86          87          88          89          90
           1.59        1.61        1.63        1.65        1.67        1.69        1.71        1.73        1.75        1.77



          91          92          93          94          95          96          97          98          99         100
           1.79        1.81        1.83        1.85        1.87        1.89        1.91        1.93        1.95        1.97



         101         102         103         104         105         106         107
           1.99        2.01        2.03        2.05        2.07        2.09        2.10




                              Y-Direction Node Coordinates   (m)

           1           2
           0.00        1.00




                              Z-Direction Node Coordinates   (m)

           1           2
           0.00        1.00




                              *** Output at End of Time Step No.     0 ***

                         Time .......................................................    0.00      (s  )

                         X-direction - interstitial pore velocity between X(I) and X(I+1) (m /s  )

                    Areal Layers

                                                            K =  1

           1           2           3           4           5           6           7           8           9          10
  2  2.2000E-02  2.2000E-02  2.2000E-02  2.2000E-02  2.2000E-02  2.2000E-02  2.2000E-02  2.2000E-02  2.2000E-02  2.2000E-02
  1  2.2000E-02  2.2000E-02  2.2000E-02  2.2000E-02  2.2000E-02  2.2000E-02  2.2000E-02  2.2000E-02  2.2000E-02  2.2000E-02



          11          12          13          14          15          16          17          18          19          20
  2  2.2000E-02  2.2000E-02  2.2000E-02  2.2000E-02  2.2000E-02  2.2000E-02  2.2000E-02  2.2000E-02  2.2000E-02  2.2000E-02
  1  2.2000E-02  2.2000E-02  2.2000E-02  2.2000E-02  2.2000E-02  2.2000E-02  2.2000E-02  2.2000E-02  2.2000E-02  2.2000E-02



          21          22          23          24          25          26          27          28          29          30
  2  2.2000E-02  2.2000E-02  2.2000E-02  2.2000E-02  2.2000E-02  2.2000E-02  2.2000E-02  2.2000E-02  2.2000E-02  2.2000E-02
  1  2.2000E-02  2.2000E-02  2.2000E-02  2.2000E-02  2.2000E-02  2.2000E-02  2.2000E-02  2.2000E-02  2.2000E-02  2.2000E-02



          31          32          33          34          35          36          37          38          39          40
  2  2.2000E-02  2.2000E-02  2.2000E-02  2.2000E-02  2.2000E-02  2.2000E-02  2.2000E-02  2.2000E-02  2.2000E-02  2.2000E-02
  1  2.2000E-02  2.2000E-02  2.2000E-02  2.2000E-02  2.2000E-02  2.2000E-02  2.2000E-02  2.2000E-02  2.2000E-02  2.2000E-02



          41          42          43          44          45          46          47          48          49          50
  2  2.2000E-02  2.2000E-02  2.2000E-02  2.2000E-02  2.2000E-02  2.2000E-02  2.2000E-02  2.2000E-02  2.2000E-02  2.2000E-02
  1  2.2000E-02  2.2000E-02  2.2000E-02  2.2000E-02  2.2000E-02  2.2000E-02  2.2000E-02  2.2000E-02  2.2000E-02  2.2000E-02



          51          52          53          54          55          56          57          58          59          60
  2  1.1000E-02  1.1000E-02  1.1000E-02  1.1000E-02  1.1000E-02  1.1000E-02  2.2000E-02  2.2000E-02  2.2000E-02  2.2000E-02
  1  1.1000E-02  1.1000E-02  1.1000E-02  1.1000E-02  1.1000E-02  1.1000E-02  2.2000E-02  2.2000E-02  2.2000E-02  2.2000E-02



          61          62          63          64          65          66          67          68          69          70
  2  2.2000E-02  2.2000E-02  2.2000E-02  2.2000E-02  2.2000E-02  2.2000E-02  2.2000E-02  2.2000E-02  2.2000E-02  2.2000E-02
  1  2.2000E-02  2.2000E-02  2.2000E-02  2.2000E-02  2.2000E-02  2.2000E-02  2.2000E-02  2.2000E-02  2.2000E-02  2.2000E-02



          71          72          73          74          75          76          77          78          79          80
  2  2.2000E-02  2.2000E-02  2.2000E-02  2.2000E-02  2.2000E-02  2.2000E-02  2.2000E-02  2.2000E-02  2.2000E-02  2.2000E-02
  1  2.2000E-02  2.2000E-02  2.2000E-02  2.2000E-02  2.2000E-02  2.2000E-02  2.2000E-02  2.2000E-02  2.2000E-02  2.2000E-02



          81          82          83          84          85          86          87          88          89          90
  2  2.2000E-02  2.2000E-02  2.2000E-02  2.2000E-02  2.2000E-02  2.2000E-02  2.2000E-02  2.2000E-02  2.2000E-02  2.2000E-02
  1  2.2000E-02  2.2000E-02  2.2000E-02  2.2000E-02  2.2000E-02  2.2000E-02  2.2000E-02  2.2000E-02  2.2000E-02  2.2000E-02



          91          92          93          94          95          96          97          98          99         100
  2  2.2000E-02  2.2000E-02  2.2000E-02  2.2000E-02  2.2000E-02  2.2000E-02  2.2000E-02  2.2000E-02  2.2000E-02  2.2000E-02
  1  2.2000E-02  2.2000E-02  2.2000E-02  2.2000E-02  2.2000E-02  2.2000E-02  2.2000E-02  2.2000E-02  2.2000E-02  2.2000E-02



         101         102         103         104         105         106
  2  2.2000E-02  2.2000E-02  2.2000E-02  2.2000E-02  2.2000E-02  2.2000E-02
  1  2.2000E-02  2.2000E-02  2.2000E-02  2.2000E-02  2.2000E-02  2.2000E-02

                                                            K =  2

           1           2           3           4           5           6           7           8           9          10
  2  2.2000E-02  2.2000E-02  2.2000E-02  2.2000E-02  2.2000E-02  2.2000E-02  2.2000E-02  2.2000E-02  2.2000E-02  2.2000E-02
  1  2.2000E-02  2.2000E-02  2.2000E-02  2.2000E-02  2.2000E-02  2.2000E-02  2.2000E-02  2.2000E-02  2.2000E-02  2.2000E-02



          11          12          13          14          15          16          17          18          19          20
  2  2.2000E-02  2.2000E-02  2.2000E-02  2.2000E-02  2.2000E-02  2.2000E-02  2.2000E-02  2.2000E-02  2.2000E-02  2.2000E-02
  1  2.2000E-02  2.2000E-02  2.2000E-02  2.2000E-02  2.2000E-02  2.2000E-02  2.2000E-02  2.2000E-02  2.2000E-02  2.2000E-02



          21          22          23          24          25          26          27          28          29          30
  2  2.2000E-02  2.2000E-02  2.2000E-02  2.2000E-02  2.2000E-02  2.2000E-02  2.2000E-02  2.2000E-02  2.2000E-02  2.2000E-02
  1  2.2000E-02  2.2000E-02  2.2000E-02  2.2000E-02  2.2000E-02  2.2000E-02  2.2000E-02  2.2000E-02  2.2000E-02  2.2000E-02



          31          32          33          34          35          36          37          38          39          40
  2  2.2000E-02  2.2000E-02  2.2000E-02  2.2000E-02  2.2000E-02  2.2000E-02  2.2000E-02  2.2000E-02  2.2000E-02  2.2000E-02
  1  2.2000E-02  2.2000E-02  2.2000E-02  2.2000E-02  2.2000E-02  2.2000E-02  2.2000E-02  2.2000E-02  2.2000E-02  2.2000E-02



          41          42          43          44          45          46          47          48          49          50
  2  2.2000E-02  2.2000E-02  2.2000E-02  2.2000E-02  2.2000E-02  2.2000E-02  2.2000E-02  2.2000E-02  2.2000E-02  2.2000E-02
  1  2.2000E-02  2.2000E-02  2.2000E-02  2.2000E-02  2.2000E-02  2.2000E-02  2.2000E-02  2.2000E-02  2.2000E-02  2.2000E-02



          51          52          53          54          55          56          57          58          59          60
  2  1.1000E-02  1.1000E-02  1.1000E-02  1.1000E-02  1.1000E-02  1.1000E-02  2.2000E-02  2.2000E-02  2.2000E-02  2.2000E-02
  1  1.1000E-02  1.1000E-02  1.1000E-02  1.1000E-02  1.1000E-02  1.1000E-02  2.2000E-02  2.2000E-02  2.2000E-02  2.2000E-02



          61          62          63          64          65          66          67          68          69          70
  2  2.2000E-02  2.2000E-02  2.2000E-02  2.2000E-02  2.2000E-02  2.2000E-02  2.2000E-02  2.2000E-02  2.2000E-02  2.2000E-02
  1  2.2000E-02  2.2000E-02  2.2000E-02  2.2000E-02  2.2000E-02  2.2000E-02  2.2000E-02  2.2000E-02  2.2000E-02  2.2000E-02



          71          72          73          74          75          76          77          78          79          80
  2  2.2000E-02  2.2000E-02  2.2000E-02  2.2000E-02  2.2000E-02  2.2000E-02  2.2000E-02  2.2000E-02  2.2000E-02  2.2000E-02
  1  2.2000E-02  2.2000E-02  2.2000E-02  2.2000E-02  2.2000E-02  2.2000E-02  2.2000E-02  2.2000E-02  2.2000E-02  2.2000E-02



          81          82          83          84          85          86          87          88          89          90
  2  2.2000E-02  2.2000E-02  2.2000E-02  2.2000E-02  2.2000E-02  2.2000E-02  2.2000E-02  2.2000E-02  2.2000E-02  2.2000E-02
  1  2.2000E-02  2.2000E-02  2.2000E-02  2.2000E-02  2.2000E-02  2.2000E-02  2.2000E-02  2.2000E-02  2.2000E-02  2.2000E-02



          91          92          93          94          95          96          97          98          99         100
  2  2.2000E-02  2.2000E-02  2.2000E-02  2.2000E-02  2.2000E-02  2.2000E-02  2.2000E-02  2.2000E-02  2.2000E-02  2.2000E-02
  1  2.2000E-02  2.2000E-02  2.2000E-02  2.2000E-02  2.2000E-02  2.2000E-02  2.2000E-02  2.2000E-02  2.2000E-02  2.2000E-02



         101         102         103         104         105         106
  2  2.2000E-02  2.2000E-02  2.2000E-02  2.2000E-02  2.2000E-02  2.2000E-02
  1  2.2000E-02  2.2000E-02  2.2000E-02  2.2000E-02  2.2000E-02  2.2000E-02



                         Y-direction - interstitial pore velocity between Y(J) and Y(J+1) (m /s  )

                    Areal Layers

                                                            K =  1

           1           2           3           4           5           6           7           8           9          10
  1  2.8491E-15  2.8491E-15  3.3239E-15  2.8491E-15  2.8491E-15  2.8491E-15  3.3239E-15  3.3239E-15  3.3239E-15  2.8491E-15



          11          12          13          14          15          16          17          18          19          20
  1  2.8491E-15  2.8491E-15  2.8491E-15  2.8491E-15  2.3742E-15  2.3742E-15  2.3742E-15  1.8994E-15  1.8994E-15  1.8994E-15



          21          22          23          24          25          26          27          28          29          30
  1  1.8994E-15  1.4245E-15  1.4245E-15  1.4245E-15  9.4968E-16  9.4968E-16  9.4968E-16  9.4968E-16  4.7484E-16   0.000    



          31          32          33          34          35          36          37          38          39          40
  1   0.000       0.000       0.000       0.000       0.000     -4.7484E-16 -9.4968E-16 -9.4968E-16 -9.4968E-16 -1.4245E-15



          41          42          43          44          45          46          47          48          49          50
  1 -1.4245E-15 -1.4245E-15 -1.4245E-15 -1.4245E-15 -1.8994E-15 -1.8994E-15 -1.4245E-15 -1.8994E-15 -1.8994E-15 -1.8994E-15



          51          52          53          54          55          56          57          58          59          60
  1 -4.7532E-16 -1.1871E-18 -1.1871E-18 -1.3058E-18 -1.5432E-18 -1.8994E-18 -1.4804E-15 -4.4368E-15 -4.4516E-15 -4.4591E-15



          61          62          63          64          65          66          67          68          69          70
  1 -4.4739E-15 -4.5036E-15 -4.4813E-15 -4.4813E-15 -4.4739E-15 -4.4739E-15 -4.4962E-15 -4.5258E-15 -4.4739E-15 -4.4368E-15



          71          72          73          74          75          76          77          78          79          80
  1 -4.3997E-15 -4.3775E-15 -4.3552E-15 -4.3478E-15 -4.2662E-15 -4.1994E-15 -4.1252E-15 -4.0584E-15 -4.0065E-15 -3.9620E-15



          81          82          83          84          85          86          87          88          89          90
  1 -3.8507E-15 -3.7468E-15 -3.6355E-15 -3.5316E-15 -3.4352E-15 -3.3536E-15 -3.2126E-15 -3.0716E-15 -2.9158E-15 -2.7897E-15



          91          92          93          94          95          96          97          98          99         100
  1 -2.6561E-15 -2.5300E-15 -2.3594E-15 -2.1887E-15 -2.0181E-15 -1.8474E-15 -1.6916E-15 -1.5358E-15 -1.3503E-15 -1.1648E-15



         101         102         103         104         105         106         107
  1 -9.7936E-16 -8.0130E-16 -6.3065E-16 -4.5258E-16 -2.7452E-16 -8.9033E-17   0.000    

                                                            K =  2

           1           2           3           4           5           6           7           8           9          10
  1  1.4245E-15  1.4245E-15  1.4245E-15  1.4245E-15  1.4245E-15  1.4245E-15  9.4968E-16  1.4245E-15  1.4245E-15  9.4968E-16



          11          12          13          14          15          16          17          18          19          20
  1  9.4968E-16  1.4245E-15  9.4968E-16  1.4245E-15  9.4968E-16  9.4968E-16  4.7484E-16  9.4968E-16  9.4968E-16  4.7484E-16



          21          22          23          24          25          26          27          28          29          30
  1  4.7484E-16  4.7484E-16   0.000       0.000       0.000       0.000       0.000     -4.7484E-16 -9.4968E-16 -9.4968E-16



          31          32          33          34          35          36          37          38          39          40
  1 -9.4968E-16 -1.4245E-15 -9.4968E-16 -1.4245E-15 -1.4245E-15 -1.8994E-15 -1.4245E-15 -1.8994E-15 -1.8994E-15 -1.8994E-15



          41          42          43          44          45          46          47          48          49          50
  1 -2.3742E-15 -2.3742E-15 -2.3742E-15 -2.3742E-15 -2.3742E-15 -2.3742E-15 -2.3742E-15 -2.3742E-15 -2.3742E-15 -2.3742E-15



          51          52          53          54          55          56          57          58          59          60
  1 -7.9220E-16 -1.1871E-18 -1.0684E-18 -1.0684E-18 -1.0090E-18 -9.7936E-19 -6.1395E-16 -1.8437E-15 -1.8178E-15 -1.8289E-15



          61          62          63          64          65          66          67          68          69          70
  1 -1.8437E-15 -1.8511E-15 -1.8252E-15 -1.7992E-15 -1.7473E-15 -1.7510E-15 -1.7584E-15 -1.7473E-15 -1.7065E-15 -1.6657E-15



          71          72          73          74          75          76          77          78          79          80
  1 -1.5970E-15 -1.5878E-15 -1.5803E-15 -1.5562E-15 -1.5080E-15 -1.4579E-15 -1.3837E-15 -1.3670E-15 -1.3466E-15 -1.3188E-15



          81          82          83          84          85          86          87          88          89          90
  1 -1.2650E-15 -1.2131E-15 -1.1370E-15 -1.1148E-15 -1.0907E-15 -1.0573E-15 -1.0053E-15 -9.5154E-16 -8.8106E-16 -8.5138E-16



          91          92          93          94          95          96          97          98          99         100
  1 -8.2170E-16 -7.8275E-16 -7.3081E-16 -6.7795E-16 -6.1303E-16 -5.7408E-16 -5.3420E-16 -4.8783E-16 -4.3311E-16 -3.7839E-16



         101         102         103         104         105         106         107
  1 -3.1579E-16 -2.6223E-16 -2.0890E-16 -1.5071E-16 -9.0540E-17 -3.0112E-17   0.000    



                         Z-direction - interstitial pore velocity between Z(K) and Z(K+1) (m /s  )

                    Areal Layers

                                                            K =  1

           1           2           3           4           5           6           7           8           9          10
  2 -3.7839E-16 -3.7839E-16 -3.7839E-16 -3.7839E-16 -3.7839E-16 -3.7839E-16 -8.5323E-16 -3.7839E-16 -3.7839E-16 -3.7839E-16
  1  1.0461E-15  1.0461E-15  1.5210E-15  1.0461E-15  1.0461E-15  1.0461E-15  1.5210E-15  1.5210E-15  1.5210E-15  1.5210E-15



          11          12          13          14          15          16          17          18          19          20
  2 -8.5323E-16 -3.7839E-16 -8.5323E-16 -3.7839E-16 -3.7839E-16 -3.7839E-16 -8.5323E-16 -3.7839E-16 -3.7839E-16 -8.5323E-16
  1  1.0461E-15  1.0461E-15  1.0461E-15  1.0461E-15  1.0461E-15  1.0461E-15  1.0461E-15  5.7129E-16  5.7129E-16  5.7129E-16



          21          22          23          24          25          26          27          28          29          30
  2 -8.5323E-16 -8.5323E-16 -8.5323E-16 -1.3281E-15 -8.5323E-16 -8.5323E-16 -8.5323E-16 -1.3281E-15 -1.3281E-15 -1.3281E-15
  1  5.7129E-16  9.6452E-17  5.7129E-16  9.6452E-17  9.6452E-17  9.6452E-17  9.6452E-17  9.6452E-17  9.6452E-17 -3.7839E-16



          31          32          33          34          35          36          37          38          39          40
  2 -1.3281E-15 -1.8029E-15 -1.3281E-15 -1.8029E-15 -1.8029E-15 -1.8029E-15 -1.3281E-15 -1.8029E-15 -1.8029E-15 -1.8029E-15
  1 -3.7839E-16 -3.7839E-16 -3.7839E-16 -3.7839E-16 -3.7839E-16 -3.7839E-16 -8.5323E-16 -8.5323E-16 -8.5323E-16 -1.3281E-15



          41          42          43          44          45          46          47          48          49          50
  2 -1.8029E-15 -1.8029E-15 -1.8029E-15 -1.8029E-15 -1.8029E-15 -1.8029E-15 -1.8029E-15 -1.8029E-15 -1.8029E-15 -1.8029E-15
  1 -8.5323E-16 -8.5323E-16 -8.5323E-16 -8.5323E-16 -1.3281E-15 -1.3281E-15 -8.5323E-16 -1.3281E-15 -1.3281E-15 -1.3281E-15



          51          52          53          54          55          56          57          58          59          60
  2 -6.0157E-16 -1.1389E-18 -1.4950E-18 -1.8511E-18 -2.1479E-18 -2.2963E-18 -1.6488E-15 -4.9487E-15 -4.9339E-15 -4.9413E-15
  1 -2.8470E-16 -1.1389E-18 -1.6137E-18 -2.0886E-18 -2.6821E-18 -3.2163E-18 -2.5152E-15 -7.5455E-15 -7.5678E-15 -7.5752E-15



          61          62          63          64          65          66          67          68          69          70
  2 -4.9636E-15 -4.9784E-15 -4.9784E-15 -4.9710E-15 -4.9487E-15 -4.9191E-15 -4.8894E-15 -4.8597E-15 -4.8152E-15 -4.7707E-15
  1 -7.5901E-15 -7.6346E-15 -7.6346E-15 -7.6494E-15 -7.6717E-15 -7.6346E-15 -7.6272E-15 -7.6420E-15 -7.5901E-15 -7.5455E-15



          71          72          73          74          75          76          77          78          79          80
  2 -4.7113E-15 -4.6371E-15 -4.5778E-15 -4.5184E-15 -4.4368E-15 -4.3552E-15 -4.2587E-15 -4.1623E-15 -4.0658E-15 -3.9694E-15
  1 -7.5159E-15 -7.4268E-15 -7.3526E-15 -7.3081E-15 -7.1968E-15 -7.1004E-15 -6.9965E-15 -6.8555E-15 -6.7294E-15 -6.6181E-15



          81          82          83          84          85          86          87          88          89          90
  2 -3.8655E-15 -3.7542E-15 -3.6281E-15 -3.5094E-15 -3.3907E-15 -3.2720E-15 -3.1384E-15 -3.0049E-15 -2.8639E-15 -2.7155E-15
  1 -6.4475E-15 -6.2917E-15 -6.1284E-15 -5.9281E-15 -5.7352E-15 -5.5646E-15 -5.3420E-15 -5.1268E-15 -4.9042E-15 -4.6520E-15



          91          92          93          94          95          96          97          98          99         100
  2 -2.5745E-15 -2.4410E-15 -2.2852E-15 -2.1368E-15 -1.9736E-15 -1.8178E-15 -1.6545E-15 -1.4913E-15 -1.3207E-15 -1.1574E-15
  1 -4.4146E-15 -4.1845E-15 -3.9174E-15 -3.6504E-15 -3.3833E-15 -3.0939E-15 -2.8120E-15 -2.5374E-15 -2.2407E-15 -1.9439E-15



         101         102         103         104         105         106         107
  2 -9.8678E-16 -8.0872E-16 -6.3065E-16 -4.5258E-16 -2.7452E-16 -8.9033E-17   0.000    
  1 -1.6545E-15 -1.3429E-15 -1.0536E-15 -7.5678E-16 -4.5258E-16 -1.4839E-16   0.000    



                         X-direction - interstitial pore velocity at nodes (m /s  )

                    Areal Layers

                                                            K =  1

           1           2           3           4           5           6           7           8           9          10
  2  2.2000E-02  2.2000E-02  2.2000E-02  2.2000E-02  2.2000E-02  2.2000E-02  2.2000E-02  2.2000E-02  2.2000E-02  2.2000E-02
  1  2.2000E-02  2.2000E-02  2.2000E-02  2.2000E-02  2.2000E-02  2.2000E-02  2.2000E-02  2.2000E-02  2.2000E-02  2.2000E-02



          11          12          13          14          15          16          17          18          19          20
  2  2.2000E-02  2.2000E-02  2.2000E-02  2.2000E-02  2.2000E-02  2.2000E-02  2.2000E-02  2.2000E-02  2.2000E-02  2.2000E-02
  1  2.2000E-02  2.2000E-02  2.2000E-02  2.2000E-02  2.2000E-02  2.2000E-02  2.2000E-02  2.2000E-02  2.2000E-02  2.2000E-02



          21          22          23          24          25          26          27          28          29          30
  2  2.2000E-02  2.2000E-02  2.2000E-02  2.2000E-02  2.2000E-02  2.2000E-02  2.2000E-02  2.2000E-02  2.2000E-02  2.2000E-02
  1  2.2000E-02  2.2000E-02  2.2000E-02  2.2000E-02  2.2000E-02  2.2000E-02  2.2000E-02  2.2000E-02  2.2000E-02  2.2000E-02



          31          32          33          34          35          36          37          38          39          40
  2  2.2000E-02  2.2000E-02  2.2000E-02  2.2000E-02  2.2000E-02  2.2000E-02  2.2000E-02  2.2000E-02  2.2000E-02  2.2000E-02
  1  2.2000E-02  2.2000E-02  2.2000E-02  2.2000E-02  2.2000E-02  2.2000E-02  2.2000E-02  2.2000E-02  2.2000E-02  2.2000E-02



          41          42          43          44          45          46          47          48          49          50
  2  2.2000E-02  2.2000E-02  2.2000E-02  2.2000E-02  2.2000E-02  2.2000E-02  2.2000E-02  2.2000E-02  2.2000E-02  2.2000E-02
  1  2.2000E-02  2.2000E-02  2.2000E-02  2.2000E-02  2.2000E-02  2.2000E-02  2.2000E-02  2.2000E-02  2.2000E-02  2.2000E-02



          51          52          53          54          55          56          57          58          59          60
  2  1.6500E-02  1.1000E-02  1.1000E-02  1.1000E-02  1.1000E-02  1.1000E-02  1.6500E-02  2.2000E-02  2.2000E-02  2.2000E-02
  1  1.6500E-02  1.1000E-02  1.1000E-02  1.1000E-02  1.1000E-02  1.1000E-02  1.6500E-02  2.2000E-02  2.2000E-02  2.2000E-02



          61          62          63          64          65          66          67          68          69          70
  2  2.2000E-02  2.2000E-02  2.2000E-02  2.2000E-02  2.2000E-02  2.2000E-02  2.2000E-02  2.2000E-02  2.2000E-02  2.2000E-02
  1  2.2000E-02  2.2000E-02  2.2000E-02  2.2000E-02  2.2000E-02  2.2000E-02  2.2000E-02  2.2000E-02  2.2000E-02  2.2000E-02



          71          72          73          74          75          76          77          78          79          80
  2  2.2000E-02  2.2000E-02  2.2000E-02  2.2000E-02  2.2000E-02  2.2000E-02  2.2000E-02  2.2000E-02  2.2000E-02  2.2000E-02
  1  2.2000E-02  2.2000E-02  2.2000E-02  2.2000E-02  2.2000E-02  2.2000E-02  2.2000E-02  2.2000E-02  2.2000E-02  2.2000E-02



          81          82          83          84          85          86          87          88          89          90
  2  2.2000E-02  2.2000E-02  2.2000E-02  2.2000E-02  2.2000E-02  2.2000E-02  2.2000E-02  2.2000E-02  2.2000E-02  2.2000E-02
  1  2.2000E-02  2.2000E-02  2.2000E-02  2.2000E-02  2.2000E-02  2.2000E-02  2.2000E-02  2.2000E-02  2.2000E-02  2.2000E-02



          91          92          93          94          95          96          97          98          99         100
  2  2.2000E-02  2.2000E-02  2.2000E-02  2.2000E-02  2.2000E-02  2.2000E-02  2.2000E-02  2.2000E-02  2.2000E-02  2.2000E-02
  1  2.2000E-02  2.2000E-02  2.2000E-02  2.2000E-02  2.2000E-02  2.2000E-02  2.2000E-02  2.2000E-02  2.2000E-02  2.2000E-02



         101         102         103         104         105         106         107
  2  2.2000E-02  2.2000E-02  2.2000E-02  2.2000E-02  2.2000E-02  2.2000E-02  2.2000E-02
  1  2.2000E-02  2.2000E-02  2.2000E-02  2.2000E-02  2.2000E-02  2.2000E-02  2.2000E-02

                                                            K =  2

           1           2           3           4           5           6           7           8           9          10
  2  2.2000E-02  2.2000E-02  2.2000E-02  2.2000E-02  2.2000E-02  2.2000E-02  2.2000E-02  2.2000E-02  2.2000E-02  2.2000E-02
  1  2.2000E-02  2.2000E-02  2.2000E-02  2.2000E-02  2.2000E-02  2.2000E-02  2.2000E-02  2.2000E-02  2.2000E-02  2.2000E-02



          11          12          13          14          15          16          17          18          19          20
  2  2.2000E-02  2.2000E-02  2.2000E-02  2.2000E-02  2.2000E-02  2.2000E-02  2.2000E-02  2.2000E-02  2.2000E-02  2.2000E-02
  1  2.2000E-02  2.2000E-02  2.2000E-02  2.2000E-02  2.2000E-02  2.2000E-02  2.2000E-02  2.2000E-02  2.2000E-02  2.2000E-02



          21          22          23          24          25          26          27          28          29          30
  2  2.2000E-02  2.2000E-02  2.2000E-02  2.2000E-02  2.2000E-02  2.2000E-02  2.2000E-02  2.2000E-02  2.2000E-02  2.2000E-02
  1  2.2000E-02  2.2000E-02  2.2000E-02  2.2000E-02  2.2000E-02  2.2000E-02  2.2000E-02  2.2000E-02  2.2000E-02  2.2000E-02



          31          32          33          34          35          36          37          38          39          40
  2  2.2000E-02  2.2000E-02  2.2000E-02  2.2000E-02  2.2000E-02  2.2000E-02  2.2000E-02  2.2000E-02  2.2000E-02  2.2000E-02
  1  2.2000E-02  2.2000E-02  2.2000E-02  2.2000E-02  2.2000E-02  2.2000E-02  2.2000E-02  2.2000E-02  2.2000E-02  2.2000E-02



          41          42          43          44          45          46          47          48          49          50
  2  2.2000E-02  2.2000E-02  2.2000E-02  2.2000E-02  2.2000E-02  2.2000E-02  2.2000E-02  2.2000E-02  2.2000E-02  2.2000E-02
  1  2.2000E-02  2.2000E-02  2.2000E-02  2.2000E-02  2.2000E-02  2.2000E-02  2.2000E-02  2.2000E-02  2.2000E-02  2.2000E-02



          51          52          53          54          55          56          57          58          59          60
  2  1.6500E-02  1.1000E-02  1.1000E-02  1.1000E-02  1.1000E-02  1.1000E-02  1.6500E-02  2.2000E-02  2.2000E-02  2.2000E-02
  1  1.6500E-02  1.1000E-02  1.1000E-02  1.1000E-02  1.1000E-02  1.1000E-02  1.6500E-02  2.2000E-02  2.2000E-02  2.2000E-02



          61          62          63          64          65          66          67          68          69          70
  2  2.2000E-02  2.2000E-02  2.2000E-02  2.2000E-02  2.2000E-02  2.2000E-02  2.2000E-02  2.2000E-02  2.2000E-02  2.2000E-02
  1  2.2000E-02  2.2000E-02  2.2000E-02  2.2000E-02  2.2000E-02  2.2000E-02  2.2000E-02  2.2000E-02  2.2000E-02  2.2000E-02



          71          72          73          74          75          76          77          78          79          80
  2  2.2000E-02  2.2000E-02  2.2000E-02  2.2000E-02  2.2000E-02  2.2000E-02  2.2000E-02  2.2000E-02  2.2000E-02  2.2000E-02
  1  2.2000E-02  2.2000E-02  2.2000E-02  2.2000E-02  2.2000E-02  2.2000E-02  2.2000E-02  2.2000E-02  2.2000E-02  2.2000E-02



          81          82          83          84          85          86          87          88          89          90
  2  2.2000E-02  2.2000E-02  2.2000E-02  2.2000E-02  2.2000E-02  2.2000E-02  2.2000E-02  2.2000E-02  2.2000E-02  2.2000E-02
  1  2.2000E-02  2.2000E-02  2.2000E-02  2.2000E-02  2.2000E-02  2.2000E-02  2.2000E-02  2.2000E-02  2.2000E-02  2.2000E-02



          91          92          93          94          95          96          97          98          99         100
  2  2.2000E-02  2.2000E-02  2.2000E-02  2.2000E-02  2.2000E-02  2.2000E-02  2.2000E-02  2.2000E-02  2.2000E-02  2.2000E-02
  1  2.2000E-02  2.2000E-02  2.2000E-02  2.2000E-02  2.2000E-02  2.2000E-02  2.2000E-02  2.2000E-02  2.2000E-02  2.2000E-02



         101         102         103         104         105         106         107
  2  2.2000E-02  2.2000E-02  2.2000E-02  2.2000E-02  2.2000E-02  2.2000E-02  2.2000E-02
  1  2.2000E-02  2.2000E-02  2.2000E-02  2.2000E-02  2.2000E-02  2.2000E-02  2.2000E-02



                         Y-direction - interstitial pore velocity at nodes (m /s  )

                    Areal Layers

                                                            K =  1

           1           2           3           4           5           6           7           8           9          10
  2   0.000       0.000       0.000       0.000       0.000       0.000       0.000       0.000       0.000       0.000    
  1   0.000       0.000       0.000       0.000       0.000       0.000       0.000       0.000       0.000       0.000    



          11          12          13          14          15          16          17          18          19          20
  2   0.000       0.000       0.000       0.000       0.000       0.000       0.000       0.000       0.000       0.000    
  1   0.000       0.000       0.000       0.000       0.000       0.000       0.000       0.000       0.000       0.000    



          21          22          23          24          25          26          27          28          29          30
  2   0.000       0.000       0.000       0.000       0.000       0.000       0.000       0.000       0.000       0.000    
  1   0.000       0.000       0.000       0.000       0.000       0.000       0.000       0.000       0.000       0.000    



          31          32          33          34          35          36          37          38          39          40
  2   0.000       0.000       0.000       0.000       0.000       0.000       0.000       0.000       0.000       0.000    
  1   0.000       0.000       0.000       0.000       0.000       0.000       0.000       0.000       0.000       0.000    



          41          42          43          44          45          46          47          48          49          50
  2   0.000       0.000       0.000       0.000       0.000       0.000       0.000       0.000       0.000       0.000    
  1   0.000       0.000       0.000       0.000       0.000       0.000       0.000       0.000       0.000       0.000    



          51          52          53          54          55          56          57          58          59          60
  2   0.000       0.000       0.000       0.000       0.000       0.000       0.000       0.000       0.000       0.000    
  1   0.000       0.000       0.000       0.000       0.000       0.000       0.000       0.000       0.000       0.000    



          61          62          63          64          65          66          67          68          69          70
  2   0.000       0.000       0.000       0.000       0.000       0.000       0.000       0.000       0.000       0.000    
  1   0.000       0.000       0.000       0.000       0.000       0.000       0.000       0.000       0.000       0.000    



          71          72          73          74          75          76          77          78          79          80
  2   0.000       0.000       0.000       0.000       0.000       0.000       0.000       0.000       0.000       0.000    
  1   0.000       0.000       0.000       0.000       0.000       0.000       0.000       0.000       0.000       0.000    



          81          82          83          84          85          86          87          88          89          90
  2   0.000       0.000       0.000       0.000       0.000       0.000       0.000       0.000       0.000       0.000    
  1   0.000       0.000       0.000       0.000       0.000       0.000       0.000       0.000       0.000       0.000    



          91          92          93          94          95          96          97          98          99         100
  2   0.000       0.000       0.000       0.000       0.000       0.000       0.000       0.000       0.000       0.000    
  1   0.000       0.000       0.000       0.000       0.000       0.000       0.000       0.000       0.000       0.000    



         101         102         103         104         105         106         107
  2   0.000       0.000       0.000       0.000       0.000       0.000       0.000    
  1   0.000       0.000       0.000       0.000       0.000       0.000       0.000    

                                                            K =  2

           1           2           3           4           5           6           7           8           9          10
  2   0.000       0.000       0.000       0.000       0.000       0.000       0.000       0.000       0.000       0.000    
  1   0.000       0.000       0.000       0.000       0.000       0.000       0.000       0.000       0.000       0.000    



          11          12          13          14          15          16          17          18          19          20
  2   0.000       0.000       0.000       0.000       0.000       0.000       0.000       0.000       0.000       0.000    
  1   0.000       0.000       0.000       0.000       0.000       0.000       0.000       0.000       0.000       0.000    



          21          22          23          24          25          26          27          28          29          30
  2   0.000       0.000       0.000       0.000       0.000       0.000       0.000       0.000       0.000       0.000    
  1   0.000       0.000       0.000       0.000       0.000       0.000       0.000       0.000       0.000       0.000    



          31          32          33          34          35          36          37          38          39          40
  2   0.000       0.000       0.000       0.000       0.000       0.000       0.000       0.000       0.000       0.000    
  1   0.000       0.000       0.000       0.000       0.000       0.000       0.000       0.000       0.000       0.000    



          41          42          43          44          45          46          47          48          49          50
  2   0.000       0.000       0.000       0.000       0.000       0.000       0.000       0.000       0.000       0.000    
  1   0.000       0.000       0.000       0.000       0.000       0.000       0.000       0.000       0.000       0.000    



          51          52          53          54          55          56          57          58          59          60
  2   0.000       0.000       0.000       0.000       0.000       0.000       0.000       0.000       0.000       0.000    
  1   0.000       0.000       0.000       0.000       0.000       0.000       0.000       0.000       0.000       0.000    



          61          62          63          64          65          66          67          68          69          70
  2   0.000       0.000       0.000       0.000       0.000       0.000       0.000       0.000       0.000       0.000    
  1   0.000       0.000       0.000       0.000       0.000       0.000       0.000       0.000       0.000       0.000    



          71          72          73          74          75          76          77          78          79          80
  2   0.000       0.000       0.000       0.000       0.000       0.000       0.000       0.000       0.000       0.000    
  1   0.000       0.000       0.000       0.000       0.000       0.000       0.000       0.000       0.000       0.000    



          81          82          83          84          85          86          87          88          89          90
  2   0.000       0.000       0.000       0.000       0.000       0.000       0.000       0.000       0.000       0.000    
  1   0.000       0.000       0.000       0.000       0.000       0.000       0.000       0.000       0.000       0.000    



          91          92          93          94          95          96          97          98          99         100
  2   0.000       0.000       0.000       0.000       0.000       0.000       0.000       0.000       0.000       0.000    
  1   0.000       0.000       0.000       0.000       0.000       0.000       0.000       0.000       0.000       0.000    



         101         102         103         104         105         106         107
  2   0.000       0.000       0.000       0.000       0.000       0.000       0.000    
  1   0.000       0.000       0.000       0.000       0.000       0.000       0.000    



                         Z-direction - interstitial pore velocity at nodes (m /s  )

                    Areal Layers

                                                            K =  1

           1           2           3           4           5           6           7           8           9          10
  2   0.000       0.000       0.000       0.000       0.000       0.000       0.000       0.000       0.000       0.000    
  1   0.000       0.000       0.000       0.000       0.000       0.000       0.000       0.000       0.000       0.000    



          11          12          13          14          15          16          17          18          19          20
  2   0.000       0.000       0.000       0.000       0.000       0.000       0.000       0.000       0.000       0.000    
  1   0.000       0.000       0.000       0.000       0.000       0.000       0.000       0.000       0.000       0.000    



          21          22          23          24          25          26          27          28          29          30
  2   0.000       0.000       0.000       0.000       0.000       0.000       0.000       0.000       0.000       0.000    
  1   0.000       0.000       0.000       0.000       0.000       0.000       0.000       0.000       0.000       0.000    



          31          32          33          34          35          36          37          38          39          40
  2   0.000       0.000       0.000       0.000       0.000       0.000       0.000       0.000       0.000       0.000    
  1   0.000       0.000       0.000       0.000       0.000       0.000       0.000       0.000       0.000       0.000    



          41          42          43          44          45          46          47          48          49          50
  2   0.000       0.000       0.000       0.000       0.000       0.000       0.000       0.000       0.000       0.000    
  1   0.000       0.000       0.000       0.000       0.000       0.000       0.000       0.000       0.000       0.000    



          51          52          53          54          55          56          57          58          59          60
  2   0.000       0.000       0.000       0.000       0.000       0.000       0.000       0.000       0.000       0.000    
  1   0.000       0.000       0.000       0.000       0.000       0.000       0.000       0.000       0.000       0.000    



          61          62          63          64          65          66          67          68          69          70
  2   0.000       0.000       0.000       0.000       0.000       0.000       0.000       0.000       0.000       0.000    
  1   0.000       0.000       0.000       0.000       0.000       0.000       0.000       0.000       0.000       0.000    



          71          72          73          74          75          76          77          78          79          80
  2   0.000       0.000       0.000       0.000       0.000       0.000       0.000       0.000       0.000       0.000    
  1   0.000       0.000       0.000       0.000       0.000       0.000       0.000       0.000       0.000       0.000    



          81          82          83          84          85          86          87          88          89          90
  2   0.000       0.000       0.000       0.000       0.000       0.000       0.000       0.000       0.000       0.000    
  1   0.000       0.000       0.000       0.000       0.000       0.000       0.000       0.000       0.000       0.000    



          91          92          93          94          95          96          97          98          99         100
  2   0.000       0.000       0.000       0.000       0.000       0.000       0.000       0.000       0.000       0.000    
  1   0.000       0.000       0.000       0.000       0.000       0.000       0.000       0.000       0.000       0.000    



         101         102         103         104         105         106         107
  2   0.000       0.000       0.000       0.000       0.000       0.000       0.000    
  1   0.000       0.000       0.000       0.000       0.000       0.000       0.000    

                                                            K =  2

           1           2           3           4           5           6           7           8           9          10
  2   0.000       0.000       0.000       0.000       0.000       0.000       0.000       0.000       0.000       0.000    
  1   0.000       0.000       0.000       0.000       0.000       0.000       0.000       0.000       0.000       0.000    



          11          12          13          14          15          16          17          18          19          20
  2   0.000       0.000       0.000       0.000       0.000       0.000       0.000       0.000       0.000       0.000    
  1   0.000       0.000       0.000       0.000       0.000       0.000       0.000       0.000       0.000       0.000    



          21          22          23          24          25          26          27          28          29          30
  2   0.000       0.000       0.000       0.000       0.000       0.000       0.000       0.000       0.000       0.000    
  1   0.000       0.000       0.000       0.000       0.000       0.000       0.000       0.000       0.000       0.000    



          31          32          33          34          35          36          37          38          39          40
  2   0.000       0.000       0.000       0.000       0.000       0.000       0.000       0.000       0.000       0.000    
  1   0.000       0.000       0.000       0.000       0.000       0.000       0.000       0.000       0.000       0.000    



          41          42          43          44          45          46          47          48          49          50
  2   0.000       0.000       0.000       0.000       0.000       0.000       0.000       0.000       0.000       0.000    
  1   0.000       0.000       0.000       0.000       0.000       0.000       0.000       0.000       0.000       0.000    



          51          52          53          54          55          56          57          58          59          60
  2   0.000       0.000       0.000       0.000       0.000       0.000       0.000       0.000       0.000       0.000    
  1   0.000       0.000       0.000       0.000       0.000       0.000       0.000       0.000       0.000       0.000    



          61          62          63          64          65          66          67          68          69          70
  2   0.000       0.000       0.000       0.000       0.000       0.000       0.000       0.000       0.000       0.000    
  1   0.000       0.000       0.000       0.000       0.000       0.000       0.000       0.000       0.000       0.000    



          71          72          73          74          75          76          77          78          79          80
  2   0.000       0.000       0.000       0.000       0.000       0.000       0.000       0.000       0.000       0.000    
  1   0.000       0.000       0.000       0.000       0.000       0.000       0.000       0.000       0.000       0.000    



          81          82          83          84          85          86          87          88          89          90
  2   0.000       0.000       0.000       0.000       0.000       0.000       0.000       0.000       0.000       0.000    
  1   0.000       0.000       0.000       0.000       0.000       0.000       0.000       0.000       0.000       0.000    



          91          92          93          94          95          96          97          98          99         100
  2   0.000       0.000       0.000       0.000       0.000       0.000       0.000       0.000       0.000       0.000    
  1   0.000       0.000       0.000       0.000       0.000       0.000       0.000       0.000       0.000       0.000    



         101         102         103         104         105         106         107
  2   0.000       0.000       0.000       0.000       0.000       0.000       0.000    
  1   0.000       0.000       0.000       0.000       0.000       0.000       0.000    




                      ***** Flow and Transport Simulation Completed *****
               Last time value calculated ......................................  6000.     (s)
               Last time step index ............................................    3000
