

                          .        One dimensional unconfined flow with recharge                          
                          .        Bear, parabolic analytical solution                                    


                              X-Direction Node Coordinates    (m)

           1           2           3           4           5
           0.00      100.00      200.00      300.00      400.00




                              Y-Direction Node Coordinates   (m)

           1           2           3           4           5
           0.00      100.00      200.00      300.00      400.00




                              Z-Direction Node Coordinates   (m)

           1           2
           0.00      275.00




                                        *** Initial Conditions ***

                              Initial Fluid Head  (m) 


                    Areal Layers

                                                            K =  1

           1           2           3           4           5
  5     200.000     200.000     200.000     200.000     200.000
  4     200.000     200.000     200.000     200.000     200.000
  3     200.000     200.000     200.000     200.000     200.000
  2     200.000     200.000     200.000     200.000     200.000
  1     200.000     200.000     200.000     200.000     200.000

                                                            K =  2

           1           2           3           4           5
  5     200.000     200.000     200.000     200.000     200.000
  4     200.000     200.000     200.000     200.000     200.000
  3     200.000     200.000     200.000     200.000     200.000
  2     200.000     200.000     200.000     200.000     200.000
  1     200.000     200.000     200.000     200.000     200.000



                              Fraction of Cell That Is Saturated (-)

                    Areal Layers

                                                            K =  1

           1           2           3           4           5
  5       1.000       1.000       1.000       1.000       1.000
  4       1.000       1.000       1.000       1.000       1.000
  3       1.000       1.000       1.000       1.000       1.000
  2       1.000       1.000       1.000       1.000       1.000
  1       1.000       1.000       1.000       1.000       1.000

                                                            K =  2

           1           2           3           4           5
  5       0.455       0.455       0.455       0.455       0.455
  4       0.455       0.455       0.455       0.455       0.455
  3       0.455       0.455       0.455       0.455       0.455
  2       0.455       0.455       0.455       0.455       0.455
  1       0.455       0.455       0.455       0.455       0.455



                              *** Output at End of Time Step No.     4 ***

     Time .......................................................   1.728E+05  (s)
     Maximum change in potentiometric head ... -1.3877E-02      (m )   at location (  0.00    ,  200.    ,  275.    )(m )

                              Fluid Potentiometric Head (m)

                    Areal Layers

                                                            K =  1

           1           2           3           4           5
  5     150.000     150.000     150.000     150.000     150.000
  4     238.474     238.474     238.474     238.474     238.474
  3     266.914     266.914     266.914     266.914     266.914
  2     256.163     256.163     256.163     256.163     256.163
  1     200.000     200.000     200.000     200.000     200.000

                                                            K =  2

           1           2           3           4           5
  5     150.000     150.000     150.000     150.000     150.000
  4     238.476     238.476     238.476     238.476     238.476
  3     266.915     266.915     266.915     266.915     266.915
  2     256.165     256.165     256.165     256.165     256.165
  1     200.000     200.000     200.000     200.000     200.000



                              Fraction of cell that is saturated  (-)

                    Areal Layers

                                                            K =  2

           1           2           3           4           5
  5      0.0909      0.0909      0.0909      0.0909      0.0909
  4      0.7344      0.7344      0.7344      0.7344      0.7344
  3      0.9412      0.9412      0.9412      0.9412      0.9412
  2      0.8630      0.8630      0.8630      0.8630      0.8630
  1      0.4545      0.4545      0.4545      0.4545      0.4545




                      ***** Flow and Transport Simulation Completed *****
               Last time value calculated ...................................... 1.7280E+05 (s)
               Last time step index ............................................       4
