

                          .        Kindred and Celia, WRR, 1989, v. 25, p. 1154                           
                          .        Problem 4.1. Aerobic Biodegradation                                    


                              X-Direction Node Coordinates    (m)

           1           2           3           4           5           6           7           8           9          10
           0.00        0.50        1.00        1.50        2.00        2.50        3.00        3.50        4.00        4.50



          11          12          13          14          15          16          17          18          19          20
           5.00        5.50        6.00        6.50        7.00        7.50        8.00        8.50        9.00        9.50



          21          22          23          24          25          26          27          28          29          30
          10.00       10.50       11.00       11.50       12.00       12.50       13.00       13.50       14.00       14.50



          31          32          33          34          35          36          37          38          39          40
          15.00       15.50       16.00       16.50       17.00       17.50       18.00       18.50       19.00       19.50



          41          42          43          44          45          46          47          48          49          50
          20.00       20.50       21.00       21.50       22.00       22.50       23.00       23.50       24.00       24.50



          51          52          53          54          55          56          57          58          59          60
          25.00       25.50       26.00       26.50       27.00       27.50       28.00       28.50       29.00       29.50



          61          62          63          64          65          66          67          68          69          70
          30.00       30.50       31.00       31.50       32.00       32.50       33.00       33.50       34.00       34.50



          71          72          73          74          75          76          77          78          79          80
          35.00       35.50       36.00       36.50       37.00       37.50       38.00       38.50       39.00       39.50



          81          82          83          84          85          86          87          88          89          90
          40.00       40.50       41.00       41.50       42.00       42.50       43.00       43.50       44.00       44.50



          91          92          93          94          95          96          97          98          99         100
          45.00       45.50       46.00       46.50       47.00       47.50       48.00       48.50       49.00       49.50



         101
          50.00




                              Y-Direction Node Coordinates   (m)

           1           2
           0.00        1.00




                              Z-Direction Node Coordinates   (m)

           1           2
           0.00        1.00




                                        *** Initial Conditions ***

                              Initial Fluid Head  (m) 


                    Vertical Slices

                                                            J =  1

           1           2           3           4           5           6           7           8           9          10
  2       2.199       2.177       2.155       2.133       2.111       2.089       2.067       2.045       2.023       2.001
  1       2.199       2.177       2.155       2.133       2.111       2.089       2.067       2.045       2.023       2.001



          11          12          13          14          15          16          17          18          19          20
  2       1.979       1.957       1.935       1.913       1.891       1.869       1.847       1.825       1.803       1.781
  1       1.979       1.957       1.935       1.913       1.891       1.869       1.847       1.825       1.803       1.781



          21          22          23          24          25          26          27          28          29          30
  2       1.759       1.737       1.715       1.693       1.671       1.649       1.627       1.605       1.583       1.561
  1       1.759       1.737       1.715       1.693       1.671       1.649       1.627       1.605       1.583       1.561



          31          32          33          34          35          36          37          38          39          40
  2       1.539       1.517       1.495       1.473       1.451       1.429       1.407       1.385       1.363       1.341
  1       1.539       1.517       1.495       1.473       1.451       1.429       1.407       1.385       1.363       1.341



          41          42          43          44          45          46          47          48          49          50
  2       1.319       1.297       1.275       1.253       1.231       1.209       1.187       1.166       1.144       1.122
  1       1.319       1.297       1.275       1.253       1.231       1.209       1.187       1.166       1.144       1.122



          51          52          53          54          55          56          57          58          59          60
  2       1.100       1.078       1.056       1.034       1.012       0.990       0.968       0.946       0.924       0.902
  1       1.100       1.078       1.056       1.034       1.012       0.990       0.968       0.946       0.924       0.902



          61          62          63          64          65          66          67          68          69          70
  2       0.880       0.858       0.836       0.814       0.792       0.770       0.748       0.726       0.704       0.682
  1       0.880       0.858       0.836       0.814       0.792       0.770       0.748       0.726       0.704       0.682



          71          72          73          74          75          76          77          78          79          80
  2       0.660       0.638       0.616       0.594       0.572       0.550       0.528       0.506       0.484       0.462
  1       0.660       0.638       0.616       0.594       0.572       0.550       0.528       0.506       0.484       0.462



          81          82          83          84          85          86          87          88          89          90
  2       0.440       0.418       0.396       0.374       0.352       0.330       0.308       0.286       0.264       0.242
  1       0.440       0.418       0.396       0.374       0.352       0.330       0.308       0.286       0.264       0.242



          91          92          93          94          95          96          97          98          99         100
  2       0.220       0.198       0.176       0.154       0.132       0.110       0.088       0.066       0.044       0.022
  1       0.220       0.198       0.176       0.154       0.132       0.110       0.088       0.066       0.044       0.022



         101
  2       0.000
  1       0.000

                                                            J =  2

           1           2           3           4           5           6           7           8           9          10
  2       2.199       2.177       2.155       2.133       2.111       2.089       2.067       2.045       2.023       2.001
  1       2.199       2.177       2.155       2.133       2.111       2.089       2.067       2.045       2.023       2.001



          11          12          13          14          15          16          17          18          19          20
  2       1.979       1.957       1.935       1.913       1.891       1.869       1.847       1.825       1.803       1.781
  1       1.979       1.957       1.935       1.913       1.891       1.869       1.847       1.825       1.803       1.781



          21          22          23          24          25          26          27          28          29          30
  2       1.759       1.737       1.715       1.693       1.671       1.649       1.627       1.605       1.583       1.561
  1       1.759       1.737       1.715       1.693       1.671       1.649       1.627       1.605       1.583       1.561



          31          32          33          34          35          36          37          38          39          40
  2       1.539       1.517       1.495       1.473       1.451       1.429       1.407       1.385       1.363       1.341
  1       1.539       1.517       1.495       1.473       1.451       1.429       1.407       1.385       1.363       1.341



          41          42          43          44          45          46          47          48          49          50
  2       1.319       1.297       1.275       1.253       1.231       1.209       1.187       1.166       1.144       1.122
  1       1.319       1.297       1.275       1.253       1.231       1.209       1.187       1.166       1.144       1.122



          51          52          53          54          55          56          57          58          59          60
  2       1.100       1.078       1.056       1.034       1.012       0.990       0.968       0.946       0.924       0.902
  1       1.100       1.078       1.056       1.034       1.012       0.990       0.968       0.946       0.924       0.902



          61          62          63          64          65          66          67          68          69          70
  2       0.880       0.858       0.836       0.814       0.792       0.770       0.748       0.726       0.704       0.682
  1       0.880       0.858       0.836       0.814       0.792       0.770       0.748       0.726       0.704       0.682



          71          72          73          74          75          76          77          78          79          80
  2       0.660       0.638       0.616       0.594       0.572       0.550       0.528       0.506       0.484       0.462
  1       0.660       0.638       0.616       0.594       0.572       0.550       0.528       0.506       0.484       0.462



          81          82          83          84          85          86          87          88          89          90
  2       0.440       0.418       0.396       0.374       0.352       0.330       0.308       0.286       0.264       0.242
  1       0.440       0.418       0.396       0.374       0.352       0.330       0.308       0.286       0.264       0.242



          91          92          93          94          95          96          97          98          99         100
  2       0.220       0.198       0.176       0.154       0.132       0.110       0.088       0.066       0.044       0.022
  1       0.220       0.198       0.176       0.154       0.132       0.110       0.088       0.066       0.044       0.022



         101
  2       0.000
  1       0.000



                              *** Output at End of Time Step No.   185 ***

     Time .......................................................    37.0      (d)
     Maximum change in potentiometric head ... -1.1099E-12      (m )   at location (  17.5    ,  0.00    ,  0.00    )(m )

                              Fluid Potentiometric Head (m)

                    Vertical Slices

                                                            J =  1

           1           2           3           4           5           6           7           8           9          10
  2       2.199       2.177       2.155       2.133       2.111       2.089       2.067       2.045       2.023       2.001
  1       2.199       2.177       2.155       2.133       2.111       2.089       2.067       2.045       2.023       2.001



          11          12          13          14          15          16          17          18          19          20
  2       1.979       1.957       1.935       1.913       1.891       1.869       1.847       1.825       1.803       1.781
  1       1.979       1.957       1.935       1.913       1.891       1.869       1.847       1.825       1.803       1.781



          21          22          23          24          25          26          27          28          29          30
  2       1.759       1.737       1.715       1.693       1.671       1.649       1.627       1.605       1.583       1.561
  1       1.759       1.737       1.715       1.693       1.671       1.649       1.627       1.605       1.583       1.561



          31          32          33          34          35          36          37          38          39          40
  2       1.539       1.517       1.495       1.473       1.451       1.429       1.407       1.385       1.363       1.341
  1       1.539       1.517       1.495       1.473       1.451       1.429       1.407       1.385       1.363       1.341



          41          42          43          44          45          46          47          48          49          50
  2       1.319       1.297       1.275       1.253       1.231       1.209       1.187       1.166       1.144       1.122
  1       1.319       1.297       1.275       1.253       1.231       1.209       1.187       1.166       1.144       1.122



          51          52          53          54          55          56          57          58          59          60
  2       1.100       1.078       1.056       1.034       1.012       0.990       0.968       0.946       0.924       0.902
  1       1.100       1.078       1.056       1.034       1.012       0.990       0.968       0.946       0.924       0.902



          61          62          63          64          65          66          67          68          69          70
  2       0.880       0.858       0.836       0.814       0.792       0.770       0.748       0.726       0.704       0.682
  1       0.880       0.858       0.836       0.814       0.792       0.770       0.748       0.726       0.704       0.682



          71          72          73          74          75          76          77          78          79          80
  2       0.660       0.638       0.616       0.594       0.572       0.550       0.528       0.506       0.484       0.462
  1       0.660       0.638       0.616       0.594       0.572       0.550       0.528       0.506       0.484       0.462



          81          82          83          84          85          86          87          88          89          90
  2       0.440       0.418       0.396       0.374       0.352       0.330       0.308       0.286       0.264       0.242
  1       0.440       0.418       0.396       0.374       0.352       0.330       0.308       0.286       0.264       0.242



          91          92          93          94          95          96          97          98          99         100
  2       0.220       0.198       0.176       0.154       0.132       0.110       0.088       0.066       0.044       0.022
  1       0.220       0.198       0.176       0.154       0.132       0.110       0.088       0.066       0.044       0.022



         101
  2       0.000
  1       0.000

                                                            J =  2

           1           2           3           4           5           6           7           8           9          10
  2       2.199       2.177       2.155       2.133       2.111       2.089       2.067       2.045       2.023       2.001
  1       2.199       2.177       2.155       2.133       2.111       2.089       2.067       2.045       2.023       2.001



          11          12          13          14          15          16          17          18          19          20
  2       1.979       1.957       1.935       1.913       1.891       1.869       1.847       1.825       1.803       1.781
  1       1.979       1.957       1.935       1.913       1.891       1.869       1.847       1.825       1.803       1.781



          21          22          23          24          25          26          27          28          29          30
  2       1.759       1.737       1.715       1.693       1.671       1.649       1.627       1.605       1.583       1.561
  1       1.759       1.737       1.715       1.693       1.671       1.649       1.627       1.605       1.583       1.561



          31          32          33          34          35          36          37          38          39          40
  2       1.539       1.517       1.495       1.473       1.451       1.429       1.407       1.385       1.363       1.341
  1       1.539       1.517       1.495       1.473       1.451       1.429       1.407       1.385       1.363       1.341



          41          42          43          44          45          46          47          48          49          50
  2       1.319       1.297       1.275       1.253       1.231       1.209       1.187       1.166       1.144       1.122
  1       1.319       1.297       1.275       1.253       1.231       1.209       1.187       1.166       1.144       1.122



          51          52          53          54          55          56          57          58          59          60
  2       1.100       1.078       1.056       1.034       1.012       0.990       0.968       0.946       0.924       0.902
  1       1.100       1.078       1.056       1.034       1.012       0.990       0.968       0.946       0.924       0.902



          61          62          63          64          65          66          67          68          69          70
  2       0.880       0.858       0.836       0.814       0.792       0.770       0.748       0.726       0.704       0.682
  1       0.880       0.858       0.836       0.814       0.792       0.770       0.748       0.726       0.704       0.682



          71          72          73          74          75          76          77          78          79          80
  2       0.660       0.638       0.616       0.594       0.572       0.550       0.528       0.506       0.484       0.462
  1       0.660       0.638       0.616       0.594       0.572       0.550       0.528       0.506       0.484       0.462



          81          82          83          84          85          86          87          88          89          90
  2       0.440       0.418       0.396       0.374       0.352       0.330       0.308       0.286       0.264       0.242
  1       0.440       0.418       0.396       0.374       0.352       0.330       0.308       0.286       0.264       0.242



          91          92          93          94          95          96          97          98          99         100
  2       0.220       0.198       0.176       0.154       0.132       0.110       0.088       0.066       0.044       0.022
  1       0.220       0.198       0.176       0.154       0.132       0.110       0.088       0.066       0.044       0.022



         101
  2       0.000
  1       0.000




                      ***** Flow and Transport Simulation Completed *****
               Last time value calculated ......................................  37.00     (d)
               Last time step index ............................................     185
