         X         Y         Z         A         B         C         D
   0.00000  25.00000   0.00000   0.00000   0.00000   0.00000   0.00000
   0.00000  23.00000   0.00000   0.00000   0.00000   0.00000   0.00000
   0.00000  21.00000   0.00000   0.00000   0.00000   0.00000   0.00000
   0.00000  19.00000   0.00000   0.00000   0.00000   0.00000   0.00000
   0.00000  17.00000   0.00000   0.00000   0.00000   0.00000   0.00000
   0.00000  15.00000   0.00000   0.00000   0.00000   0.00000   0.00000
   0.00000  13.00000   0.00000   0.00000   0.00000   0.00000   0.00000
   0.00000  11.00000   0.00000   0.00000   0.00000   0.00000   0.00000
   0.00000   9.00000   0.00000   0.00000   0.00000   0.00000   0.00000
   0.00000   7.00000   0.00000   0.00000   0.00000   0.00000   0.00000
   0.00000   5.10000   0.00000   0.00000   0.00000   0.00000   0.00000
   0.00000   2.50000   0.00000   1.00000   0.00000   0.00000   0.00000
   0.00000   0.00000   0.00000   1.00000   0.00000   0.00000   0.00000
   2.04082   0.00000   0.00000   0.67128   0.26372   0.04664   0.00546
   4.08163   0.00000   0.00000   0.44798   0.38999   0.10812   0.01581
   6.12245   0.00000   0.00000   0.29684   0.43130   0.16807   0.03044
   8.16327   0.00000   0.00000   0.19549   0.42355   0.21847   0.04809
  10.20410   0.00000   0.00000   0.12818   0.39025   0.25642   0.06743
  12.24490   0.00000   0.00000   0.08383   0.34589   0.28186   0.08723
  14.28570   0.00000   0.00000   0.05474   0.29891   0.29613   0.10651
  16.32650   0.00000   0.00000   0.03572   0.25386   0.30111   0.12455
  18.36730   0.00000   0.00000   0.02331   0.21298   0.29875   0.14087
  20.40820   0.00000   0.00000   0.01521   0.17711   0.29086   0.15515
  22.44900   0.00000   0.00000   0.00993   0.14633   0.27901   0.16726
  24.48980   0.00000   0.00000   0.00648   0.12033   0.26449   0.17717
  26.53060   0.00000   0.00000   0.00423   0.09860   0.24834   0.18495
  28.57140   0.00000   0.00000   0.00277   0.08059   0.23135   0.19071
  30.61220   0.00000   0.00000   0.00181   0.06574   0.21414   0.19461
  32.65310   0.00000   0.00000   0.00118   0.05356   0.19715   0.19681
  34.69390   0.00000   0.00000   0.00077   0.04360   0.18069   0.19751
  36.73470   0.00000   0.00000   0.00051   0.03547   0.16498   0.19688
  38.77550   0.00000   0.00000   0.00033   0.02885   0.15016   0.19508
  40.81630   0.00000   0.00000   0.00022   0.02346   0.13630   0.19230
  42.85710   0.00000   0.00000   0.00014   0.01908   0.12342   0.18866
  44.89800   0.00000   0.00000   0.00009   0.01552   0.11154   0.18429
  46.93880   0.00000   0.00000   0.00006   0.01263   0.10062   0.17932
  48.97960   0.00000   0.00000   0.00004   0.01027   0.09063   0.17383
  51.02040   0.00000   0.00000   0.00003   0.00836   0.08151   0.16791
  53.06120   0.00000   0.00000   0.00002   0.00681   0.07321   0.16163
  55.10200   0.00000   0.00000   0.00001   0.00555   0.06566   0.15502
  57.14290   0.00000   0.00000   0.00001   0.00452   0.05880   0.14814
  59.18370   0.00000   0.00000   0.00000   0.00368   0.05258   0.14101
  61.22450   0.00000   0.00000   0.00000   0.00300   0.04694   0.13367
  63.26530   0.00000   0.00000   0.00000   0.00245   0.04182   0.12615
  65.30610   0.00000   0.00000   0.00000   0.00199   0.03717   0.11846
  67.34690   0.00000   0.00000   0.00000   0.00162   0.03295   0.11064
  69.38780   0.00000   0.00000   0.00000   0.00132   0.02912   0.10273
  71.42860   0.00000   0.00000   0.00000   0.00108   0.02564   0.09477
  73.46940   0.00000   0.00000   0.00000   0.00087   0.02248   0.08681
  75.51020   0.00000   0.00000   0.00000   0.00071   0.01961   0.07892
  77.55100   0.00000   0.00000   0.00000   0.00057   0.01702   0.07115
  79.59180   0.00000   0.00000   0.00000   0.00046   0.01468   0.06358
  81.63270   0.00000   0.00000   0.00000   0.00037   0.01257   0.05629
  83.67350   0.00000   0.00000   0.00000   0.00030   0.01069   0.04933
  85.71430   0.00000   0.00000   0.00000   0.00024   0.00901   0.04279
  87.75510   0.00000   0.00000   0.00000   0.00019   0.00753   0.03670
  89.79590   0.00000   0.00000   0.00000   0.00015   0.00624   0.03112
  91.83670   0.00000   0.00000   0.00000   0.00012   0.00511   0.02608
  93.87760   0.00000   0.00000   0.00000   0.00009   0.00415   0.02158
  95.91840   0.00000   0.00000   0.00000   0.00007   0.00333   0.01764
  97.95920   0.00000   0.00000   0.00000   0.00005   0.00264   0.01422
 100.00000   0.00000   0.00000   0.00000   0.00004   0.00207   0.01132
 100.00000   2.08333   0.00000   0.00000   0.00004   0.00193   0.01058
 100.00000   4.16667   0.00000   0.00000   0.00003   0.00157   0.00864
 100.00000   6.25000   0.00000   0.00000   0.00002   0.00111   0.00612
 100.00000   8.33333   0.00000   0.00000   0.00001   0.00067   0.00374
 100.00000  10.41670   0.00000   0.00000   0.00001   0.00035   0.00195
 100.00000  12.50000   0.00000   0.00000   0.00000   0.00015   0.00087
 100.00000  14.58330   0.00000   0.00000   0.00000   0.00006   0.00033
 100.00000  16.66670   0.00000   0.00000   0.00000   0.00002   0.00010
 100.00000  18.75000   0.00000   0.00000   0.00000   0.00000   0.00003
 100.00000  20.83330   0.00000   0.00000   0.00000   0.00000   0.00001
 100.00000  22.91670   0.00000   0.00000   0.00000   0.00000   0.00000
 100.00000  25.00000   0.00000   0.00000   0.00000   0.00000   0.00000
  97.95920  25.00000   0.00000   0.00000   0.00000   0.00000   0.00000
  95.91840  25.00000   0.00000   0.00000   0.00000   0.00000   0.00000
  93.87760  25.00000   0.00000   0.00000   0.00000   0.00000   0.00000
  91.83670  25.00000   0.00000   0.00000   0.00000   0.00000   0.00000
  89.79590  25.00000   0.00000   0.00000   0.00000   0.00000   0.00000
  87.75510  25.00000   0.00000   0.00000   0.00000   0.00000   0.00000
  85.71430  25.00000   0.00000   0.00000   0.00000   0.00000   0.00000
  83.67350  25.00000   0.00000   0.00000   0.00000   0.00000   0.00000
  81.63270  25.00000   0.00000   0.00000   0.00000   0.00000   0.00000
  79.59180  25.00000   0.00000   0.00000   0.00000   0.00000   0.00000
  77.55100  25.00000   0.00000   0.00000   0.00000   0.00000   0.00000
  75.51020  25.00000   0.00000   0.00000   0.00000   0.00000   0.00000
  73.46940  25.00000   0.00000   0.00000   0.00000   0.00000   0.00000
  71.42860  25.00000   0.00000   0.00000   0.00000   0.00000   0.00000
  69.38780  25.00000   0.00000   0.00000   0.00000   0.00000   0.00000
  67.34690  25.00000   0.00000   0.00000   0.00000   0.00000   0.00000
  65.30610  25.00000   0.00000   0.00000   0.00000   0.00000   0.00000
  63.26530  25.00000   0.00000   0.00000   0.00000   0.00000   0.00000
  61.22450  25.00000   0.00000   0.00000   0.00000   0.00000   0.00000
  59.18370  25.00000   0.00000   0.00000   0.00000   0.00000   0.00000
  57.14290  25.00000   0.00000   0.00000   0.00000   0.00000   0.00000
  55.10200  25.00000   0.00000   0.00000   0.00000   0.00000   0.00000
  53.06120  25.00000   0.00000   0.00000   0.00000   0.00000   0.00000
  51.02040  25.00000   0.00000   0.00000   0.00000   0.00000   0.00000
  48.97960  25.00000   0.00000   0.00000   0.00000   0.00000   0.00000
  46.93880  25.00000   0.00000   0.00000   0.00000   0.00000   0.00000
  44.89800  25.00000   0.00000   0.00000   0.00000   0.00000   0.00000
  42.85710  25.00000   0.00000   0.00000   0.00000   0.00000   0.00000
  40.81630  25.00000   0.00000   0.00000   0.00000   0.00000   0.00000
  38.77550  25.00000   0.00000   0.00000   0.00000   0.00000   0.00000
  36.73470  25.00000   0.00000   0.00000   0.00000   0.00000   0.00000
  34.69390  25.00000   0.00000   0.00000   0.00000   0.00000   0.00000
  32.65310  25.00000   0.00000   0.00000   0.00000   0.00000   0.00000
  30.61220  25.00000   0.00000   0.00000   0.00000   0.00000   0.00000
  28.57140  25.00000   0.00000   0.00000   0.00000   0.00000   0.00000
  26.53060  25.00000   0.00000   0.00000   0.00000   0.00000   0.00000
  24.48980  25.00000   0.00000   0.00000   0.00000   0.00000   0.00000
  22.44900  25.00000   0.00000   0.00000   0.00000   0.00000   0.00000
  20.40820  25.00000   0.00000   0.00000   0.00000   0.00000   0.00000
  18.36730  25.00000   0.00000   0.00000   0.00000   0.00000   0.00000
  16.32650  25.00000   0.00000   0.00000   0.00000   0.00000   0.00000
  14.28570  25.00000   0.00000   0.00000   0.00000   0.00000   0.00000
  12.24490  25.00000   0.00000   0.00000   0.00000   0.00000   0.00000
  10.20410  25.00000   0.00000   0.00000   0.00000   0.00000   0.00000
   8.16327  25.00000   0.00000   0.00000   0.00000   0.00000   0.00000
   6.12245  25.00000   0.00000   0.00000   0.00000   0.00000   0.00000
   4.08163  25.00000   0.00000   0.00000   0.00000   0.00000   0.00000
   2.04082  25.00000   0.00000   0.00000   0.00000   0.00000   0.00000
   1.28820  23.68960   0.00000   0.00000   0.00000   0.00000   0.00000
   1.44948   1.57859   0.00000   0.75374   0.20399   0.03040   0.00332
  98.65800   1.35633   0.00000   0.00000   0.00005   0.00236   0.01280
  98.68650  23.66160   0.00000   0.00000   0.00000   0.00000   0.00000
   3.11233   1.70624   0.00000   0.54300   0.34222   0.07752   0.01008
  96.99220   1.67365   0.00000   0.00000   0.00006   0.00282   0.01510
  97.08570  23.35650   0.00000   0.00000   0.00000   0.00000   0.00000
   1.53962  22.09430   0.00000   0.00000   0.00000   0.00000   0.00000
   2.86764  23.37370   0.00000   0.00000   0.00000   0.00000   0.00000
  98.41250  22.01780   0.00000   0.00000   0.00000   0.00000   0.00000
  98.32910   3.04345   0.00000   0.00000   0.00004   0.00218   0.01183
   2.08034   3.65277   0.00000   0.65178   0.25011   0.04178   0.00460
   5.23095   1.53488   0.00000   0.35512   0.41907   0.14114   0.02313
   4.27164   3.43260   0.00000   0.41418   0.36651   0.10028   0.01428
   7.32887   1.39640   0.00000   0.23149   0.42822   0.19691   0.03983
   6.21272   3.33242   0.00000   0.27483   0.39249   0.14892   0.02620
   9.16306   1.72829   0.00000   0.15781   0.40297   0.23271   0.05544
  11.20410   1.75493   0.00000   0.10281   0.36118   0.26190   0.07402
  13.25540   1.76720   0.00000   0.06666   0.31354   0.27943   0.09251
  15.30400   1.76767   0.00000   0.04320   0.26672   0.28708   0.11006
  17.34660   1.76460   0.00000   0.02803   0.22385   0.28691   0.12608
  19.38540   1.76470   0.00000   0.01820   0.18606   0.28078   0.14022
  21.42410   1.76994   0.00000   0.01182   0.15354   0.27030   0.15232
  23.46560   1.77564   0.00000   0.00768   0.12603   0.25692   0.16238
  25.50940   1.77660   0.00000   0.00499   0.10310   0.24179   0.17048
  27.55270   1.77335   0.00000   0.00325   0.08416   0.22577   0.17672
  29.59390   1.76964   0.00000   0.00212   0.06860   0.20942   0.18118
  31.63380   1.76761   0.00000   0.00138   0.05586   0.19317   0.18399
  33.67380   1.76710   0.00000   0.00090   0.04544   0.17734   0.18532
  35.71430   1.76723   0.00000   0.00059   0.03695   0.16217   0.18534
  37.75510   1.76740   0.00000   0.00039   0.03004   0.14782   0.18422
  39.79600   1.76745   0.00000   0.00025   0.02442   0.13435   0.18211
  41.83690   1.76751   0.00000   0.00017   0.01986   0.12183   0.17916
  43.87780   1.76759   0.00000   0.00011   0.01615   0.11025   0.17547
  45.91870   1.76759   0.00000   0.00007   0.01314   0.09958   0.17117
  47.95940   1.76749   0.00000   0.00005   0.01069   0.08981   0.16635
  50.00010   1.76738   0.00000   0.00003   0.00871   0.08088   0.16108
  52.04090   1.76737   0.00000   0.00002   0.00709   0.07274   0.15542
  54.08170   1.76742   0.00000   0.00001   0.00578   0.06532   0.14944
  56.12260   1.76754   0.00000   0.00001   0.00471   0.05858   0.14317
  58.16350   1.76769   0.00000   0.00001   0.00384   0.05246   0.13665
  60.20440   1.76783   0.00000   0.00000   0.00313   0.04691   0.12990
  62.24540   1.76791   0.00000   0.00000   0.00255   0.04186   0.12294
  64.28630   1.76780   0.00000   0.00000   0.00208   0.03728   0.11582
  66.32710   1.76737   0.00000   0.00000   0.00170   0.03312   0.10854
  68.36750   1.76680   0.00000   0.00000   0.00138   0.02933   0.10115
  70.40730   1.76687   0.00000   0.00000   0.00113   0.02589   0.09368
  72.44770   1.76877   0.00000   0.00000   0.00092   0.02276   0.08615
  74.49230   1.77255   0.00000   0.00000   0.00075   0.01991   0.07863
  76.54360   1.77558   0.00000   0.00000   0.00060   0.01732   0.07117
  78.59900   1.77452   0.00000   0.00000   0.00049   0.01498   0.06386
  80.65190   1.76915   0.00000   0.00000   0.00039   0.01287   0.05680
  82.69860   1.76149   0.00000   0.00000   0.00032   0.01099   0.05005
  84.73930   1.75171   0.00000   0.00000   0.00025   0.00931   0.04367
  86.77240   1.73901   0.00000   0.00000   0.00020   0.00783   0.03772
  88.79410   1.72711   0.00000   0.00000   0.00016   0.00653   0.03224
  90.80750   1.72888   0.00000   0.00000   0.00013   0.00540   0.02724
  92.83620   1.76151   0.00000   0.00000   0.00010   0.00440   0.02268
  94.92780   1.81088   0.00000   0.00000   0.00008   0.00352   0.01851
   8.11890   3.38569   0.00000   0.18010   0.37297   0.18453   0.03919
  10.12060   3.47461   0.00000   0.11437   0.33141   0.20905   0.05319
  12.18300   3.53314   0.00000   0.07186   0.28424   0.22419   0.06766
  14.25980   3.54973   0.00000   0.04543   0.23989   0.23203   0.08201
  16.32270   3.54089   0.00000   0.02902   0.20077   0.23394   0.09563
  18.36480   3.52734   0.00000   0.01870   0.16689   0.23083   0.10792
  20.39370   3.53390   0.00000   0.01206   0.13747   0.22315   0.11828
  22.42840   3.55814   0.00000   0.00776   0.11231   0.21222   0.12670
  24.47720   3.57355   0.00000   0.00500   0.09151   0.20000   0.13378
  26.53040   3.56844   0.00000   0.00324   0.07468   0.18760   0.13984
  28.57780   3.55384   0.00000   0.00211   0.06101   0.17508   0.14471
  30.61830   3.54191   0.00000   0.00138   0.04981   0.16244   0.14818
  32.65630   3.53616   0.00000   0.00090   0.04061   0.14985   0.15029
  34.69510   3.53491   0.00000   0.00059   0.03308   0.13758   0.15121
  36.73540   3.53526   0.00000   0.00038   0.02693   0.12586   0.15112
  38.77650   3.53566   0.00000   0.00025   0.02193   0.11481   0.15017
  40.81770   3.53606   0.00000   0.00016   0.01786   0.10448   0.14848
  42.85890   3.53666   0.00000   0.00011   0.01456   0.09487   0.14613
  44.90020   3.53698   0.00000   0.00007   0.01187   0.08600   0.14322
  46.94090   3.53659   0.00000   0.00005   0.00968   0.07783   0.13985
  48.98110   3.53590   0.00000   0.00003   0.00790   0.07034   0.13605
  51.02120   3.53551   0.00000   0.00002   0.00645   0.06348   0.13187
  53.06170   3.53564   0.00000   0.00001   0.00527   0.05721   0.12736
  55.10280   3.53626   0.00000   0.00001   0.00430   0.05148   0.12255
  57.14440   3.53722   0.00000   0.00001   0.00352   0.04625   0.11747
  59.18600   3.53816   0.00000   0.00000   0.00287   0.04149   0.11216
  61.22750   3.53866   0.00000   0.00000   0.00235   0.03715   0.10664
  63.26860   3.53836   0.00000   0.00000   0.00192   0.03321   0.10093
  65.30930   3.53703   0.00000   0.00000   0.00157   0.02961   0.09505
  67.34920   3.53504   0.00000   0.00000   0.00129   0.02633   0.08903
  69.38800   3.53386   0.00000   0.00000   0.00105   0.02334   0.08289
  71.42710   3.53586   0.00000   0.00000   0.00086   0.02060   0.07663
  73.47250   3.54209   0.00000   0.00000   0.00070   0.01809   0.07027
  75.53290   3.54923   0.00000   0.00000   0.00057   0.01579   0.06390
  77.60780   3.54857   0.00000   0.00000   0.00046   0.01370   0.05761
  79.68210   3.53488   0.00000   0.00000   0.00037   0.01183   0.05154
  81.74170   3.51540   0.00000   0.00000   0.00030   0.01015   0.04573
  83.78580   3.49534   0.00000   0.00000   0.00024   0.00866   0.04020
  85.81500   3.46860   0.00000   0.00000   0.00019   0.00734   0.03502
  87.81990   3.43567   0.00000   0.00000   0.00015   0.00619   0.03026
  89.79290   3.41712   0.00000   0.00000   0.00012   0.00517   0.02587
  91.75230   3.45401   0.00000   0.00000   0.00010   0.00426   0.02177
  93.77890   3.59375   0.00000   0.00000   0.00008   0.00341   0.01779
  95.05930  23.07220   0.00000   0.00000   0.00000   0.00000   0.00000
  92.88320  23.01840   0.00000   0.00000   0.00000   0.00000   0.00000
  90.76650  23.14780   0.00000   0.00000   0.00000   0.00000   0.00000
  88.73880  23.21640   0.00000   0.00000   0.00000   0.00000   0.00000
  86.72010  23.23390   0.00000   0.00000   0.00000   0.00000   0.00000
  84.69130  23.23700   0.00000   0.00000   0.00000   0.00000   0.00000
  82.65560  23.23490   0.00000   0.00000   0.00000   0.00000   0.00000
  80.61520  23.23180   0.00000   0.00000   0.00000   0.00000   0.00000
  78.57240  23.23040   0.00000   0.00000   0.00000   0.00000   0.00000
  76.52980  23.23100   0.00000   0.00000   0.00000   0.00000   0.00000
  74.48860  23.23230   0.00000   0.00000   0.00000   0.00000   0.00000
  72.44840  23.23310   0.00000   0.00000   0.00000   0.00000   0.00000
  70.40820  23.23310   0.00000   0.00000   0.00000   0.00000   0.00000
  68.36760  23.23280   0.00000   0.00000   0.00000   0.00000   0.00000
  66.32670  23.23250   0.00000   0.00000   0.00000   0.00000   0.00000
  64.28570  23.23250   0.00000   0.00000   0.00000   0.00000   0.00000
  62.24480  23.23260   0.00000   0.00000   0.00000   0.00000   0.00000
  60.20400  23.23260   0.00000   0.00000   0.00000   0.00000   0.00000
  58.16330  23.23260   0.00000   0.00000   0.00000   0.00000   0.00000
  56.12250  23.23260   0.00000   0.00000   0.00000   0.00000   0.00000
  54.08160  23.23260   0.00000   0.00000   0.00000   0.00000   0.00000
  52.04080  23.23260   0.00000   0.00000   0.00000   0.00000   0.00000
  50.00000  23.23260   0.00000   0.00000   0.00000   0.00000   0.00000
  47.95920  23.23260   0.00000   0.00000   0.00000   0.00000   0.00000
  45.91840  23.23260   0.00000   0.00000   0.00000   0.00000   0.00000
  43.87760  23.23260   0.00000   0.00000   0.00000   0.00000   0.00000
  41.83670  23.23260   0.00000   0.00000   0.00000   0.00000   0.00000
  39.79590  23.23260   0.00000   0.00000   0.00000   0.00000   0.00000
  37.75510  23.23260   0.00000   0.00000   0.00000   0.00000   0.00000
  35.71430  23.23260   0.00000   0.00000   0.00000   0.00000   0.00000
  33.67350  23.23260   0.00000   0.00000   0.00000   0.00000   0.00000
  31.63260  23.23260   0.00000   0.00000   0.00000   0.00000   0.00000
  29.59180  23.23270   0.00000   0.00000   0.00000   0.00000   0.00000
  27.55110  23.23280   0.00000   0.00000   0.00000   0.00000   0.00000
  25.51050  23.23270   0.00000   0.00000   0.00000   0.00000   0.00000
  23.46990  23.23210   0.00000   0.00000   0.00000   0.00000   0.00000
  21.42820  23.23130   0.00000   0.00000   0.00000   0.00000   0.00000
  19.38510  23.23190   0.00000   0.00000   0.00000   0.00000   0.00000
  17.34290  23.23640   0.00000   0.00000   0.00000   0.00000   0.00000
  15.30840  23.24390   0.00000   0.00000   0.00000   0.00000   0.00000
  13.28790  23.24190   0.00000   0.00000   0.00000   0.00000   0.00000
  11.27180  23.20490   0.00000   0.00000   0.00000   0.00000   0.00000
   9.21945  23.11170   0.00000   0.00000   0.00000   0.00000   0.00000
   7.06492  22.99120   0.00000   0.00000   0.00000   0.00000   0.00000
   4.87799  23.07340   0.00000   0.00000   0.00000   0.00000   0.00000
   1.71211  20.12390   0.00000   0.00000   0.00000   0.00000   0.00000
   1.76780  18.05680   0.00000   0.00000   0.00000   0.00000   0.00000
   1.75743  16.00270   0.00000   0.00000   0.00000   0.00000   0.00000
   1.73533  13.98300   0.00000   0.00000   0.00000   0.00000   0.00000
   1.71223  11.98570   0.00000   0.00000   0.00000   0.00000   0.00000
   1.69133  10.00710   0.00000   0.00000   0.00003   0.00004   0.00002
   1.69731   8.03996   0.00000   0.00025   0.00079   0.00055   0.00015
   1.85606   6.04757   0.00000   0.02649   0.02459   0.00734   0.00115
   3.69336   5.31124   0.00000   0.16107   0.13822   0.03848   0.00572
   5.47719   4.97751   0.00000   0.17256   0.21619   0.07630   0.01302
   7.25015   5.09395   0.00000   0.10967   0.20335   0.09438   0.01941
   3.55693   7.43603   0.00000   0.00247   0.00639   0.00382   0.00096
   5.23010   6.65275   0.00000   0.01631   0.03421   0.01761   0.00395
   6.21724   5.86615   0.00000   0.05627   0.10186   0.04696   0.00969
   3.35525   9.05750   0.00000   0.00009   0.00045   0.00045   0.00016
   4.94320   8.17596   0.00000   0.00088   0.00347   0.00280   0.00088
   6.42174   7.35789   0.00000   0.00522   0.01668   0.01157   0.00323
   3.40189  10.98090   0.00000   0.00000   0.00002   0.00004   0.00002
   3.45430  12.95210   0.00000   0.00000   0.00000   0.00000   0.00000
   3.50688  14.96320   0.00000   0.00000   0.00000   0.00000   0.00000
   3.57297  17.03920   0.00000   0.00000   0.00000   0.00000   0.00000
   5.05948   9.98175   0.00000   0.00003   0.00023   0.00031   0.00014
   6.52834   8.97391   0.00000   0.00029   0.00172   0.00185   0.00072
   3.61192  19.23020   0.00000   0.00000   0.00000   0.00000   0.00000
   5.17974  11.90950   0.00000   0.00000   0.00001   0.00003   0.00002
   5.24568  13.90460   0.00000   0.00000   0.00000   0.00000   0.00000
   5.35201  15.94660   0.00000   0.00000   0.00000   0.00000   0.00000
   5.51378  18.12140   0.00000   0.00000   0.00000   0.00000   0.00000
   3.39205  21.42650   0.00000   0.00000   0.00000   0.00000   0.00000
   8.96918   5.10466   0.00000   0.07709   0.19464   0.11248   0.02708
   7.73085   6.43032   0.00000   0.02292   0.06222   0.03827   0.00974
   7.90888   8.05371   0.00000   0.00181   0.00857   0.00783   0.00269
  98.21510  19.97310   0.00000   0.00000   0.00000   0.00000   0.00001
  98.14440  17.80830   0.00000   0.00000   0.00000   0.00001   0.00006
  98.15520  15.64720   0.00000   0.00000   0.00000   0.00004   0.00022
  98.18650  13.52940   0.00000   0.00000   0.00000   0.00012   0.00066
  98.21140  11.44480   0.00000   0.00000   0.00001   0.00029   0.00162
  98.21770   9.37230   0.00000   0.00000   0.00001   0.00061   0.00335
  98.19820   7.28486   0.00000   0.00000   0.00002   0.00109   0.00596
  98.17170   5.14227   0.00000   0.00000   0.00003   0.00169   0.00918
  96.14300   3.86276   0.00000   0.00000   0.00005   0.00256   0.01364
   5.75444  20.70290   0.00000   0.00000   0.00000   0.00000   0.00000
   8.25100  21.12090   0.00000   0.00000   0.00000   0.00000   0.00000
   7.57052  19.01060   0.00000   0.00000   0.00000   0.00000   0.00000
   7.26397  16.88880   0.00000   0.00000   0.00000   0.00000   0.00000
  10.33360  21.38110   0.00000   0.00000   0.00000   0.00000   0.00000
  12.30840  21.48530   0.00000   0.00000   0.00000   0.00000   0.00000
   7.09276  14.84610   0.00000   0.00000   0.00000   0.00000   0.00000
  14.29380  21.49360   0.00000   0.00000   0.00000   0.00000   0.00000
   6.98335  12.86380   0.00000   0.00000   0.00001   0.00002   0.00001
  16.31650  21.47610   0.00000   0.00000   0.00000   0.00000   0.00000
  18.36000  21.46400   0.00000   0.00000   0.00000   0.00000   0.00000
  20.40680  21.46180   0.00000   0.00000   0.00000   0.00000   0.00000
  22.45010  21.46400   0.00000   0.00000   0.00000   0.00000   0.00000
  24.49060  21.46570   0.00000   0.00000   0.00000   0.00000   0.00000
  26.53060  21.46610   0.00000   0.00000   0.00000   0.00000   0.00000
  28.57110  21.46580   0.00000   0.00000   0.00000   0.00000   0.00000
  30.61200  21.46550   0.00000   0.00000   0.00000   0.00000   0.00000
  32.65300  21.46540   0.00000   0.00000   0.00000   0.00000   0.00000
  34.69400  21.46520   0.00000   0.00000   0.00000   0.00000   0.00000
  36.73500  21.46500   0.00000   0.00000   0.00000   0.00000   0.00000
  38.77590  21.46500   0.00000   0.00000   0.00000   0.00000   0.00000
  40.81670  21.46500   0.00000   0.00000   0.00000   0.00000   0.00000
  42.85740  21.46520   0.00000   0.00000   0.00000   0.00000   0.00000
  44.89820  21.46530   0.00000   0.00000   0.00000   0.00000   0.00000
  46.93900  21.46530   0.00000   0.00000   0.00000   0.00000   0.00000
  48.97980  21.46520   0.00000   0.00000   0.00000   0.00000   0.00000
  51.02060  21.46510   0.00000   0.00000   0.00000   0.00000   0.00001
  53.06150  21.46510   0.00000   0.00000   0.00000   0.00000   0.00001
  55.10230  21.46510   0.00000   0.00000   0.00000   0.00000   0.00001
  57.14300  21.46530   0.00000   0.00000   0.00000   0.00000   0.00001
  59.18360  21.46530   0.00000   0.00000   0.00000   0.00000   0.00001
  61.22430  21.46520   0.00000   0.00000   0.00000   0.00000   0.00001
  63.26530  21.46490   0.00000   0.00000   0.00000   0.00000   0.00001
  65.30670  21.46470   0.00000   0.00000   0.00000   0.00000   0.00001
  67.34810  21.46520   0.00000   0.00000   0.00000   0.00000   0.00001
  69.38870  21.46620   0.00000   0.00000   0.00000   0.00000   0.00001
  71.42790  21.46680   0.00000   0.00000   0.00000   0.00000   0.00001
  73.46670  21.46520   0.00000   0.00000   0.00000   0.00000   0.00001
  75.50800  21.46130   0.00000   0.00000   0.00000   0.00000   0.00001
  77.55330  21.45830   0.00000   0.00000   0.00000   0.00000   0.00001
  79.60000  21.46130   0.00000   0.00000   0.00000   0.00000   0.00001
  81.64080  21.47020   0.00000   0.00000   0.00000   0.00000   0.00001
  83.67080  21.47680   0.00000   0.00000   0.00000   0.00000   0.00001
  85.69200  21.47120   0.00000   0.00000   0.00000   0.00000   0.00001
  87.70420  21.45170   0.00000   0.00000   0.00000   0.00000   0.00001
  89.67370  21.41340   0.00000   0.00000   0.00000   0.00000   0.00001
  91.67050  21.17490   0.00000   0.00000   0.00000   0.00000   0.00001
  94.10830  20.66310   0.00000   0.00000   0.00000   0.00000   0.00001
  96.51850  21.36040   0.00000   0.00000   0.00000   0.00000   0.00001
   7.01414  10.79500   0.00000   0.00001   0.00014   0.00023   0.00013
   7.90235   9.44209   0.00000   0.00016   0.00125   0.00159   0.00071
  96.24900  19.08290   0.00000   0.00000   0.00000   0.00001   0.00003
  96.26000  16.76910   0.00000   0.00000   0.00000   0.00002   0.00014
  96.33690  14.56590   0.00000   0.00000   0.00000   0.00009   0.00048
  96.41540  12.45470   0.00000   0.00000   0.00000   0.00023   0.00128
  96.46310  10.40210   0.00000   0.00000   0.00001   0.00052   0.00285
  96.45360   8.36724   0.00000   0.00000   0.00002   0.00100   0.00541
  96.35440   6.27460   0.00000   0.00000   0.00004   0.00168   0.00903
  94.43950   5.53582   0.00000   0.00000   0.00005   0.00239   0.01258
  92.54560   5.18028   0.00000   0.00000   0.00007   0.00309   0.01597
  94.72560   7.49089   0.00000   0.00000   0.00003   0.00152   0.00808
  93.08510   6.86148   0.00000   0.00000   0.00005   0.00209   0.01093
  90.70500   5.06290   0.00000   0.00000   0.00009   0.00378   0.01914
  91.48470   6.60880   0.00000   0.00000   0.00006   0.00260   0.01333
  94.79060   9.41072   0.00000   0.00000   0.00002   0.00087   0.00467
  93.26360   8.52894   0.00000   0.00000   0.00003   0.00134   0.00703
  92.06560   7.86123   0.00000   0.00000   0.00004   0.00181   0.00939
  94.72130  11.37330   0.00000   0.00000   0.00001   0.00043   0.00235
  94.58130  13.42610   0.00000   0.00000   0.00000   0.00018   0.00098
  94.41000  15.60680   0.00000   0.00000   0.00000   0.00006   0.00032
  94.25610  17.95260   0.00000   0.00000   0.00000   0.00001   0.00008
  92.15100  18.98240   0.00000   0.00000   0.00000   0.00001   0.00005
  90.45290  19.78500   0.00000   0.00000   0.00000   0.00001   0.00003
  88.70480  19.64130   0.00000   0.00000   0.00000   0.00001   0.00004
  86.67200  19.67650   0.00000   0.00000   0.00000   0.00001   0.00004
  88.82660   5.08048   0.00000   0.00000   0.00011   0.00449   0.02228
  89.78230   6.64694   0.00000   0.00000   0.00007   0.00302   0.01526
  90.71230   8.06585   0.00000   0.00000   0.00004   0.00195   0.00998
  86.87780   5.14336   0.00000   0.00000   0.00013   0.00528   0.02562
  84.87110   5.19894   0.00000   0.00000   0.00017   0.00619   0.02929
  82.83630   5.22713   0.00000   0.00000   0.00020   0.00725   0.03334
  80.78710   5.25854   0.00000   0.00000   0.00025   0.00842   0.03756
  78.70790   5.30533   0.00000   0.00000   0.00031   0.00969   0.04184
  76.60350   5.32590   0.00000   0.00000   0.00038   0.01115   0.04640
  74.51300   5.31898   0.00000   0.00000   0.00047   0.01281   0.05121
  72.45300   5.31041   0.00000   0.00000   0.00058   0.01459   0.05597
  70.41080   5.30583   0.00000   0.00000   0.00070   0.01652   0.06060
  68.37350   5.30648   0.00000   0.00000   0.00086   0.01859   0.06508
  66.33530   5.31054   0.00000   0.00000   0.00104   0.02082   0.06938
  64.29570   5.31484   0.00000   0.00000   0.00127   0.02325   0.07351
  62.25490   5.31726   0.00000   0.00000   0.00154   0.02591   0.07749
  60.21300   5.31723   0.00000   0.00000   0.00187   0.02880   0.08130
  58.17020   5.31520   0.00000   0.00000   0.00228   0.03197   0.08494
  56.12700   5.31223   0.00000   0.00000   0.00277   0.03542   0.08836
  54.08450   5.30969   0.00000   0.00001   0.00337   0.03916   0.09153
  52.04350   5.30861   0.00000   0.00001   0.00410   0.04322   0.09440
  50.00410   5.30926   0.00000   0.00002   0.00498   0.04758   0.09694
  47.96550   5.31103   0.00000   0.00003   0.00605   0.05229   0.09914
  45.92590   5.31255   0.00000   0.00004   0.00735   0.05736   0.10099
  43.88480   5.31242   0.00000   0.00006   0.00894   0.06284   0.10249
  41.84300   5.31076   0.00000   0.00009   0.01087   0.06871   0.10360
  39.80110   5.30903   0.00000   0.00013   0.01323   0.07496   0.10422
  37.75910   5.30798   0.00000   0.00020   0.01609   0.08154   0.10428
  35.71800   5.30752   0.00000   0.00030   0.01955   0.08841   0.10372
  33.67980   5.30956   0.00000   0.00045   0.02372   0.09542   0.10243
  31.64430   5.31940   0.00000   0.00068   0.02868   0.10228   0.10017
  29.60610   5.34228   0.00000   0.00102   0.03447   0.10863   0.09675
  27.55590   5.37686   0.00000   0.00152   0.04120   0.11420   0.09212
  25.48600   5.40740   0.00000   0.00228   0.04923   0.11927   0.08669
  23.40970   5.39384   0.00000   0.00350   0.05964   0.12533   0.08157
  21.36740   5.32388   0.00000   0.00547   0.07346   0.13304   0.07710
  19.36970   5.27648   0.00000   0.00841   0.08897   0.13833   0.07117
  17.35510   5.31286   0.00000   0.01243   0.10326   0.13696   0.06225
  15.27400   5.36262   0.00000   0.01839   0.11802   0.13156   0.05224
  13.15250   5.34940   0.00000   0.02832   0.13710   0.12581   0.04298
  11.01850   5.28529   0.00000   0.04512   0.16029   0.11829   0.03421
  93.15430  10.30660   0.00000   0.00000   0.00002   0.00076   0.00403
  91.79530   9.25236   0.00000   0.00000   0.00003   0.00124   0.00644
  92.93390  12.24530   0.00000   0.00000   0.00001   0.00036   0.00193
  92.65710  14.34370   0.00000   0.00000   0.00000   0.00014   0.00074
  92.35700  16.62270   0.00000   0.00000   0.00000   0.00004   0.00021
  84.65860  19.71860   0.00000   0.00000   0.00000   0.00001   0.00004
  82.65700  19.72440   0.00000   0.00000   0.00000   0.00001   0.00005
  80.63810  19.70240   0.00000   0.00000   0.00000   0.00001   0.00005
  78.59390  19.68200   0.00000   0.00000   0.00000   0.00001   0.00005
  76.53860  19.68010   0.00000   0.00000   0.00000   0.00001   0.00006
  74.48870  19.68950   0.00000   0.00000   0.00000   0.00001   0.00006
  72.44790  19.69710   0.00000   0.00000   0.00000   0.00001   0.00006
  70.41050  19.69850   0.00000   0.00000   0.00000   0.00001   0.00006
  68.37140  19.69690   0.00000   0.00000   0.00000   0.00001   0.00006
  66.32970  19.69580   0.00000   0.00000   0.00000   0.00001   0.00006
  64.28720  19.69600   0.00000   0.00000   0.00000   0.00001   0.00005
  62.24530  19.69690   0.00000   0.00000   0.00000   0.00001   0.00005
  60.20450  19.69760   0.00000   0.00000   0.00000   0.00001   0.00005
  58.16430  19.69760   0.00000   0.00000   0.00000   0.00001   0.00004
  56.12400  19.69680   0.00000   0.00000   0.00000   0.00001   0.00004
  54.08330  19.69630   0.00000   0.00000   0.00000   0.00001   0.00003
  52.04230  19.69640   0.00000   0.00000   0.00000   0.00001   0.00003
  50.00140  19.69700   0.00000   0.00000   0.00000   0.00001   0.00003
  47.96070  19.69750   0.00000   0.00000   0.00000   0.00001   0.00002
  45.92010  19.69770   0.00000   0.00000   0.00000   0.00001   0.00002
  43.87960  19.69740   0.00000   0.00000   0.00000   0.00000   0.00001
  41.83930  19.69640   0.00000   0.00000   0.00000   0.00000   0.00001
  39.79860  19.69560   0.00000   0.00000   0.00000   0.00000   0.00001
  37.75740  19.69560   0.00000   0.00000   0.00000   0.00000   0.00001
  35.71570  19.69650   0.00000   0.00000   0.00000   0.00000   0.00001
  33.67410  19.69770   0.00000   0.00000   0.00000   0.00000   0.00000
  31.63250  19.69880   0.00000   0.00000   0.00000   0.00000   0.00000
  29.59060  19.70020   0.00000   0.00000   0.00000   0.00000   0.00000
  27.54950  19.70200   0.00000   0.00000   0.00000   0.00000   0.00000
  25.51060  19.70320   0.00000   0.00000   0.00000   0.00000   0.00000
  23.47400  19.70110   0.00000   0.00000   0.00000   0.00000   0.00000
  21.43510  19.69300   0.00000   0.00000   0.00000   0.00000   0.00000
  19.38550  19.68320   0.00000   0.00000   0.00000   0.00000   0.00000
  17.32260  19.68660   0.00000   0.00000   0.00000   0.00000   0.00000
  15.26510  19.71840   0.00000   0.00000   0.00000   0.00000   0.00000
  13.26060  19.77370   0.00000   0.00000   0.00000   0.00000   0.00000
  11.37110  19.79350   0.00000   0.00000   0.00000   0.00000   0.00000
   9.54103  19.56770   0.00000   0.00000   0.00000   0.00000   0.00000
  90.05650  17.68270   0.00000   0.00000   0.00000   0.00002   0.00013
  87.65130  17.80400   0.00000   0.00000   0.00000   0.00003   0.00014
  85.59430  17.94440   0.00000   0.00000   0.00000   0.00003   0.00014
  83.64350  18.00940   0.00000   0.00000   0.00000   0.00003   0.00015
  81.69140  17.97530   0.00000   0.00000   0.00000   0.00003   0.00017
  79.67460  17.90740   0.00000   0.00000   0.00000   0.00004   0.00019
  77.60470  17.87780   0.00000   0.00000   0.00000   0.00004   0.00020
  75.52910  17.89010   0.00000   0.00000   0.00000   0.00004   0.00021
  73.47390  17.91150   0.00000   0.00000   0.00000   0.00005   0.00021
  71.43440  17.92160   0.00000   0.00000   0.00000   0.00005   0.00022
  69.39730  17.92220   0.00000   0.00000   0.00000   0.00005   0.00022
  67.35650  17.92120   0.00000   0.00000   0.00000   0.00005   0.00021
  65.31290  17.92220   0.00000   0.00000   0.00000   0.00005   0.00021
  63.26950  17.92440   0.00000   0.00000   0.00000   0.00005   0.00020
  61.22780  17.92620   0.00000   0.00000   0.00000   0.00005   0.00019
  59.18780  17.92630   0.00000   0.00000   0.00000   0.00005   0.00018
  57.14810  17.92450   0.00000   0.00000   0.00000   0.00004   0.00016
  55.10750  17.92250   0.00000   0.00000   0.00000   0.00004   0.00015
  53.06630  17.92200   0.00000   0.00000   0.00000   0.00004   0.00014
  51.02520  17.92320   0.00000   0.00000   0.00000   0.00004   0.00012
  48.98480  17.92510   0.00000   0.00000   0.00000   0.00003   0.00010
  46.94480  17.92630   0.00000   0.00000   0.00000   0.00003   0.00009
  44.90490  17.92580   0.00000   0.00000   0.00000   0.00003   0.00008
  42.86530  17.92340   0.00000   0.00000   0.00000   0.00002   0.00006
  40.82510  17.92060   0.00000   0.00000   0.00000   0.00002   0.00005
  38.78340  17.91970   0.00000   0.00000   0.00000   0.00002   0.00004
  36.74040  17.92150   0.00000   0.00000   0.00000   0.00001   0.00003
  34.69720  17.92500   0.00000   0.00000   0.00000   0.00001   0.00003
  32.65430  17.92920   0.00000   0.00000   0.00000   0.00001   0.00002
  30.61100  17.93430   0.00000   0.00000   0.00000   0.00001   0.00001
  28.56850  17.94100   0.00000   0.00000   0.00000   0.00000   0.00001
  26.53090  17.94800   0.00000   0.00000   0.00000   0.00000   0.00001
  24.50190  17.94870   0.00000   0.00000   0.00000   0.00000   0.00001
  22.47620  17.93290   0.00000   0.00000   0.00000   0.00000   0.00000
  20.43360  17.89690   0.00000   0.00000   0.00000   0.00000   0.00000
  18.35050  17.86320   0.00000   0.00000   0.00000   0.00000   0.00000
  16.22910  17.87660   0.00000   0.00000   0.00000   0.00000   0.00000
  14.12140  17.97270   0.00000   0.00000   0.00000   0.00000   0.00000
  12.15200  18.16580   0.00000   0.00000   0.00000   0.00000   0.00000
  10.59130  18.40500   0.00000   0.00000   0.00000   0.00000   0.00000
   9.11958  17.73050   0.00000   0.00000   0.00000   0.00000   0.00000
   9.00127  15.75440   0.00000   0.00000   0.00000   0.00000   0.00000
   8.80140  13.78180   0.00000   0.00000   0.00000   0.00001   0.00001
   8.65950  11.97790   0.00000   0.00000   0.00004   0.00009   0.00006
   8.86023  10.40120   0.00000   0.00004   0.00040   0.00066   0.00036
  90.60800  15.17330   0.00000   0.00000   0.00000   0.00010   0.00056
  88.47220  15.75370   0.00000   0.00000   0.00000   0.00009   0.00047
  91.05070  13.00270   0.00000   0.00000   0.00001   0.00030   0.00161
  86.40720  16.09490   0.00000   0.00000   0.00000   0.00008   0.00044
  84.52730  16.33830   0.00000   0.00000   0.00000   0.00008   0.00042
  91.44610  11.02230   0.00000   0.00000   0.00001   0.00068   0.00359
  82.73540  16.35070   0.00000   0.00000   0.00000   0.00009   0.00046
  89.07150  13.62330   0.00000   0.00000   0.00001   0.00027   0.00139
  89.60920  11.59590   0.00000   0.00000   0.00001   0.00064   0.00331
  90.14490   9.72614   0.00000   0.00000   0.00003   0.00123   0.00634
  88.99780   8.31013   0.00000   0.00000   0.00005   0.00213   0.01071
  87.92730   6.76881   0.00000   0.00000   0.00009   0.00348   0.01719
  87.05700  14.12130   0.00000   0.00000   0.00001   0.00024   0.00125
  85.14860  14.58800   0.00000   0.00000   0.00000   0.00022   0.00110
  83.63490  15.04190   0.00000   0.00000   0.00000   0.00018   0.00093
  80.82550  16.17300   0.00000   0.00000   0.00000   0.00011   0.00055
  82.09310  14.59950   0.00000   0.00000   0.00001   0.00026   0.00128
  78.74640  16.04890   0.00000   0.00000   0.00000   0.00013   0.00064
  76.61500  16.04280   0.00000   0.00000   0.00000   0.00014   0.00068
  74.51690  16.08840   0.00000   0.00000   0.00000   0.00015   0.00070
  72.46120  16.12050   0.00000   0.00000   0.00000   0.00016   0.00071
  70.42330  16.13140   0.00000   0.00000   0.00001   0.00016   0.00072
  68.38540  16.13330   0.00000   0.00000   0.00001   0.00017   0.00072
  66.34310  16.13580   0.00000   0.00000   0.00001   0.00017   0.00072
  64.29890  16.14020   0.00000   0.00000   0.00001   0.00018   0.00071
  62.25610  16.14410   0.00000   0.00000   0.00001   0.00018   0.00068
  60.21510  16.14510   0.00000   0.00000   0.00001   0.00018   0.00066
  58.17500  16.14260   0.00000   0.00000   0.00001   0.00018   0.00062
  56.13420  16.13850   0.00000   0.00000   0.00001   0.00017   0.00059
  54.09240  16.13590   0.00000   0.00000   0.00001   0.00017   0.00055
  52.05080  16.13650   0.00000   0.00000   0.00001   0.00016   0.00050
  50.01060  16.13960   0.00000   0.00000   0.00001   0.00015   0.00045
  47.97170  16.14270   0.00000   0.00000   0.00001   0.00014   0.00040
  45.93320  16.14330   0.00000   0.00000   0.00001   0.00013   0.00035
  43.89430  16.14040   0.00000   0.00000   0.00001   0.00012   0.00031
  41.85450  16.13540   0.00000   0.00000   0.00001   0.00011   0.00026
  39.81280  16.13220   0.00000   0.00000   0.00001   0.00009   0.00022
  37.76870  16.13330   0.00000   0.00000   0.00001   0.00008   0.00018
  35.72350  16.13850   0.00000   0.00000   0.00001   0.00007   0.00015
  33.67900  16.14690   0.00000   0.00000   0.00001   0.00006   0.00012
  31.63490  16.15840   0.00000   0.00000   0.00001   0.00005   0.00009
  29.59160  16.17460   0.00000   0.00000   0.00000   0.00004   0.00007
  27.55430  16.19410   0.00000   0.00000   0.00000   0.00003   0.00005
  25.53330  16.20790   0.00000   0.00000   0.00000   0.00002   0.00004
  23.53030  16.19470   0.00000   0.00000   0.00000   0.00002   0.00003
  21.51740  16.13000   0.00000   0.00000   0.00000   0.00001   0.00002
  19.43720  16.02270   0.00000   0.00000   0.00000   0.00001   0.00001
  17.25300  15.95720   0.00000   0.00000   0.00000   0.00001   0.00001
  15.00130  16.02860   0.00000   0.00000   0.00000   0.00000   0.00000
  12.77100  16.27200   0.00000   0.00000   0.00000   0.00000   0.00000
  10.77230  16.80610   0.00000   0.00000   0.00000   0.00000   0.00000
  87.64740  12.08700   0.00000   0.00000   0.00001   0.00061   0.00311
  88.29140  10.12380   0.00000   0.00000   0.00003   0.00126   0.00638
  85.59090  12.59170   0.00000   0.00000   0.00001   0.00057   0.00285
  83.65230  13.37180   0.00000   0.00000   0.00001   0.00045   0.00222
  11.01000  14.53210   0.00000   0.00000   0.00000   0.00001   0.00001
  10.14170  12.75470   0.00000   0.00000   0.00002   0.00005   0.00004
  10.23480  11.26330   0.00000   0.00001   0.00016   0.00034   0.00022
  80.03190  14.20940   0.00000   0.00000   0.00001   0.00036   0.00173
  77.77920  14.10810   0.00000   0.00000   0.00001   0.00043   0.00199
  75.58510  14.21130   0.00000   0.00000   0.00001   0.00044   0.00202
  73.49250  14.28400   0.00000   0.00000   0.00001   0.00046   0.00204
  71.44500  14.31780   0.00000   0.00000   0.00002   0.00049   0.00209
  69.41020  14.32800   0.00000   0.00000   0.00002   0.00051   0.00213
  67.37260  14.33250   0.00000   0.00000   0.00002   0.00054   0.00216
  65.33050  14.33870   0.00000   0.00000   0.00002   0.00056   0.00217
  63.28750  14.34520   0.00000   0.00000   0.00002   0.00058   0.00215
  61.24510  14.34840   0.00000   0.00000   0.00003   0.00059   0.00211
  59.20350  14.34690   0.00000   0.00000   0.00003   0.00060   0.00206
  57.16150  14.34190   0.00000   0.00000   0.00003   0.00061   0.00199
  55.11880  14.33690   0.00000   0.00000   0.00003   0.00061   0.00190
  53.07630  14.33470   0.00000   0.00000   0.00004   0.00061   0.00180
  51.03550  14.33650   0.00000   0.00000   0.00004   0.00060   0.00167
  48.99710  14.34090   0.00000   0.00000   0.00004   0.00058   0.00154
  46.96030  14.34370   0.00000   0.00000   0.00004   0.00056   0.00140
  44.92280  14.34240   0.00000   0.00000   0.00004   0.00053   0.00127
  42.88320  14.33760   0.00000   0.00000   0.00005   0.00050   0.00113
  40.84150  14.33240   0.00000   0.00000   0.00005   0.00047   0.00100
  38.79750  14.33070   0.00000   0.00000   0.00005   0.00043   0.00086
  36.75180  14.33460   0.00000   0.00000   0.00004   0.00038   0.00073
  34.70610  14.34470   0.00000   0.00000   0.00004   0.00034   0.00061
  32.66170  14.36150   0.00000   0.00000   0.00004   0.00029   0.00049
  30.61930  14.38660   0.00000   0.00000   0.00003   0.00024   0.00039
  28.58170  14.42120   0.00000   0.00000   0.00003   0.00019   0.00030
  26.56110  14.45910   0.00000   0.00000   0.00002   0.00015   0.00022
  24.57770  14.47900   0.00000   0.00000   0.00002   0.00012   0.00016
  22.62340  14.42410   0.00000   0.00000   0.00002   0.00009   0.00013
  20.61490  14.24480   0.00000   0.00000   0.00002   0.00009   0.00011
  18.41880  13.98630   0.00000   0.00000   0.00002   0.00008   0.00009
  16.02430  13.93700   0.00000   0.00000   0.00001   0.00005   0.00006
  13.56990  14.15920   0.00000   0.00000   0.00001   0.00002   0.00002
  12.04720  12.21700   0.00000   0.00000   0.00006   0.00017   0.00013
  87.07480   8.55137   0.00000   0.00000   0.00006   0.00234   0.01155
  85.94830   6.89091   0.00000   0.00000   0.00010   0.00400   0.01933
  86.23150  10.50000   0.00000   0.00000   0.00003   0.00130   0.00644
  84.96760   8.74743   0.00000   0.00000   0.00007   0.00261   0.01260
  83.89490   6.94580   0.00000   0.00000   0.00013   0.00466   0.02192
  83.74350  10.94420   0.00000   0.00000   0.00003   0.00132   0.00637
  82.79220   8.69620   0.00000   0.00000   0.00009   0.00313   0.01467
  81.86190   6.92469   0.00000   0.00000   0.00016   0.00546   0.02499
  81.64630  12.53020   0.00000   0.00000   0.00002   0.00076   0.00366
  81.21210  10.25560   0.00000   0.00000   0.00006   0.00205   0.00953
  80.94730   8.40630   0.00000   0.00000   0.00011   0.00390   0.01779
  79.83740   7.02704   0.00000   0.00000   0.00019   0.00616   0.02736
  77.71680   7.13124   0.00000   0.00000   0.00022   0.00694   0.02976
  75.56800   7.10371   0.00000   0.00000   0.00028   0.00802   0.03314
  73.48440   7.09323   0.00000   0.00000   0.00034   0.00914   0.03628
  71.43520   7.08979   0.00000   0.00000   0.00041   0.01031   0.03925
  69.39910   7.08937   0.00000   0.00000   0.00050   0.01155   0.04208
  67.36360   7.09375   0.00000   0.00000   0.00060   0.01287   0.04472
  65.32550   7.10119   0.00000   0.00000   0.00072   0.01426   0.04717
  63.28520   7.10736   0.00000   0.00000   0.00087   0.01576   0.04945
  61.24330   7.10966   0.00000   0.00000   0.00104   0.01737   0.05159
  59.19990   7.10778   0.00000   0.00000   0.00126   0.01912   0.05359
  57.15540   7.10305   0.00000   0.00000   0.00151   0.02101   0.05543
  55.11120   7.09779   0.00000   0.00000   0.00182   0.02303   0.05705
  53.06840   7.09455   0.00000   0.00000   0.00219   0.02516   0.05842
  51.02850   7.09474   0.00000   0.00001   0.00262   0.02739   0.05947
  48.99100   7.09752   0.00000   0.00001   0.00314   0.02971   0.06021
  46.95370   7.10040   0.00000   0.00002   0.00375   0.03215   0.06067
  44.91420   7.10113   0.00000   0.00002   0.00448   0.03471   0.06087
  42.87260   7.09894   0.00000   0.00003   0.00535   0.03740   0.06081
  40.83020   7.09526   0.00000   0.00005   0.00639   0.04018   0.06045
  38.78730   7.09268   0.00000   0.00008   0.00761   0.04298   0.05970
  36.74450   7.09283   0.00000   0.00011   0.00903   0.04572   0.05850
  34.70420   7.09709   0.00000   0.00016   0.01067   0.04830   0.05680
  32.66790   7.11003   0.00000   0.00024   0.01250   0.05049   0.05447
  30.63140   7.13892   0.00000   0.00034   0.01446   0.05200   0.05135
  28.58390   7.18773   0.00000   0.00048   0.01644   0.05252   0.04737
  26.50900   7.25098   0.00000   0.00066   0.01838   0.05198   0.04268
  24.38300   7.30367   0.00000   0.00092   0.02048   0.05089   0.03782
  22.26860   7.20107   0.00000   0.00141   0.02489   0.05353   0.03558
  20.29950   6.99371   0.00000   0.00231   0.03200   0.05928   0.03507
  18.40900   7.01165   0.00000   0.00310   0.03481   0.05654   0.03020
  16.34400   7.21768   0.00000   0.00348   0.03206   0.04580   0.02215
  14.13070   7.23432   0.00000   0.00455   0.03282   0.03987   0.01701
  11.96000   7.10332   0.00000   0.00670   0.03675   0.03703   0.01368
   9.67684   7.09828   0.00000   0.00808   0.03394   0.02844   0.00913
   9.23501   8.94723   0.00000   0.00046   0.00325   0.00393   0.00168
  10.16120   9.92636   0.00000   0.00010   0.00102   0.00159   0.00083
  11.57290  10.26630   0.00000   0.00006   0.00083   0.00146   0.00084
  10.90870   8.70874   0.00000   0.00074   0.00562   0.00707   0.00311
  12.83260   8.89088   0.00000   0.00058   0.00545   0.00792   0.00389
  13.23940  10.56250   0.00000   0.00005   0.00072   0.00145   0.00092
  14.56280  11.97650   0.00000   0.00001   0.00014   0.00038   0.00030
  15.16100   9.47575   0.00000   0.00025   0.00329   0.00601   0.00353
  17.67620   8.94718   0.00000   0.00044   0.00647   0.01256   0.00773
  17.30500  11.52140   0.00000   0.00001   0.00035   0.00098   0.00081
  19.83200  12.21420   0.00000   0.00000   0.00019   0.00067   0.00064
  21.83750  12.63750   0.00000   0.00000   0.00014   0.00056   0.00059
  19.42630  10.10310   0.00000   0.00009   0.00205   0.00514   0.00385
  19.36260   8.37099   0.00000   0.00072   0.01122   0.02241   0.01408
  23.67810  12.79030   0.00000   0.00000   0.00013   0.00059   0.00067
  21.35850  10.75220   0.00000   0.00004   0.00111   0.00334   0.00288
  22.91320  11.33330   0.00000   0.00002   0.00064   0.00222   0.00215
  20.97800   8.80232   0.00000   0.00038   0.00748   0.01731   0.01219
  23.13100   9.37976   0.00000   0.00016   0.00435   0.01213   0.00987
  25.44900   9.16934   0.00000   0.00015   0.00498   0.01543   0.01362
  24.54940  11.06280   0.00000   0.00002   0.00088   0.00321   0.00321
  27.55240   9.06068   0.00000   0.00013   0.00505   0.01741   0.01666
  25.58110  12.73720   0.00000   0.00000   0.00016   0.00074   0.00090
  29.60950   8.98787   0.00000   0.00010   0.00488   0.01869   0.01939
  31.65070   8.94063   0.00000   0.00008   0.00455   0.01938   0.02179
  33.68890   8.91338   0.00000   0.00006   0.00414   0.01958   0.02385
  35.73000   8.89917   0.00000   0.00004   0.00369   0.01941   0.02559
  37.77380   8.89369   0.00000   0.00003   0.00325   0.01897   0.02704
  39.81770   8.89485   0.00000   0.00002   0.00283   0.01833   0.02821
  41.86060   8.89938   0.00000   0.00002   0.00245   0.01757   0.02914
  43.90240   8.90332   0.00000   0.00001   0.00211   0.01674   0.02987
  45.94200   8.90461   0.00000   0.00001   0.00182   0.01590   0.03045
  47.97860   8.90264   0.00000   0.00001   0.00156   0.01505   0.03088
  50.01480   8.89844   0.00000   0.00000   0.00134   0.01419   0.03115
  52.05360   8.89598   0.00000   0.00000   0.00114   0.01332   0.03122
  54.09590   8.89835   0.00000   0.00000   0.00097   0.01243   0.03103
  56.14010   8.90425   0.00000   0.00000   0.00082   0.01154   0.03064
  58.18490   8.91062   0.00000   0.00000   0.00070   0.01067   0.03006
  60.22910   8.91448   0.00000   0.00000   0.00059   0.00984   0.02935
  62.27210   8.91347   0.00000   0.00000   0.00050   0.00906   0.02852
  64.31390   8.90719   0.00000   0.00000   0.00042   0.00832   0.02759
  66.35400   8.89816   0.00000   0.00000   0.00036   0.00762   0.02652
  68.38940   8.89181   0.00000   0.00000   0.00030   0.00694   0.02529
  70.42040   8.88953   0.00000   0.00000   0.00025   0.00627   0.02389
  72.45720   8.88333   0.00000   0.00000   0.00021   0.00565   0.02241
  74.51470   8.87341   0.00000   0.00000   0.00018   0.00506   0.02084
  76.60990   8.90001   0.00000   0.00000   0.00014   0.00443   0.01895
  27.57930  12.67070   0.00000   0.00000   0.00019   0.00094   0.00119
  26.55120  10.92560   0.00000   0.00002   0.00103   0.00407   0.00432
  28.58970  10.84060   0.00000   0.00002   0.00112   0.00480   0.00544
  29.60830  12.61290   0.00000   0.00000   0.00021   0.00114   0.00154
  30.62970  10.78220   0.00000   0.00002   0.00114   0.00539   0.00655
  32.66930  10.74470   0.00000   0.00001   0.00113   0.00584   0.00762
  31.64600  12.57270   0.00000   0.00000   0.00022   0.00132   0.00191
  33.68810  12.54480   0.00000   0.00000   0.00023   0.00149   0.00229
  34.71140  10.72130   0.00000   0.00001   0.00108   0.00616   0.00864
  35.73290  12.52820   0.00000   0.00000   0.00023   0.00164   0.00268
  36.75580  10.70950   0.00000   0.00001   0.00101   0.00635   0.00957
  38.80090  10.70660   0.00000   0.00001   0.00093   0.00643   0.01040
  40.84460  10.70960   0.00000   0.00000   0.00084   0.00643   0.01115
  37.77800  12.52170   0.00000   0.00000   0.00023   0.00176   0.00306
  39.82260  12.52150   0.00000   0.00000   0.00022   0.00185   0.00343
  41.86610  12.52490   0.00000   0.00000   0.00021   0.00192   0.00378
  43.90770  12.52910   0.00000   0.00000   0.00020   0.00196   0.00412
  45.94600  12.53150   0.00000   0.00000   0.00018   0.00199   0.00445
  42.88590  10.71340   0.00000   0.00000   0.00076   0.00636   0.01181
  44.92590  10.71640   0.00000   0.00000   0.00068   0.00625   0.01241
  46.96350  10.71720   0.00000   0.00000   0.00061   0.00610   0.01294
  48.99980  10.71420   0.00000   0.00000   0.00054   0.00593   0.01341
  47.98140  12.53010   0.00000   0.00000   0.00017   0.00201   0.00476
  50.01850  12.52540   0.00000   0.00000   0.00016   0.00201   0.00505
  51.03740  10.70950   0.00000   0.00000   0.00047   0.00574   0.01380
  52.05810  12.52290   0.00000   0.00000   0.00014   0.00199   0.00530
  53.07840  10.70970   0.00000   0.00000   0.00042   0.00550   0.01406
  55.12180  10.71430   0.00000   0.00000   0.00036   0.00523   0.01419
  54.10010  12.52540   0.00000   0.00000   0.00013   0.00196   0.00550
  56.14360  12.53000   0.00000   0.00000   0.00012   0.00191   0.00565
  58.18740  12.53540   0.00000   0.00000   0.00010   0.00184   0.00576
  60.23060  12.53890   0.00000   0.00000   0.00009   0.00177   0.00581
  62.27350  12.53750   0.00000   0.00000   0.00008   0.00170   0.00583
  64.31630  12.53120   0.00000   0.00000   0.00007   0.00162   0.00582
  57.16540  10.71970   0.00000   0.00000   0.00031   0.00495   0.01422
  59.20950  10.72440   0.00000   0.00000   0.00027   0.00466   0.01414
  61.25290  10.72550   0.00000   0.00000   0.00024   0.00438   0.01399
  63.29580  10.72140   0.00000   0.00000   0.00020   0.00410   0.01376
  65.33810  10.71400   0.00000   0.00000   0.00017   0.00382   0.01345
  67.37700  10.70720   0.00000   0.00000   0.00015   0.00354   0.01303
  66.35660  12.52420   0.00000   0.00000   0.00006   0.00153   0.00574
  68.39370  12.51860   0.00000   0.00000   0.00006   0.00144   0.00562
  69.40800  10.70320   0.00000   0.00000   0.00013   0.00326   0.01250
  71.43900  10.69350   0.00000   0.00000   0.00011   0.00298   0.01192
  70.42510  12.51130   0.00000   0.00000   0.00005   0.00134   0.00544
  72.46190  12.48570   0.00000   0.00000   0.00004   0.00125   0.00526
  74.52310  12.42400   0.00000   0.00000   0.00004   0.00118   0.00512
  76.64220  12.29090   0.00000   0.00000   0.00003   0.00113   0.00507
  73.48280  10.66200   0.00000   0.00000   0.00009   0.00274   0.01135
  75.52150  10.61580   0.00000   0.00000   0.00008   0.00251   0.01076
  78.97160   9.15781   0.00000   0.00000   0.00011   0.00350   0.01562
  79.09350  11.86910   0.00000   0.00000   0.00003   0.00120   0.00554
  77.36750  10.56400   0.00000   0.00000   0.00007   0.00231   0.01020
   1.02041   0.00000   0.00000   0.81977   0.15312   0.02002   0.00213
   1.68611   0.83880   0.00000   0.71966   0.22946   0.03679   0.00414
   0.83184   0.94291   0.00000   0.85049   0.12828   0.01569   0.00164
   0.00000   8.00000   0.00000   0.00000   0.00000   0.00000   0.00000
   0.84866   7.51998   0.00000   0.00031   0.00074   0.00042   0.00010
   0.84866   8.51998   0.00000   0.00004   0.00014   0.00012   0.00004
   0.86920   6.41408   0.00000   0.00438   0.00507   0.00175   0.00030
   1.75454   7.05034   0.00000   0.00227   0.00425   0.00203   0.00043
   0.00000   6.00000   0.00000   0.00000   0.00000   0.00000   0.00000
   1.11280   5.55644   0.00000   0.06546   0.03158   0.00647   0.00083
   1.16206   4.25547   0.00000   0.75927   0.14721   0.01789   0.00177
   1.85559   4.94827   0.00000   0.37977   0.13064   0.02161   0.00247
   0.00000   3.75000   0.00000   1.00000   0.00000   0.00000   0.00000
   0.89889   3.24653   0.00000   0.83749   0.13440   0.01605   0.00160
   0.81719   1.99399   0.00000   0.85283   0.12603   0.01520   0.00156
   1.68930   2.45468   0.00000   0.71852   0.22815   0.03599   0.00395
   0.00000   1.25000   0.00000   1.00000   0.00000   0.00000   0.00000
   0.00000   4.37500   0.00000   1.00000   0.00000   0.00000   0.00000
   0.49261   4.13655   0.00000   0.89805   0.07283   0.00690   0.00065
   0.61842   4.62560   0.00000   0.81140   0.07519   0.00729   0.00070
   0.00000   5.50000   0.00000   0.00000   0.00000   0.00000   0.00000
   0.60238   5.28068   0.00000   0.11102   0.02730   0.00414   0.00047
   0.47325   5.69073   0.00000   0.01760   0.00929   0.00201   0.00027
   0.98365   4.93943   0.00000   0.48234   0.08095   0.01009   0.00106
  -0.00398   5.25820   0.00000   0.00000   0.00000   0.00000   0.00000
   0.25800   5.14190   0.00000   0.12463   0.01517   0.00185   0.00020
   0.24981   5.37671   0.00000   0.03035   0.00867   0.00140   0.00016
   0.26592   4.88068   0.00000   0.79614   0.02801   0.00242   0.00024
   0.54348   4.97320   0.00000   0.50424   0.04592   0.00493   0.00051
   0.00000   4.90000   0.00000   1.00000   0.00000   0.00000   0.00000
   0.26554   4.57564   0.00000   0.92356   0.03611   0.00295   0.00028
   2.59684   0.84403   0.00000   0.60162   0.30905   0.06268   0.00777
   2.19225   1.66982   0.00000   0.65140   0.27642   0.05052   0.00595
   2.66081   2.60005   0.00000   0.59230   0.30960   0.06240   0.00758
   3.67052   2.58274   0.00000   0.48364   0.36615   0.09166   0.01246
   3.25976   3.52929   0.00000   0.51077   0.32678   0.07278   0.00921
   4.12868   1.67823   0.00000   0.44332   0.38998   0.10826   0.01574
   4.69546   2.52427   0.00000   0.39298   0.40068   0.12143   0.01849
   3.58128   0.84494   0.00000   0.49495   0.36836   0.09253   0.01278
   4.61718   0.81950   0.00000   0.40233   0.40700   0.12415   0.01919
   3.06122   0.00000   0.00000   0.54886   0.34031   0.07679   0.01004
   4.58140   5.08640   0.00000   0.18553   0.18966   0.05861   0.00922
   5.17098   5.70631   0.00000   0.07758   0.10963   0.04258   0.00782
   4.40888   5.97863   0.00000   0.05176   0.07073   0.02698   0.00492
   3.56210   6.30566   0.00000   0.02557   0.03614   0.01417   0.00264
   4.32181   6.89347   0.00000   0.00915   0.01931   0.01000   0.00226
   2.67843   6.67254   0.00000   0.00896   0.01422   0.00605   0.00119
   2.54326   7.60830   0.00000   0.00110   0.00291   0.00177   0.00045
   2.77252   5.63615   0.00000   0.09199   0.07350   0.01983   0.00292
   2.94013   4.56482   0.00000   0.42346   0.23123   0.04744   0.00585
   3.93313   4.35442   0.00000   0.36904   0.28648   0.07246   0.00995
   4.87534   4.22558   0.00000   0.31043   0.31632   0.09551   0.01456
   5.70432   2.48459   0.00000   0.31961   0.41693   0.14925   0.02530
   5.24951   3.36401   0.00000   0.33751   0.38675   0.12591   0.02000
   5.79337   4.14964   0.00000   0.25761   0.32941   0.11615   0.01956
   6.71448   4.15758   0.00000   0.20817   0.32581   0.13247   0.02458
   6.28232   4.84647   0.00000   0.16158   0.23873   0.09414   0.01725
   7.17079   3.34100   0.00000   0.22289   0.38696   0.16866   0.03269
   7.63803   4.21008   0.00000   0.16584   0.31217   0.14488   0.02953
   6.70551   2.45630   0.00000   0.25981   0.41996   0.17456   0.03275
   7.68803   2.47485   0.00000   0.21137   0.41278   0.19616   0.04046
   6.20557   1.59568   0.00000   0.29118   0.42878   0.16792   0.03038
   5.10204   0.00000   0.00000   0.36498   0.41869   0.13894   0.02266
   5.67670   0.76744   0.00000   0.32487   0.42707   0.15523   0.02682
   6.72566   0.69820   0.00000   0.26243   0.43239   0.18373   0.03526
   7.14286   0.00000   0.00000   0.24105   0.43184   0.19474   0.03897
   7.74607   0.69820   0.00000   0.21290   0.42724   0.20857   0.04411
