

                          .        Kindred and Celia, WRR, 1989, v. 25, p. 1154                           
                          .        Problem 4.1. Aerobic Biodegradation                                    


                              X-Direction Node Coordinates    (m)

           1           2           3           4           5           6           7           8           9          10
              0        0.50        1.00        1.50        2.00        2.50        3.00        3.50        4.00        4.50



          11          12          13          14          15          16          17          18          19          20
           5.00        5.50        6.00        6.50        7.00        7.50        8.00        8.50        9.00        9.50



          21          22          23          24          25          26          27          28          29          30
          10.00       10.50       11.00       11.50       12.00       12.50       13.00       13.50       14.00       14.50



          31          32          33          34          35          36          37          38          39          40
          15.00       15.50       16.00       16.50       17.00       17.50       18.00       18.50       19.00       19.50



          41          42          43          44          45          46          47          48          49          50
          20.00       20.50       21.00       21.50       22.00       22.50       23.00       23.50       24.00       24.50



          51          52          53          54          55          56          57          58          59          60
          25.00       25.50       26.00       26.50       27.00       27.50       28.00       28.50       29.00       29.50



          61          62          63          64          65          66          67          68          69          70
          30.00       30.50       31.00       31.50       32.00       32.50       33.00       33.50       34.00       34.50



          71          72          73          74          75          76          77          78          79          80
          35.00       35.50       36.00       36.50       37.00       37.50       38.00       38.50       39.00       39.50



          81          82          83          84          85          86          87          88          89          90
          40.00       40.50       41.00       41.50       42.00       42.50       43.00       43.50       44.00       44.50



          91          92          93          94          95          96          97          98          99         100
          45.00       45.50       46.00       46.50       47.00       47.50       48.00       48.50       49.00       49.50



         101
          50.00




                              Y-Direction Node Coordinates   (m)

           1           2
              0        1.00




                              Z-Direction Node Coordinates   (m)

           1           2
              0        1.00




                                        *** Initial Conditions ***

                              Initial Solution Indices and Mixing Fraction

                    Vertical Slices

                                                            J =  1

          1          2          3          4          5          6          7          8          9         10
   2   1,-1,1.0   1,-1,1.0   1,-1,1.0   1,-1,1.0   1,-1,1.0   1,-1,1.0   1,-1,1.0   1,-1,1.0   1,-1,1.0   1,-1,1.0  
   1   1,-1,1.0   1,-1,1.0   1,-1,1.0   1,-1,1.0   1,-1,1.0   1,-1,1.0   1,-1,1.0   1,-1,1.0   1,-1,1.0   1,-1,1.0  



         11         12         13         14         15         16         17         18         19         20
   2   1,-1,1.0   1,-1,1.0   1,-1,1.0   1,-1,1.0   1,-1,1.0   1,-1,1.0   1,-1,1.0   1,-1,1.0   1,-1,1.0   1,-1,1.0  
   1   1,-1,1.0   1,-1,1.0   1,-1,1.0   1,-1,1.0   1,-1,1.0   1,-1,1.0   1,-1,1.0   1,-1,1.0   1,-1,1.0   1,-1,1.0  



         21         22         23         24         25         26         27         28         29         30
   2   1,-1,1.0   1,-1,1.0   1,-1,1.0   1,-1,1.0   1,-1,1.0   1,-1,1.0   1,-1,1.0   1,-1,1.0   1,-1,1.0   1,-1,1.0  
   1   1,-1,1.0   1,-1,1.0   1,-1,1.0   1,-1,1.0   1,-1,1.0   1,-1,1.0   1,-1,1.0   1,-1,1.0   1,-1,1.0   1,-1,1.0  



         31         32         33         34         35         36         37         38         39         40
   2   1,-1,1.0   1,-1,1.0   1,-1,1.0   1,-1,1.0   1,-1,1.0   1,-1,1.0   1,-1,1.0   1,-1,1.0   1,-1,1.0   1,-1,1.0  
   1   1,-1,1.0   1,-1,1.0   1,-1,1.0   1,-1,1.0   1,-1,1.0   1,-1,1.0   1,-1,1.0   1,-1,1.0   1,-1,1.0   1,-1,1.0  



         41         42         43         44         45         46         47         48         49         50
   2   1,-1,1.0   1,-1,1.0   1,-1,1.0   1,-1,1.0   1,-1,1.0   1,-1,1.0   1,-1,1.0   1,-1,1.0   1,-1,1.0   1,-1,1.0  
   1   1,-1,1.0   1,-1,1.0   1,-1,1.0   1,-1,1.0   1,-1,1.0   1,-1,1.0   1,-1,1.0   1,-1,1.0   1,-1,1.0   1,-1,1.0  



         51         52         53         54         55         56         57         58         59         60
   2   1,-1,1.0   1,-1,1.0   1,-1,1.0   1,-1,1.0   1,-1,1.0   1,-1,1.0   1,-1,1.0   1,-1,1.0   1,-1,1.0   1,-1,1.0  
   1   1,-1,1.0   1,-1,1.0   1,-1,1.0   1,-1,1.0   1,-1,1.0   1,-1,1.0   1,-1,1.0   1,-1,1.0   1,-1,1.0   1,-1,1.0  



         61         62         63         64         65         66         67         68         69         70
   2   1,-1,1.0   1,-1,1.0   1,-1,1.0   1,-1,1.0   1,-1,1.0   1,-1,1.0   1,-1,1.0   1,-1,1.0   1,-1,1.0   1,-1,1.0  
   1   1,-1,1.0   1,-1,1.0   1,-1,1.0   1,-1,1.0   1,-1,1.0   1,-1,1.0   1,-1,1.0   1,-1,1.0   1,-1,1.0   1,-1,1.0  



         71         72         73         74         75         76         77         78         79         80
   2   1,-1,1.0   1,-1,1.0   1,-1,1.0   1,-1,1.0   1,-1,1.0   1,-1,1.0   1,-1,1.0   1,-1,1.0   1,-1,1.0   1,-1,1.0  
   1   1,-1,1.0   1,-1,1.0   1,-1,1.0   1,-1,1.0   1,-1,1.0   1,-1,1.0   1,-1,1.0   1,-1,1.0   1,-1,1.0   1,-1,1.0  



         81         82         83         84         85         86         87         88         89         90
   2   1,-1,1.0   1,-1,1.0   1,-1,1.0   1,-1,1.0   1,-1,1.0   1,-1,1.0   1,-1,1.0   1,-1,1.0   1,-1,1.0   1,-1,1.0  
   1   1,-1,1.0   1,-1,1.0   1,-1,1.0   1,-1,1.0   1,-1,1.0   1,-1,1.0   1,-1,1.0   1,-1,1.0   1,-1,1.0   1,-1,1.0  



         91         92         93         94         95         96         97         98         99        100
   2   1,-1,1.0   1,-1,1.0   1,-1,1.0   1,-1,1.0   1,-1,1.0   1,-1,1.0   1,-1,1.0   1,-1,1.0   1,-1,1.0   1,-1,1.0  
   1   1,-1,1.0   1,-1,1.0   1,-1,1.0   1,-1,1.0   1,-1,1.0   1,-1,1.0   1,-1,1.0   1,-1,1.0   1,-1,1.0   1,-1,1.0  



        101
   2   1,-1,1.0  
   1   1,-1,1.0  

                                                            J =  2

          1          2          3          4          5          6          7          8          9         10
   2   1,-1,1.0   1,-1,1.0   1,-1,1.0   1,-1,1.0   1,-1,1.0   1,-1,1.0   1,-1,1.0   1,-1,1.0   1,-1,1.0   1,-1,1.0  
   1   1,-1,1.0   1,-1,1.0   1,-1,1.0   1,-1,1.0   1,-1,1.0   1,-1,1.0   1,-1,1.0   1,-1,1.0   1,-1,1.0   1,-1,1.0  



         11         12         13         14         15         16         17         18         19         20
   2   1,-1,1.0   1,-1,1.0   1,-1,1.0   1,-1,1.0   1,-1,1.0   1,-1,1.0   1,-1,1.0   1,-1,1.0   1,-1,1.0   1,-1,1.0  
   1   1,-1,1.0   1,-1,1.0   1,-1,1.0   1,-1,1.0   1,-1,1.0   1,-1,1.0   1,-1,1.0   1,-1,1.0   1,-1,1.0   1,-1,1.0  



         21         22         23         24         25         26         27         28         29         30
   2   1,-1,1.0   1,-1,1.0   1,-1,1.0   1,-1,1.0   1,-1,1.0   1,-1,1.0   1,-1,1.0   1,-1,1.0   1,-1,1.0   1,-1,1.0  
   1   1,-1,1.0   1,-1,1.0   1,-1,1.0   1,-1,1.0   1,-1,1.0   1,-1,1.0   1,-1,1.0   1,-1,1.0   1,-1,1.0   1,-1,1.0  



         31         32         33         34         35         36         37         38         39         40
   2   1,-1,1.0   1,-1,1.0   1,-1,1.0   1,-1,1.0   1,-1,1.0   1,-1,1.0   1,-1,1.0   1,-1,1.0   1,-1,1.0   1,-1,1.0  
   1   1,-1,1.0   1,-1,1.0   1,-1,1.0   1,-1,1.0   1,-1,1.0   1,-1,1.0   1,-1,1.0   1,-1,1.0   1,-1,1.0   1,-1,1.0  



         41         42         43         44         45         46         47         48         49         50
   2   1,-1,1.0   1,-1,1.0   1,-1,1.0   1,-1,1.0   1,-1,1.0   1,-1,1.0   1,-1,1.0   1,-1,1.0   1,-1,1.0   1,-1,1.0  
   1   1,-1,1.0   1,-1,1.0   1,-1,1.0   1,-1,1.0   1,-1,1.0   1,-1,1.0   1,-1,1.0   1,-1,1.0   1,-1,1.0   1,-1,1.0  



         51         52         53         54         55         56         57         58         59         60
   2   1,-1,1.0   1,-1,1.0   1,-1,1.0   1,-1,1.0   1,-1,1.0   1,-1,1.0   1,-1,1.0   1,-1,1.0   1,-1,1.0   1,-1,1.0  
   1   1,-1,1.0   1,-1,1.0   1,-1,1.0   1,-1,1.0   1,-1,1.0   1,-1,1.0   1,-1,1.0   1,-1,1.0   1,-1,1.0   1,-1,1.0  



         61         62         63         64         65         66         67         68         69         70
   2   1,-1,1.0   1,-1,1.0   1,-1,1.0   1,-1,1.0   1,-1,1.0   1,-1,1.0   1,-1,1.0   1,-1,1.0   1,-1,1.0   1,-1,1.0  
   1   1,-1,1.0   1,-1,1.0   1,-1,1.0   1,-1,1.0   1,-1,1.0   1,-1,1.0   1,-1,1.0   1,-1,1.0   1,-1,1.0   1,-1,1.0  



         71         72         73         74         75         76         77         78         79         80
   2   1,-1,1.0   1,-1,1.0   1,-1,1.0   1,-1,1.0   1,-1,1.0   1,-1,1.0   1,-1,1.0   1,-1,1.0   1,-1,1.0   1,-1,1.0  
   1   1,-1,1.0   1,-1,1.0   1,-1,1.0   1,-1,1.0   1,-1,1.0   1,-1,1.0   1,-1,1.0   1,-1,1.0   1,-1,1.0   1,-1,1.0  



         81         82         83         84         85         86         87         88         89         90
   2   1,-1,1.0   1,-1,1.0   1,-1,1.0   1,-1,1.0   1,-1,1.0   1,-1,1.0   1,-1,1.0   1,-1,1.0   1,-1,1.0   1,-1,1.0  
   1   1,-1,1.0   1,-1,1.0   1,-1,1.0   1,-1,1.0   1,-1,1.0   1,-1,1.0   1,-1,1.0   1,-1,1.0   1,-1,1.0   1,-1,1.0  



         91         92         93         94         95         96         97         98         99        100
   2   1,-1,1.0   1,-1,1.0   1,-1,1.0   1,-1,1.0   1,-1,1.0   1,-1,1.0   1,-1,1.0   1,-1,1.0   1,-1,1.0   1,-1,1.0  
   1   1,-1,1.0   1,-1,1.0   1,-1,1.0   1,-1,1.0   1,-1,1.0   1,-1,1.0   1,-1,1.0   1,-1,1.0   1,-1,1.0   1,-1,1.0  



        101
   2   1,-1,1.0  
   1   1,-1,1.0  



                              Initial Equilibrium-Phase Indices and Mixing Fraction

                    Vertical Slices

                                                            J =  1

          1          2          3          4          5          6          7          8          9         10
   2   -1,-1,0.0  -1,-1,0.0  -1,-1,0.0  -1,-1,0.0  -1,-1,0.0  -1,-1,0.0  -1,-1,0.0  -1,-1,0.0  -1,-1,0.0  -1,-1,0.0 
   1   -1,-1,0.0  -1,-1,0.0  -1,-1,0.0  -1,-1,0.0  -1,-1,0.0  -1,-1,0.0  -1,-1,0.0  -1,-1,0.0  -1,-1,0.0  -1,-1,0.0 



         11         12         13         14         15         16         17         18         19         20
   2   -1,-1,0.0  -1,-1,0.0  -1,-1,0.0  -1,-1,0.0  -1,-1,0.0  -1,-1,0.0  -1,-1,0.0  -1,-1,0.0  -1,-1,0.0  -1,-1,0.0 
   1   -1,-1,0.0  -1,-1,0.0  -1,-1,0.0  -1,-1,0.0  -1,-1,0.0  -1,-1,0.0  -1,-1,0.0  -1,-1,0.0  -1,-1,0.0  -1,-1,0.0 



         21         22         23         24         25         26         27         28         29         30
   2   -1,-1,0.0  -1,-1,0.0  -1,-1,0.0  -1,-1,0.0  -1,-1,0.0  -1,-1,0.0  -1,-1,0.0  -1,-1,0.0  -1,-1,0.0  -1,-1,0.0 
   1   -1,-1,0.0  -1,-1,0.0  -1,-1,0.0  -1,-1,0.0  -1,-1,0.0  -1,-1,0.0  -1,-1,0.0  -1,-1,0.0  -1,-1,0.0  -1,-1,0.0 



         31         32         33         34         35         36         37         38         39         40
   2   -1,-1,0.0  -1,-1,0.0  -1,-1,0.0  -1,-1,0.0  -1,-1,0.0  -1,-1,0.0  -1,-1,0.0  -1,-1,0.0  -1,-1,0.0  -1,-1,0.0 
   1   -1,-1,0.0  -1,-1,0.0  -1,-1,0.0  -1,-1,0.0  -1,-1,0.0  -1,-1,0.0  -1,-1,0.0  -1,-1,0.0  -1,-1,0.0  -1,-1,0.0 



         41         42         43         44         45         46         47         48         49         50
   2   -1,-1,0.0  -1,-1,0.0  -1,-1,0.0  -1,-1,0.0  -1,-1,0.0  -1,-1,0.0  -1,-1,0.0  -1,-1,0.0  -1,-1,0.0  -1,-1,0.0 
   1   -1,-1,0.0  -1,-1,0.0  -1,-1,0.0  -1,-1,0.0  -1,-1,0.0  -1,-1,0.0  -1,-1,0.0  -1,-1,0.0  -1,-1,0.0  -1,-1,0.0 



         51         52         53         54         55         56         57         58         59         60
   2   -1,-1,0.0  -1,-1,0.0  -1,-1,0.0  -1,-1,0.0  -1,-1,0.0  -1,-1,0.0  -1,-1,0.0  -1,-1,0.0  -1,-1,0.0  -1,-1,0.0 
   1   -1,-1,0.0  -1,-1,0.0  -1,-1,0.0  -1,-1,0.0  -1,-1,0.0  -1,-1,0.0  -1,-1,0.0  -1,-1,0.0  -1,-1,0.0  -1,-1,0.0 



         61         62         63         64         65         66         67         68         69         70
   2   -1,-1,0.0  -1,-1,0.0  -1,-1,0.0  -1,-1,0.0  -1,-1,0.0  -1,-1,0.0  -1,-1,0.0  -1,-1,0.0  -1,-1,0.0  -1,-1,0.0 
   1   -1,-1,0.0  -1,-1,0.0  -1,-1,0.0  -1,-1,0.0  -1,-1,0.0  -1,-1,0.0  -1,-1,0.0  -1,-1,0.0  -1,-1,0.0  -1,-1,0.0 



         71         72         73         74         75         76         77         78         79         80
   2   -1,-1,0.0  -1,-1,0.0  -1,-1,0.0  -1,-1,0.0  -1,-1,0.0  -1,-1,0.0  -1,-1,0.0  -1,-1,0.0  -1,-1,0.0  -1,-1,0.0 
   1   -1,-1,0.0  -1,-1,0.0  -1,-1,0.0  -1,-1,0.0  -1,-1,0.0  -1,-1,0.0  -1,-1,0.0  -1,-1,0.0  -1,-1,0.0  -1,-1,0.0 



         81         82         83         84         85         86         87         88         89         90
   2   -1,-1,0.0  -1,-1,0.0  -1,-1,0.0  -1,-1,0.0  -1,-1,0.0  -1,-1,0.0  -1,-1,0.0  -1,-1,0.0  -1,-1,0.0  -1,-1,0.0 
   1   -1,-1,0.0  -1,-1,0.0  -1,-1,0.0  -1,-1,0.0  -1,-1,0.0  -1,-1,0.0  -1,-1,0.0  -1,-1,0.0  -1,-1,0.0  -1,-1,0.0 



         91         92         93         94         95         96         97         98         99        100
   2   -1,-1,0.0  -1,-1,0.0  -1,-1,0.0  -1,-1,0.0  -1,-1,0.0  -1,-1,0.0  -1,-1,0.0  -1,-1,0.0  -1,-1,0.0  -1,-1,0.0 
   1   -1,-1,0.0  -1,-1,0.0  -1,-1,0.0  -1,-1,0.0  -1,-1,0.0  -1,-1,0.0  -1,-1,0.0  -1,-1,0.0  -1,-1,0.0  -1,-1,0.0 



        101
   2   -1,-1,0.0 
   1   -1,-1,0.0 

                                                            J =  2

          1          2          3          4          5          6          7          8          9         10
   2   -1,-1,0.0  -1,-1,0.0  -1,-1,0.0  -1,-1,0.0  -1,-1,0.0  -1,-1,0.0  -1,-1,0.0  -1,-1,0.0  -1,-1,0.0  -1,-1,0.0 
   1   -1,-1,0.0  -1,-1,0.0  -1,-1,0.0  -1,-1,0.0  -1,-1,0.0  -1,-1,0.0  -1,-1,0.0  -1,-1,0.0  -1,-1,0.0  -1,-1,0.0 



         11         12         13         14         15         16         17         18         19         20
   2   -1,-1,0.0  -1,-1,0.0  -1,-1,0.0  -1,-1,0.0  -1,-1,0.0  -1,-1,0.0  -1,-1,0.0  -1,-1,0.0  -1,-1,0.0  -1,-1,0.0 
   1   -1,-1,0.0  -1,-1,0.0  -1,-1,0.0  -1,-1,0.0  -1,-1,0.0  -1,-1,0.0  -1,-1,0.0  -1,-1,0.0  -1,-1,0.0  -1,-1,0.0 



         21         22         23         24         25         26         27         28         29         30
   2   -1,-1,0.0  -1,-1,0.0  -1,-1,0.0  -1,-1,0.0  -1,-1,0.0  -1,-1,0.0  -1,-1,0.0  -1,-1,0.0  -1,-1,0.0  -1,-1,0.0 
   1   -1,-1,0.0  -1,-1,0.0  -1,-1,0.0  -1,-1,0.0  -1,-1,0.0  -1,-1,0.0  -1,-1,0.0  -1,-1,0.0  -1,-1,0.0  -1,-1,0.0 



         31         32         33         34         35         36         37         38         39         40
   2   -1,-1,0.0  -1,-1,0.0  -1,-1,0.0  -1,-1,0.0  -1,-1,0.0  -1,-1,0.0  -1,-1,0.0  -1,-1,0.0  -1,-1,0.0  -1,-1,0.0 
   1   -1,-1,0.0  -1,-1,0.0  -1,-1,0.0  -1,-1,0.0  -1,-1,0.0  -1,-1,0.0  -1,-1,0.0  -1,-1,0.0  -1,-1,0.0  -1,-1,0.0 



         41         42         43         44         45         46         47         48         49         50
   2   -1,-1,0.0  -1,-1,0.0  -1,-1,0.0  -1,-1,0.0  -1,-1,0.0  -1,-1,0.0  -1,-1,0.0  -1,-1,0.0  -1,-1,0.0  -1,-1,0.0 
   1   -1,-1,0.0  -1,-1,0.0  -1,-1,0.0  -1,-1,0.0  -1,-1,0.0  -1,-1,0.0  -1,-1,0.0  -1,-1,0.0  -1,-1,0.0  -1,-1,0.0 



         51         52         53         54         55         56         57         58         59         60
   2   -1,-1,0.0  -1,-1,0.0  -1,-1,0.0  -1,-1,0.0  -1,-1,0.0  -1,-1,0.0  -1,-1,0.0  -1,-1,0.0  -1,-1,0.0  -1,-1,0.0 
   1   -1,-1,0.0  -1,-1,0.0  -1,-1,0.0  -1,-1,0.0  -1,-1,0.0  -1,-1,0.0  -1,-1,0.0  -1,-1,0.0  -1,-1,0.0  -1,-1,0.0 



         61         62         63         64         65         66         67         68         69         70
   2   -1,-1,0.0  -1,-1,0.0  -1,-1,0.0  -1,-1,0.0  -1,-1,0.0  -1,-1,0.0  -1,-1,0.0  -1,-1,0.0  -1,-1,0.0  -1,-1,0.0 
   1   -1,-1,0.0  -1,-1,0.0  -1,-1,0.0  -1,-1,0.0  -1,-1,0.0  -1,-1,0.0  -1,-1,0.0  -1,-1,0.0  -1,-1,0.0  -1,-1,0.0 



         71         72         73         74         75         76         77         78         79         80
   2   -1,-1,0.0  -1,-1,0.0  -1,-1,0.0  -1,-1,0.0  -1,-1,0.0  -1,-1,0.0  -1,-1,0.0  -1,-1,0.0  -1,-1,0.0  -1,-1,0.0 
   1   -1,-1,0.0  -1,-1,0.0  -1,-1,0.0  -1,-1,0.0  -1,-1,0.0  -1,-1,0.0  -1,-1,0.0  -1,-1,0.0  -1,-1,0.0  -1,-1,0.0 



         81         82         83         84         85         86         87         88         89         90
   2   -1,-1,0.0  -1,-1,0.0  -1,-1,0.0  -1,-1,0.0  -1,-1,0.0  -1,-1,0.0  -1,-1,0.0  -1,-1,0.0  -1,-1,0.0  -1,-1,0.0 
   1   -1,-1,0.0  -1,-1,0.0  -1,-1,0.0  -1,-1,0.0  -1,-1,0.0  -1,-1,0.0  -1,-1,0.0  -1,-1,0.0  -1,-1,0.0  -1,-1,0.0 



         91         92         93         94         95         96         97         98         99        100
   2   -1,-1,0.0  -1,-1,0.0  -1,-1,0.0  -1,-1,0.0  -1,-1,0.0  -1,-1,0.0  -1,-1,0.0  -1,-1,0.0  -1,-1,0.0  -1,-1,0.0 
   1   -1,-1,0.0  -1,-1,0.0  -1,-1,0.0  -1,-1,0.0  -1,-1,0.0  -1,-1,0.0  -1,-1,0.0  -1,-1,0.0  -1,-1,0.0  -1,-1,0.0 



        101
   2   -1,-1,0.0 
   1   -1,-1,0.0 



                              Initial Exchange Indices and Mixing Fraction

                    Vertical Slices

                                                            J =  1

          1          2          3          4          5          6          7          8          9         10
   2   -1,-1,0.0  -1,-1,0.0  -1,-1,0.0  -1,-1,0.0  -1,-1,0.0  -1,-1,0.0  -1,-1,0.0  -1,-1,0.0  -1,-1,0.0  -1,-1,0.0 
   1   -1,-1,0.0  -1,-1,0.0  -1,-1,0.0  -1,-1,0.0  -1,-1,0.0  -1,-1,0.0  -1,-1,0.0  -1,-1,0.0  -1,-1,0.0  -1,-1,0.0 



         11         12         13         14         15         16         17         18         19         20
   2   -1,-1,0.0  -1,-1,0.0  -1,-1,0.0  -1,-1,0.0  -1,-1,0.0  -1,-1,0.0  -1,-1,0.0  -1,-1,0.0  -1,-1,0.0  -1,-1,0.0 
   1   -1,-1,0.0  -1,-1,0.0  -1,-1,0.0  -1,-1,0.0  -1,-1,0.0  -1,-1,0.0  -1,-1,0.0  -1,-1,0.0  -1,-1,0.0  -1,-1,0.0 



         21         22         23         24         25         26         27         28         29         30
   2   -1,-1,0.0  -1,-1,0.0  -1,-1,0.0  -1,-1,0.0  -1,-1,0.0  -1,-1,0.0  -1,-1,0.0  -1,-1,0.0  -1,-1,0.0  -1,-1,0.0 
   1   -1,-1,0.0  -1,-1,0.0  -1,-1,0.0  -1,-1,0.0  -1,-1,0.0  -1,-1,0.0  -1,-1,0.0  -1,-1,0.0  -1,-1,0.0  -1,-1,0.0 



         31         32         33         34         35         36         37         38         39         40
   2   -1,-1,0.0  -1,-1,0.0  -1,-1,0.0  -1,-1,0.0  -1,-1,0.0  -1,-1,0.0  -1,-1,0.0  -1,-1,0.0  -1,-1,0.0  -1,-1,0.0 
   1   -1,-1,0.0  -1,-1,0.0  -1,-1,0.0  -1,-1,0.0  -1,-1,0.0  -1,-1,0.0  -1,-1,0.0  -1,-1,0.0  -1,-1,0.0  -1,-1,0.0 



         41         42         43         44         45         46         47         48         49         50
   2   -1,-1,0.0  -1,-1,0.0  -1,-1,0.0  -1,-1,0.0  -1,-1,0.0  -1,-1,0.0  -1,-1,0.0  -1,-1,0.0  -1,-1,0.0  -1,-1,0.0 
   1   -1,-1,0.0  -1,-1,0.0  -1,-1,0.0  -1,-1,0.0  -1,-1,0.0  -1,-1,0.0  -1,-1,0.0  -1,-1,0.0  -1,-1,0.0  -1,-1,0.0 



         51         52         53         54         55         56         57         58         59         60
   2   -1,-1,0.0  -1,-1,0.0  -1,-1,0.0  -1,-1,0.0  -1,-1,0.0  -1,-1,0.0  -1,-1,0.0  -1,-1,0.0  -1,-1,0.0  -1,-1,0.0 
   1   -1,-1,0.0  -1,-1,0.0  -1,-1,0.0  -1,-1,0.0  -1,-1,0.0  -1,-1,0.0  -1,-1,0.0  -1,-1,0.0  -1,-1,0.0  -1,-1,0.0 



         61         62         63         64         65         66         67         68         69         70
   2   -1,-1,0.0  -1,-1,0.0  -1,-1,0.0  -1,-1,0.0  -1,-1,0.0  -1,-1,0.0  -1,-1,0.0  -1,-1,0.0  -1,-1,0.0  -1,-1,0.0 
   1   -1,-1,0.0  -1,-1,0.0  -1,-1,0.0  -1,-1,0.0  -1,-1,0.0  -1,-1,0.0  -1,-1,0.0  -1,-1,0.0  -1,-1,0.0  -1,-1,0.0 



         71         72         73         74         75         76         77         78         79         80
   2   -1,-1,0.0  -1,-1,0.0  -1,-1,0.0  -1,-1,0.0  -1,-1,0.0  -1,-1,0.0  -1,-1,0.0  -1,-1,0.0  -1,-1,0.0  -1,-1,0.0 
   1   -1,-1,0.0  -1,-1,0.0  -1,-1,0.0  -1,-1,0.0  -1,-1,0.0  -1,-1,0.0  -1,-1,0.0  -1,-1,0.0  -1,-1,0.0  -1,-1,0.0 



         81         82         83         84         85         86         87         88         89         90
   2   -1,-1,0.0  -1,-1,0.0  -1,-1,0.0  -1,-1,0.0  -1,-1,0.0  -1,-1,0.0  -1,-1,0.0  -1,-1,0.0  -1,-1,0.0  -1,-1,0.0 
   1   -1,-1,0.0  -1,-1,0.0  -1,-1,0.0  -1,-1,0.0  -1,-1,0.0  -1,-1,0.0  -1,-1,0.0  -1,-1,0.0  -1,-1,0.0  -1,-1,0.0 



         91         92         93         94         95         96         97         98         99        100
   2   -1,-1,0.0  -1,-1,0.0  -1,-1,0.0  -1,-1,0.0  -1,-1,0.0  -1,-1,0.0  -1,-1,0.0  -1,-1,0.0  -1,-1,0.0  -1,-1,0.0 
   1   -1,-1,0.0  -1,-1,0.0  -1,-1,0.0  -1,-1,0.0  -1,-1,0.0  -1,-1,0.0  -1,-1,0.0  -1,-1,0.0  -1,-1,0.0  -1,-1,0.0 



        101
   2   -1,-1,0.0 
   1   -1,-1,0.0 

                                                            J =  2

          1          2          3          4          5          6          7          8          9         10
   2   -1,-1,0.0  -1,-1,0.0  -1,-1,0.0  -1,-1,0.0  -1,-1,0.0  -1,-1,0.0  -1,-1,0.0  -1,-1,0.0  -1,-1,0.0  -1,-1,0.0 
   1   -1,-1,0.0  -1,-1,0.0  -1,-1,0.0  -1,-1,0.0  -1,-1,0.0  -1,-1,0.0  -1,-1,0.0  -1,-1,0.0  -1,-1,0.0  -1,-1,0.0 



         11         12         13         14         15         16         17         18         19         20
   2   -1,-1,0.0  -1,-1,0.0  -1,-1,0.0  -1,-1,0.0  -1,-1,0.0  -1,-1,0.0  -1,-1,0.0  -1,-1,0.0  -1,-1,0.0  -1,-1,0.0 
   1   -1,-1,0.0  -1,-1,0.0  -1,-1,0.0  -1,-1,0.0  -1,-1,0.0  -1,-1,0.0  -1,-1,0.0  -1,-1,0.0  -1,-1,0.0  -1,-1,0.0 



         21         22         23         24         25         26         27         28         29         30
   2   -1,-1,0.0  -1,-1,0.0  -1,-1,0.0  -1,-1,0.0  -1,-1,0.0  -1,-1,0.0  -1,-1,0.0  -1,-1,0.0  -1,-1,0.0  -1,-1,0.0 
   1   -1,-1,0.0  -1,-1,0.0  -1,-1,0.0  -1,-1,0.0  -1,-1,0.0  -1,-1,0.0  -1,-1,0.0  -1,-1,0.0  -1,-1,0.0  -1,-1,0.0 



         31         32         33         34         35         36         37         38         39         40
   2   -1,-1,0.0  -1,-1,0.0  -1,-1,0.0  -1,-1,0.0  -1,-1,0.0  -1,-1,0.0  -1,-1,0.0  -1,-1,0.0  -1,-1,0.0  -1,-1,0.0 
   1   -1,-1,0.0  -1,-1,0.0  -1,-1,0.0  -1,-1,0.0  -1,-1,0.0  -1,-1,0.0  -1,-1,0.0  -1,-1,0.0  -1,-1,0.0  -1,-1,0.0 



         41         42         43         44         45         46         47         48         49         50
   2   -1,-1,0.0  -1,-1,0.0  -1,-1,0.0  -1,-1,0.0  -1,-1,0.0  -1,-1,0.0  -1,-1,0.0  -1,-1,0.0  -1,-1,0.0  -1,-1,0.0 
   1   -1,-1,0.0  -1,-1,0.0  -1,-1,0.0  -1,-1,0.0  -1,-1,0.0  -1,-1,0.0  -1,-1,0.0  -1,-1,0.0  -1,-1,0.0  -1,-1,0.0 



         51         52         53         54         55         56         57         58         59         60
   2   -1,-1,0.0  -1,-1,0.0  -1,-1,0.0  -1,-1,0.0  -1,-1,0.0  -1,-1,0.0  -1,-1,0.0  -1,-1,0.0  -1,-1,0.0  -1,-1,0.0 
   1   -1,-1,0.0  -1,-1,0.0  -1,-1,0.0  -1,-1,0.0  -1,-1,0.0  -1,-1,0.0  -1,-1,0.0  -1,-1,0.0  -1,-1,0.0  -1,-1,0.0 



         61         62         63         64         65         66         67         68         69         70
   2   -1,-1,0.0  -1,-1,0.0  -1,-1,0.0  -1,-1,0.0  -1,-1,0.0  -1,-1,0.0  -1,-1,0.0  -1,-1,0.0  -1,-1,0.0  -1,-1,0.0 
   1   -1,-1,0.0  -1,-1,0.0  -1,-1,0.0  -1,-1,0.0  -1,-1,0.0  -1,-1,0.0  -1,-1,0.0  -1,-1,0.0  -1,-1,0.0  -1,-1,0.0 



         71         72         73         74         75         76         77         78         79         80
   2   -1,-1,0.0  -1,-1,0.0  -1,-1,0.0  -1,-1,0.0  -1,-1,0.0  -1,-1,0.0  -1,-1,0.0  -1,-1,0.0  -1,-1,0.0  -1,-1,0.0 
   1   -1,-1,0.0  -1,-1,0.0  -1,-1,0.0  -1,-1,0.0  -1,-1,0.0  -1,-1,0.0  -1,-1,0.0  -1,-1,0.0  -1,-1,0.0  -1,-1,0.0 



         81         82         83         84         85         86         87         88         89         90
   2   -1,-1,0.0  -1,-1,0.0  -1,-1,0.0  -1,-1,0.0  -1,-1,0.0  -1,-1,0.0  -1,-1,0.0  -1,-1,0.0  -1,-1,0.0  -1,-1,0.0 
   1   -1,-1,0.0  -1,-1,0.0  -1,-1,0.0  -1,-1,0.0  -1,-1,0.0  -1,-1,0.0  -1,-1,0.0  -1,-1,0.0  -1,-1,0.0  -1,-1,0.0 



         91         92         93         94         95         96         97         98         99        100
   2   -1,-1,0.0  -1,-1,0.0  -1,-1,0.0  -1,-1,0.0  -1,-1,0.0  -1,-1,0.0  -1,-1,0.0  -1,-1,0.0  -1,-1,0.0  -1,-1,0.0 
   1   -1,-1,0.0  -1,-1,0.0  -1,-1,0.0  -1,-1,0.0  -1,-1,0.0  -1,-1,0.0  -1,-1,0.0  -1,-1,0.0  -1,-1,0.0  -1,-1,0.0 



        101
   2   -1,-1,0.0 
   1   -1,-1,0.0 



                              Initial Surface Indices and Mixing Fraction

                    Vertical Slices

                                                            J =  1

          1          2          3          4          5          6          7          8          9         10
   2   -1,-1,0.0  -1,-1,0.0  -1,-1,0.0  -1,-1,0.0  -1,-1,0.0  -1,-1,0.0  -1,-1,0.0  -1,-1,0.0  -1,-1,0.0  -1,-1,0.0 
   1   -1,-1,0.0  -1,-1,0.0  -1,-1,0.0  -1,-1,0.0  -1,-1,0.0  -1,-1,0.0  -1,-1,0.0  -1,-1,0.0  -1,-1,0.0  -1,-1,0.0 



         11         12         13         14         15         16         17         18         19         20
   2   -1,-1,0.0  -1,-1,0.0  -1,-1,0.0  -1,-1,0.0  -1,-1,0.0  -1,-1,0.0  -1,-1,0.0  -1,-1,0.0  -1,-1,0.0  -1,-1,0.0 
   1   -1,-1,0.0  -1,-1,0.0  -1,-1,0.0  -1,-1,0.0  -1,-1,0.0  -1,-1,0.0  -1,-1,0.0  -1,-1,0.0  -1,-1,0.0  -1,-1,0.0 



         21         22         23         24         25         26         27         28         29         30
   2   -1,-1,0.0  -1,-1,0.0  -1,-1,0.0  -1,-1,0.0  -1,-1,0.0  -1,-1,0.0  -1,-1,0.0  -1,-1,0.0  -1,-1,0.0  -1,-1,0.0 
   1   -1,-1,0.0  -1,-1,0.0  -1,-1,0.0  -1,-1,0.0  -1,-1,0.0  -1,-1,0.0  -1,-1,0.0  -1,-1,0.0  -1,-1,0.0  -1,-1,0.0 



         31         32         33         34         35         36         37         38         39         40
   2   -1,-1,0.0  -1,-1,0.0  -1,-1,0.0  -1,-1,0.0  -1,-1,0.0  -1,-1,0.0  -1,-1,0.0  -1,-1,0.0  -1,-1,0.0  -1,-1,0.0 
   1   -1,-1,0.0  -1,-1,0.0  -1,-1,0.0  -1,-1,0.0  -1,-1,0.0  -1,-1,0.0  -1,-1,0.0  -1,-1,0.0  -1,-1,0.0  -1,-1,0.0 



         41         42         43         44         45         46         47         48         49         50
   2   -1,-1,0.0  -1,-1,0.0  -1,-1,0.0  -1,-1,0.0  -1,-1,0.0  -1,-1,0.0  -1,-1,0.0  -1,-1,0.0  -1,-1,0.0  -1,-1,0.0 
   1   -1,-1,0.0  -1,-1,0.0  -1,-1,0.0  -1,-1,0.0  -1,-1,0.0  -1,-1,0.0  -1,-1,0.0  -1,-1,0.0  -1,-1,0.0  -1,-1,0.0 



         51         52         53         54         55         56         57         58         59         60
   2   -1,-1,0.0  -1,-1,0.0  -1,-1,0.0  -1,-1,0.0  -1,-1,0.0  -1,-1,0.0  -1,-1,0.0  -1,-1,0.0  -1,-1,0.0  -1,-1,0.0 
   1   -1,-1,0.0  -1,-1,0.0  -1,-1,0.0  -1,-1,0.0  -1,-1,0.0  -1,-1,0.0  -1,-1,0.0  -1,-1,0.0  -1,-1,0.0  -1,-1,0.0 



         61         62         63         64         65         66         67         68         69         70
   2   -1,-1,0.0  -1,-1,0.0  -1,-1,0.0  -1,-1,0.0  -1,-1,0.0  -1,-1,0.0  -1,-1,0.0  -1,-1,0.0  -1,-1,0.0  -1,-1,0.0 
   1   -1,-1,0.0  -1,-1,0.0  -1,-1,0.0  -1,-1,0.0  -1,-1,0.0  -1,-1,0.0  -1,-1,0.0  -1,-1,0.0  -1,-1,0.0  -1,-1,0.0 



         71         72         73         74         75         76         77         78         79         80
   2   -1,-1,0.0  -1,-1,0.0  -1,-1,0.0  -1,-1,0.0  -1,-1,0.0  -1,-1,0.0  -1,-1,0.0  -1,-1,0.0  -1,-1,0.0  -1,-1,0.0 
   1   -1,-1,0.0  -1,-1,0.0  -1,-1,0.0  -1,-1,0.0  -1,-1,0.0  -1,-1,0.0  -1,-1,0.0  -1,-1,0.0  -1,-1,0.0  -1,-1,0.0 



         81         82         83         84         85         86         87         88         89         90
   2   -1,-1,0.0  -1,-1,0.0  -1,-1,0.0  -1,-1,0.0  -1,-1,0.0  -1,-1,0.0  -1,-1,0.0  -1,-1,0.0  -1,-1,0.0  -1,-1,0.0 
   1   -1,-1,0.0  -1,-1,0.0  -1,-1,0.0  -1,-1,0.0  -1,-1,0.0  -1,-1,0.0  -1,-1,0.0  -1,-1,0.0  -1,-1,0.0  -1,-1,0.0 



         91         92         93         94         95         96         97         98         99        100
   2   -1,-1,0.0  -1,-1,0.0  -1,-1,0.0  -1,-1,0.0  -1,-1,0.0  -1,-1,0.0  -1,-1,0.0  -1,-1,0.0  -1,-1,0.0  -1,-1,0.0 
   1   -1,-1,0.0  -1,-1,0.0  -1,-1,0.0  -1,-1,0.0  -1,-1,0.0  -1,-1,0.0  -1,-1,0.0  -1,-1,0.0  -1,-1,0.0  -1,-1,0.0 



        101
   2   -1,-1,0.0 
   1   -1,-1,0.0 

                                                            J =  2

          1          2          3          4          5          6          7          8          9         10
   2   -1,-1,0.0  -1,-1,0.0  -1,-1,0.0  -1,-1,0.0  -1,-1,0.0  -1,-1,0.0  -1,-1,0.0  -1,-1,0.0  -1,-1,0.0  -1,-1,0.0 
   1   -1,-1,0.0  -1,-1,0.0  -1,-1,0.0  -1,-1,0.0  -1,-1,0.0  -1,-1,0.0  -1,-1,0.0  -1,-1,0.0  -1,-1,0.0  -1,-1,0.0 



         11         12         13         14         15         16         17         18         19         20
   2   -1,-1,0.0  -1,-1,0.0  -1,-1,0.0  -1,-1,0.0  -1,-1,0.0  -1,-1,0.0  -1,-1,0.0  -1,-1,0.0  -1,-1,0.0  -1,-1,0.0 
   1   -1,-1,0.0  -1,-1,0.0  -1,-1,0.0  -1,-1,0.0  -1,-1,0.0  -1,-1,0.0  -1,-1,0.0  -1,-1,0.0  -1,-1,0.0  -1,-1,0.0 



         21         22         23         24         25         26         27         28         29         30
   2   -1,-1,0.0  -1,-1,0.0  -1,-1,0.0  -1,-1,0.0  -1,-1,0.0  -1,-1,0.0  -1,-1,0.0  -1,-1,0.0  -1,-1,0.0  -1,-1,0.0 
   1   -1,-1,0.0  -1,-1,0.0  -1,-1,0.0  -1,-1,0.0  -1,-1,0.0  -1,-1,0.0  -1,-1,0.0  -1,-1,0.0  -1,-1,0.0  -1,-1,0.0 



         31         32         33         34         35         36         37         38         39         40
   2   -1,-1,0.0  -1,-1,0.0  -1,-1,0.0  -1,-1,0.0  -1,-1,0.0  -1,-1,0.0  -1,-1,0.0  -1,-1,0.0  -1,-1,0.0  -1,-1,0.0 
   1   -1,-1,0.0  -1,-1,0.0  -1,-1,0.0  -1,-1,0.0  -1,-1,0.0  -1,-1,0.0  -1,-1,0.0  -1,-1,0.0  -1,-1,0.0  -1,-1,0.0 



         41         42         43         44         45         46         47         48         49         50
   2   -1,-1,0.0  -1,-1,0.0  -1,-1,0.0  -1,-1,0.0  -1,-1,0.0  -1,-1,0.0  -1,-1,0.0  -1,-1,0.0  -1,-1,0.0  -1,-1,0.0 
   1   -1,-1,0.0  -1,-1,0.0  -1,-1,0.0  -1,-1,0.0  -1,-1,0.0  -1,-1,0.0  -1,-1,0.0  -1,-1,0.0  -1,-1,0.0  -1,-1,0.0 



         51         52         53         54         55         56         57         58         59         60
   2   -1,-1,0.0  -1,-1,0.0  -1,-1,0.0  -1,-1,0.0  -1,-1,0.0  -1,-1,0.0  -1,-1,0.0  -1,-1,0.0  -1,-1,0.0  -1,-1,0.0 
   1   -1,-1,0.0  -1,-1,0.0  -1,-1,0.0  -1,-1,0.0  -1,-1,0.0  -1,-1,0.0  -1,-1,0.0  -1,-1,0.0  -1,-1,0.0  -1,-1,0.0 



         61         62         63         64         65         66         67         68         69         70
   2   -1,-1,0.0  -1,-1,0.0  -1,-1,0.0  -1,-1,0.0  -1,-1,0.0  -1,-1,0.0  -1,-1,0.0  -1,-1,0.0  -1,-1,0.0  -1,-1,0.0 
   1   -1,-1,0.0  -1,-1,0.0  -1,-1,0.0  -1,-1,0.0  -1,-1,0.0  -1,-1,0.0  -1,-1,0.0  -1,-1,0.0  -1,-1,0.0  -1,-1,0.0 



         71         72         73         74         75         76         77         78         79         80
   2   -1,-1,0.0  -1,-1,0.0  -1,-1,0.0  -1,-1,0.0  -1,-1,0.0  -1,-1,0.0  -1,-1,0.0  -1,-1,0.0  -1,-1,0.0  -1,-1,0.0 
   1   -1,-1,0.0  -1,-1,0.0  -1,-1,0.0  -1,-1,0.0  -1,-1,0.0  -1,-1,0.0  -1,-1,0.0  -1,-1,0.0  -1,-1,0.0  -1,-1,0.0 



         81         82         83         84         85         86         87         88         89         90
   2   -1,-1,0.0  -1,-1,0.0  -1,-1,0.0  -1,-1,0.0  -1,-1,0.0  -1,-1,0.0  -1,-1,0.0  -1,-1,0.0  -1,-1,0.0  -1,-1,0.0 
   1   -1,-1,0.0  -1,-1,0.0  -1,-1,0.0  -1,-1,0.0  -1,-1,0.0  -1,-1,0.0  -1,-1,0.0  -1,-1,0.0  -1,-1,0.0  -1,-1,0.0 



         91         92         93         94         95         96         97         98         99        100
   2   -1,-1,0.0  -1,-1,0.0  -1,-1,0.0  -1,-1,0.0  -1,-1,0.0  -1,-1,0.0  -1,-1,0.0  -1,-1,0.0  -1,-1,0.0  -1,-1,0.0 
   1   -1,-1,0.0  -1,-1,0.0  -1,-1,0.0  -1,-1,0.0  -1,-1,0.0  -1,-1,0.0  -1,-1,0.0  -1,-1,0.0  -1,-1,0.0  -1,-1,0.0 



        101
   2   -1,-1,0.0 
   1   -1,-1,0.0 



                              Initial Gas-Phase Indices and Mixing Fraction

                    Vertical Slices

                                                            J =  1

          1          2          3          4          5          6          7          8          9         10
   2   -1,-1,0.0  -1,-1,0.0  -1,-1,0.0  -1,-1,0.0  -1,-1,0.0  -1,-1,0.0  -1,-1,0.0  -1,-1,0.0  -1,-1,0.0  -1,-1,0.0 
   1   -1,-1,0.0  -1,-1,0.0  -1,-1,0.0  -1,-1,0.0  -1,-1,0.0  -1,-1,0.0  -1,-1,0.0  -1,-1,0.0  -1,-1,0.0  -1,-1,0.0 



         11         12         13         14         15         16         17         18         19         20
   2   -1,-1,0.0  -1,-1,0.0  -1,-1,0.0  -1,-1,0.0  -1,-1,0.0  -1,-1,0.0  -1,-1,0.0  -1,-1,0.0  -1,-1,0.0  -1,-1,0.0 
   1   -1,-1,0.0  -1,-1,0.0  -1,-1,0.0  -1,-1,0.0  -1,-1,0.0  -1,-1,0.0  -1,-1,0.0  -1,-1,0.0  -1,-1,0.0  -1,-1,0.0 



         21         22         23         24         25         26         27         28         29         30
   2   -1,-1,0.0  -1,-1,0.0  -1,-1,0.0  -1,-1,0.0  -1,-1,0.0  -1,-1,0.0  -1,-1,0.0  -1,-1,0.0  -1,-1,0.0  -1,-1,0.0 
   1   -1,-1,0.0  -1,-1,0.0  -1,-1,0.0  -1,-1,0.0  -1,-1,0.0  -1,-1,0.0  -1,-1,0.0  -1,-1,0.0  -1,-1,0.0  -1,-1,0.0 



         31         32         33         34         35         36         37         38         39         40
   2   -1,-1,0.0  -1,-1,0.0  -1,-1,0.0  -1,-1,0.0  -1,-1,0.0  -1,-1,0.0  -1,-1,0.0  -1,-1,0.0  -1,-1,0.0  -1,-1,0.0 
   1   -1,-1,0.0  -1,-1,0.0  -1,-1,0.0  -1,-1,0.0  -1,-1,0.0  -1,-1,0.0  -1,-1,0.0  -1,-1,0.0  -1,-1,0.0  -1,-1,0.0 



         41         42         43         44         45         46         47         48         49         50
   2   -1,-1,0.0  -1,-1,0.0  -1,-1,0.0  -1,-1,0.0  -1,-1,0.0  -1,-1,0.0  -1,-1,0.0  -1,-1,0.0  -1,-1,0.0  -1,-1,0.0 
   1   -1,-1,0.0  -1,-1,0.0  -1,-1,0.0  -1,-1,0.0  -1,-1,0.0  -1,-1,0.0  -1,-1,0.0  -1,-1,0.0  -1,-1,0.0  -1,-1,0.0 



         51         52         53         54         55         56         57         58         59         60
   2   -1,-1,0.0  -1,-1,0.0  -1,-1,0.0  -1,-1,0.0  -1,-1,0.0  -1,-1,0.0  -1,-1,0.0  -1,-1,0.0  -1,-1,0.0  -1,-1,0.0 
   1   -1,-1,0.0  -1,-1,0.0  -1,-1,0.0  -1,-1,0.0  -1,-1,0.0  -1,-1,0.0  -1,-1,0.0  -1,-1,0.0  -1,-1,0.0  -1,-1,0.0 



         61         62         63         64         65         66         67         68         69         70
   2   -1,-1,0.0  -1,-1,0.0  -1,-1,0.0  -1,-1,0.0  -1,-1,0.0  -1,-1,0.0  -1,-1,0.0  -1,-1,0.0  -1,-1,0.0  -1,-1,0.0 
   1   -1,-1,0.0  -1,-1,0.0  -1,-1,0.0  -1,-1,0.0  -1,-1,0.0  -1,-1,0.0  -1,-1,0.0  -1,-1,0.0  -1,-1,0.0  -1,-1,0.0 



         71         72         73         74         75         76         77         78         79         80
   2   -1,-1,0.0  -1,-1,0.0  -1,-1,0.0  -1,-1,0.0  -1,-1,0.0  -1,-1,0.0  -1,-1,0.0  -1,-1,0.0  -1,-1,0.0  -1,-1,0.0 
   1   -1,-1,0.0  -1,-1,0.0  -1,-1,0.0  -1,-1,0.0  -1,-1,0.0  -1,-1,0.0  -1,-1,0.0  -1,-1,0.0  -1,-1,0.0  -1,-1,0.0 



         81         82         83         84         85         86         87         88         89         90
   2   -1,-1,0.0  -1,-1,0.0  -1,-1,0.0  -1,-1,0.0  -1,-1,0.0  -1,-1,0.0  -1,-1,0.0  -1,-1,0.0  -1,-1,0.0  -1,-1,0.0 
   1   -1,-1,0.0  -1,-1,0.0  -1,-1,0.0  -1,-1,0.0  -1,-1,0.0  -1,-1,0.0  -1,-1,0.0  -1,-1,0.0  -1,-1,0.0  -1,-1,0.0 



         91         92         93         94         95         96         97         98         99        100
   2   -1,-1,0.0  -1,-1,0.0  -1,-1,0.0  -1,-1,0.0  -1,-1,0.0  -1,-1,0.0  -1,-1,0.0  -1,-1,0.0  -1,-1,0.0  -1,-1,0.0 
   1   -1,-1,0.0  -1,-1,0.0  -1,-1,0.0  -1,-1,0.0  -1,-1,0.0  -1,-1,0.0  -1,-1,0.0  -1,-1,0.0  -1,-1,0.0  -1,-1,0.0 



        101
   2   -1,-1,0.0 
   1   -1,-1,0.0 

                                                            J =  2

          1          2          3          4          5          6          7          8          9         10
   2   -1,-1,0.0  -1,-1,0.0  -1,-1,0.0  -1,-1,0.0  -1,-1,0.0  -1,-1,0.0  -1,-1,0.0  -1,-1,0.0  -1,-1,0.0  -1,-1,0.0 
   1   -1,-1,0.0  -1,-1,0.0  -1,-1,0.0  -1,-1,0.0  -1,-1,0.0  -1,-1,0.0  -1,-1,0.0  -1,-1,0.0  -1,-1,0.0  -1,-1,0.0 



         11         12         13         14         15         16         17         18         19         20
   2   -1,-1,0.0  -1,-1,0.0  -1,-1,0.0  -1,-1,0.0  -1,-1,0.0  -1,-1,0.0  -1,-1,0.0  -1,-1,0.0  -1,-1,0.0  -1,-1,0.0 
   1   -1,-1,0.0  -1,-1,0.0  -1,-1,0.0  -1,-1,0.0  -1,-1,0.0  -1,-1,0.0  -1,-1,0.0  -1,-1,0.0  -1,-1,0.0  -1,-1,0.0 



         21         22         23         24         25         26         27         28         29         30
   2   -1,-1,0.0  -1,-1,0.0  -1,-1,0.0  -1,-1,0.0  -1,-1,0.0  -1,-1,0.0  -1,-1,0.0  -1,-1,0.0  -1,-1,0.0  -1,-1,0.0 
   1   -1,-1,0.0  -1,-1,0.0  -1,-1,0.0  -1,-1,0.0  -1,-1,0.0  -1,-1,0.0  -1,-1,0.0  -1,-1,0.0  -1,-1,0.0  -1,-1,0.0 



         31         32         33         34         35         36         37         38         39         40
   2   -1,-1,0.0  -1,-1,0.0  -1,-1,0.0  -1,-1,0.0  -1,-1,0.0  -1,-1,0.0  -1,-1,0.0  -1,-1,0.0  -1,-1,0.0  -1,-1,0.0 
   1   -1,-1,0.0  -1,-1,0.0  -1,-1,0.0  -1,-1,0.0  -1,-1,0.0  -1,-1,0.0  -1,-1,0.0  -1,-1,0.0  -1,-1,0.0  -1,-1,0.0 



         41         42         43         44         45         46         47         48         49         50
   2   -1,-1,0.0  -1,-1,0.0  -1,-1,0.0  -1,-1,0.0  -1,-1,0.0  -1,-1,0.0  -1,-1,0.0  -1,-1,0.0  -1,-1,0.0  -1,-1,0.0 
   1   -1,-1,0.0  -1,-1,0.0  -1,-1,0.0  -1,-1,0.0  -1,-1,0.0  -1,-1,0.0  -1,-1,0.0  -1,-1,0.0  -1,-1,0.0  -1,-1,0.0 



         51         52         53         54         55         56         57         58         59         60
   2   -1,-1,0.0  -1,-1,0.0  -1,-1,0.0  -1,-1,0.0  -1,-1,0.0  -1,-1,0.0  -1,-1,0.0  -1,-1,0.0  -1,-1,0.0  -1,-1,0.0 
   1   -1,-1,0.0  -1,-1,0.0  -1,-1,0.0  -1,-1,0.0  -1,-1,0.0  -1,-1,0.0  -1,-1,0.0  -1,-1,0.0  -1,-1,0.0  -1,-1,0.0 



         61         62         63         64         65         66         67         68         69         70
   2   -1,-1,0.0  -1,-1,0.0  -1,-1,0.0  -1,-1,0.0  -1,-1,0.0  -1,-1,0.0  -1,-1,0.0  -1,-1,0.0  -1,-1,0.0  -1,-1,0.0 
   1   -1,-1,0.0  -1,-1,0.0  -1,-1,0.0  -1,-1,0.0  -1,-1,0.0  -1,-1,0.0  -1,-1,0.0  -1,-1,0.0  -1,-1,0.0  -1,-1,0.0 



         71         72         73         74         75         76         77         78         79         80
   2   -1,-1,0.0  -1,-1,0.0  -1,-1,0.0  -1,-1,0.0  -1,-1,0.0  -1,-1,0.0  -1,-1,0.0  -1,-1,0.0  -1,-1,0.0  -1,-1,0.0 
   1   -1,-1,0.0  -1,-1,0.0  -1,-1,0.0  -1,-1,0.0  -1,-1,0.0  -1,-1,0.0  -1,-1,0.0  -1,-1,0.0  -1,-1,0.0  -1,-1,0.0 



         81         82         83         84         85         86         87         88         89         90
   2   -1,-1,0.0  -1,-1,0.0  -1,-1,0.0  -1,-1,0.0  -1,-1,0.0  -1,-1,0.0  -1,-1,0.0  -1,-1,0.0  -1,-1,0.0  -1,-1,0.0 
   1   -1,-1,0.0  -1,-1,0.0  -1,-1,0.0  -1,-1,0.0  -1,-1,0.0  -1,-1,0.0  -1,-1,0.0  -1,-1,0.0  -1,-1,0.0  -1,-1,0.0 



         91         92         93         94         95         96         97         98         99        100
   2   -1,-1,0.0  -1,-1,0.0  -1,-1,0.0  -1,-1,0.0  -1,-1,0.0  -1,-1,0.0  -1,-1,0.0  -1,-1,0.0  -1,-1,0.0  -1,-1,0.0 
   1   -1,-1,0.0  -1,-1,0.0  -1,-1,0.0  -1,-1,0.0  -1,-1,0.0  -1,-1,0.0  -1,-1,0.0  -1,-1,0.0  -1,-1,0.0  -1,-1,0.0 



        101
   2   -1,-1,0.0 
   1   -1,-1,0.0 



                              Initial Solid-Solution Indices and Mixing Fraction

                    Vertical Slices

                                                            J =  1

          1          2          3          4          5          6          7          8          9         10
   2   -1,-1,0.0  -1,-1,0.0  -1,-1,0.0  -1,-1,0.0  -1,-1,0.0  -1,-1,0.0  -1,-1,0.0  -1,-1,0.0  -1,-1,0.0  -1,-1,0.0 
   1   -1,-1,0.0  -1,-1,0.0  -1,-1,0.0  -1,-1,0.0  -1,-1,0.0  -1,-1,0.0  -1,-1,0.0  -1,-1,0.0  -1,-1,0.0  -1,-1,0.0 



         11         12         13         14         15         16         17         18         19         20
   2   -1,-1,0.0  -1,-1,0.0  -1,-1,0.0  -1,-1,0.0  -1,-1,0.0  -1,-1,0.0  -1,-1,0.0  -1,-1,0.0  -1,-1,0.0  -1,-1,0.0 
   1   -1,-1,0.0  -1,-1,0.0  -1,-1,0.0  -1,-1,0.0  -1,-1,0.0  -1,-1,0.0  -1,-1,0.0  -1,-1,0.0  -1,-1,0.0  -1,-1,0.0 



         21         22         23         24         25         26         27         28         29         30
   2   -1,-1,0.0  -1,-1,0.0  -1,-1,0.0  -1,-1,0.0  -1,-1,0.0  -1,-1,0.0  -1,-1,0.0  -1,-1,0.0  -1,-1,0.0  -1,-1,0.0 
   1   -1,-1,0.0  -1,-1,0.0  -1,-1,0.0  -1,-1,0.0  -1,-1,0.0  -1,-1,0.0  -1,-1,0.0  -1,-1,0.0  -1,-1,0.0  -1,-1,0.0 



         31         32         33         34         35         36         37         38         39         40
   2   -1,-1,0.0  -1,-1,0.0  -1,-1,0.0  -1,-1,0.0  -1,-1,0.0  -1,-1,0.0  -1,-1,0.0  -1,-1,0.0  -1,-1,0.0  -1,-1,0.0 
   1   -1,-1,0.0  -1,-1,0.0  -1,-1,0.0  -1,-1,0.0  -1,-1,0.0  -1,-1,0.0  -1,-1,0.0  -1,-1,0.0  -1,-1,0.0  -1,-1,0.0 



         41         42         43         44         45         46         47         48         49         50
   2   -1,-1,0.0  -1,-1,0.0  -1,-1,0.0  -1,-1,0.0  -1,-1,0.0  -1,-1,0.0  -1,-1,0.0  -1,-1,0.0  -1,-1,0.0  -1,-1,0.0 
   1   -1,-1,0.0  -1,-1,0.0  -1,-1,0.0  -1,-1,0.0  -1,-1,0.0  -1,-1,0.0  -1,-1,0.0  -1,-1,0.0  -1,-1,0.0  -1,-1,0.0 



         51         52         53         54         55         56         57         58         59         60
   2   -1,-1,0.0  -1,-1,0.0  -1,-1,0.0  -1,-1,0.0  -1,-1,0.0  -1,-1,0.0  -1,-1,0.0  -1,-1,0.0  -1,-1,0.0  -1,-1,0.0 
   1   -1,-1,0.0  -1,-1,0.0  -1,-1,0.0  -1,-1,0.0  -1,-1,0.0  -1,-1,0.0  -1,-1,0.0  -1,-1,0.0  -1,-1,0.0  -1,-1,0.0 



         61         62         63         64         65         66         67         68         69         70
   2   -1,-1,0.0  -1,-1,0.0  -1,-1,0.0  -1,-1,0.0  -1,-1,0.0  -1,-1,0.0  -1,-1,0.0  -1,-1,0.0  -1,-1,0.0  -1,-1,0.0 
   1   -1,-1,0.0  -1,-1,0.0  -1,-1,0.0  -1,-1,0.0  -1,-1,0.0  -1,-1,0.0  -1,-1,0.0  -1,-1,0.0  -1,-1,0.0  -1,-1,0.0 



         71         72         73         74         75         76         77         78         79         80
   2   -1,-1,0.0  -1,-1,0.0  -1,-1,0.0  -1,-1,0.0  -1,-1,0.0  -1,-1,0.0  -1,-1,0.0  -1,-1,0.0  -1,-1,0.0  -1,-1,0.0 
   1   -1,-1,0.0  -1,-1,0.0  -1,-1,0.0  -1,-1,0.0  -1,-1,0.0  -1,-1,0.0  -1,-1,0.0  -1,-1,0.0  -1,-1,0.0  -1,-1,0.0 



         81         82         83         84         85         86         87         88         89         90
   2   -1,-1,0.0  -1,-1,0.0  -1,-1,0.0  -1,-1,0.0  -1,-1,0.0  -1,-1,0.0  -1,-1,0.0  -1,-1,0.0  -1,-1,0.0  -1,-1,0.0 
   1   -1,-1,0.0  -1,-1,0.0  -1,-1,0.0  -1,-1,0.0  -1,-1,0.0  -1,-1,0.0  -1,-1,0.0  -1,-1,0.0  -1,-1,0.0  -1,-1,0.0 



         91         92         93         94         95         96         97         98         99        100
   2   -1,-1,0.0  -1,-1,0.0  -1,-1,0.0  -1,-1,0.0  -1,-1,0.0  -1,-1,0.0  -1,-1,0.0  -1,-1,0.0  -1,-1,0.0  -1,-1,0.0 
   1   -1,-1,0.0  -1,-1,0.0  -1,-1,0.0  -1,-1,0.0  -1,-1,0.0  -1,-1,0.0  -1,-1,0.0  -1,-1,0.0  -1,-1,0.0  -1,-1,0.0 



        101
   2   -1,-1,0.0 
   1   -1,-1,0.0 

                                                            J =  2

          1          2          3          4          5          6          7          8          9         10
   2   -1,-1,0.0  -1,-1,0.0  -1,-1,0.0  -1,-1,0.0  -1,-1,0.0  -1,-1,0.0  -1,-1,0.0  -1,-1,0.0  -1,-1,0.0  -1,-1,0.0 
   1   -1,-1,0.0  -1,-1,0.0  -1,-1,0.0  -1,-1,0.0  -1,-1,0.0  -1,-1,0.0  -1,-1,0.0  -1,-1,0.0  -1,-1,0.0  -1,-1,0.0 



         11         12         13         14         15         16         17         18         19         20
   2   -1,-1,0.0  -1,-1,0.0  -1,-1,0.0  -1,-1,0.0  -1,-1,0.0  -1,-1,0.0  -1,-1,0.0  -1,-1,0.0  -1,-1,0.0  -1,-1,0.0 
   1   -1,-1,0.0  -1,-1,0.0  -1,-1,0.0  -1,-1,0.0  -1,-1,0.0  -1,-1,0.0  -1,-1,0.0  -1,-1,0.0  -1,-1,0.0  -1,-1,0.0 



         21         22         23         24         25         26         27         28         29         30
   2   -1,-1,0.0  -1,-1,0.0  -1,-1,0.0  -1,-1,0.0  -1,-1,0.0  -1,-1,0.0  -1,-1,0.0  -1,-1,0.0  -1,-1,0.0  -1,-1,0.0 
   1   -1,-1,0.0  -1,-1,0.0  -1,-1,0.0  -1,-1,0.0  -1,-1,0.0  -1,-1,0.0  -1,-1,0.0  -1,-1,0.0  -1,-1,0.0  -1,-1,0.0 



         31         32         33         34         35         36         37         38         39         40
   2   -1,-1,0.0  -1,-1,0.0  -1,-1,0.0  -1,-1,0.0  -1,-1,0.0  -1,-1,0.0  -1,-1,0.0  -1,-1,0.0  -1,-1,0.0  -1,-1,0.0 
   1   -1,-1,0.0  -1,-1,0.0  -1,-1,0.0  -1,-1,0.0  -1,-1,0.0  -1,-1,0.0  -1,-1,0.0  -1,-1,0.0  -1,-1,0.0  -1,-1,0.0 



         41         42         43         44         45         46         47         48         49         50
   2   -1,-1,0.0  -1,-1,0.0  -1,-1,0.0  -1,-1,0.0  -1,-1,0.0  -1,-1,0.0  -1,-1,0.0  -1,-1,0.0  -1,-1,0.0  -1,-1,0.0 
   1   -1,-1,0.0  -1,-1,0.0  -1,-1,0.0  -1,-1,0.0  -1,-1,0.0  -1,-1,0.0  -1,-1,0.0  -1,-1,0.0  -1,-1,0.0  -1,-1,0.0 



         51         52         53         54         55         56         57         58         59         60
   2   -1,-1,0.0  -1,-1,0.0  -1,-1,0.0  -1,-1,0.0  -1,-1,0.0  -1,-1,0.0  -1,-1,0.0  -1,-1,0.0  -1,-1,0.0  -1,-1,0.0 
   1   -1,-1,0.0  -1,-1,0.0  -1,-1,0.0  -1,-1,0.0  -1,-1,0.0  -1,-1,0.0  -1,-1,0.0  -1,-1,0.0  -1,-1,0.0  -1,-1,0.0 



         61         62         63         64         65         66         67         68         69         70
   2   -1,-1,0.0  -1,-1,0.0  -1,-1,0.0  -1,-1,0.0  -1,-1,0.0  -1,-1,0.0  -1,-1,0.0  -1,-1,0.0  -1,-1,0.0  -1,-1,0.0 
   1   -1,-1,0.0  -1,-1,0.0  -1,-1,0.0  -1,-1,0.0  -1,-1,0.0  -1,-1,0.0  -1,-1,0.0  -1,-1,0.0  -1,-1,0.0  -1,-1,0.0 



         71         72         73         74         75         76         77         78         79         80
   2   -1,-1,0.0  -1,-1,0.0  -1,-1,0.0  -1,-1,0.0  -1,-1,0.0  -1,-1,0.0  -1,-1,0.0  -1,-1,0.0  -1,-1,0.0  -1,-1,0.0 
   1   -1,-1,0.0  -1,-1,0.0  -1,-1,0.0  -1,-1,0.0  -1,-1,0.0  -1,-1,0.0  -1,-1,0.0  -1,-1,0.0  -1,-1,0.0  -1,-1,0.0 



         81         82         83         84         85         86         87         88         89         90
   2   -1,-1,0.0  -1,-1,0.0  -1,-1,0.0  -1,-1,0.0  -1,-1,0.0  -1,-1,0.0  -1,-1,0.0  -1,-1,0.0  -1,-1,0.0  -1,-1,0.0 
   1   -1,-1,0.0  -1,-1,0.0  -1,-1,0.0  -1,-1,0.0  -1,-1,0.0  -1,-1,0.0  -1,-1,0.0  -1,-1,0.0  -1,-1,0.0  -1,-1,0.0 



         91         92         93         94         95         96         97         98         99        100
   2   -1,-1,0.0  -1,-1,0.0  -1,-1,0.0  -1,-1,0.0  -1,-1,0.0  -1,-1,0.0  -1,-1,0.0  -1,-1,0.0  -1,-1,0.0  -1,-1,0.0 
   1   -1,-1,0.0  -1,-1,0.0  -1,-1,0.0  -1,-1,0.0  -1,-1,0.0  -1,-1,0.0  -1,-1,0.0  -1,-1,0.0  -1,-1,0.0  -1,-1,0.0 



        101
   2   -1,-1,0.0 
   1   -1,-1,0.0 



                              Initial Kinetic-Reaction Indices and Mixing Fraction

                    Vertical Slices

                                                            J =  1

          1          2          3          4          5          6          7          8          9         10
   2   2,-1,1.0   1,-1,1.0   1,-1,1.0   1,-1,1.0   1,-1,1.0   1,-1,1.0   1,-1,1.0   1,-1,1.0   1,-1,1.0   1,-1,1.0  
   1   2,-1,1.0   1,-1,1.0   1,-1,1.0   1,-1,1.0   1,-1,1.0   1,-1,1.0   1,-1,1.0   1,-1,1.0   1,-1,1.0   1,-1,1.0  



         11         12         13         14         15         16         17         18         19         20
   2   1,-1,1.0   1,-1,1.0   1,-1,1.0   1,-1,1.0   1,-1,1.0   1,-1,1.0   1,-1,1.0   1,-1,1.0   1,-1,1.0   1,-1,1.0  
   1   1,-1,1.0   1,-1,1.0   1,-1,1.0   1,-1,1.0   1,-1,1.0   1,-1,1.0   1,-1,1.0   1,-1,1.0   1,-1,1.0   1,-1,1.0  



         21         22         23         24         25         26         27         28         29         30
   2   1,-1,1.0   1,-1,1.0   1,-1,1.0   1,-1,1.0   1,-1,1.0   1,-1,1.0   1,-1,1.0   1,-1,1.0   1,-1,1.0   1,-1,1.0  
   1   1,-1,1.0   1,-1,1.0   1,-1,1.0   1,-1,1.0   1,-1,1.0   1,-1,1.0   1,-1,1.0   1,-1,1.0   1,-1,1.0   1,-1,1.0  



         31         32         33         34         35         36         37         38         39         40
   2   1,-1,1.0   1,-1,1.0   1,-1,1.0   1,-1,1.0   1,-1,1.0   1,-1,1.0   1,-1,1.0   1,-1,1.0   1,-1,1.0   1,-1,1.0  
   1   1,-1,1.0   1,-1,1.0   1,-1,1.0   1,-1,1.0   1,-1,1.0   1,-1,1.0   1,-1,1.0   1,-1,1.0   1,-1,1.0   1,-1,1.0  



         41         42         43         44         45         46         47         48         49         50
   2   1,-1,1.0   1,-1,1.0   1,-1,1.0   1,-1,1.0   1,-1,1.0   1,-1,1.0   1,-1,1.0   1,-1,1.0   1,-1,1.0   1,-1,1.0  
   1   1,-1,1.0   1,-1,1.0   1,-1,1.0   1,-1,1.0   1,-1,1.0   1,-1,1.0   1,-1,1.0   1,-1,1.0   1,-1,1.0   1,-1,1.0  



         51         52         53         54         55         56         57         58         59         60
   2   1,-1,1.0   1,-1,1.0   1,-1,1.0   1,-1,1.0   1,-1,1.0   1,-1,1.0   1,-1,1.0   1,-1,1.0   1,-1,1.0   1,-1,1.0  
   1   1,-1,1.0   1,-1,1.0   1,-1,1.0   1,-1,1.0   1,-1,1.0   1,-1,1.0   1,-1,1.0   1,-1,1.0   1,-1,1.0   1,-1,1.0  



         61         62         63         64         65         66         67         68         69         70
   2   1,-1,1.0   1,-1,1.0   1,-1,1.0   1,-1,1.0   1,-1,1.0   1,-1,1.0   1,-1,1.0   1,-1,1.0   1,-1,1.0   1,-1,1.0  
   1   1,-1,1.0   1,-1,1.0   1,-1,1.0   1,-1,1.0   1,-1,1.0   1,-1,1.0   1,-1,1.0   1,-1,1.0   1,-1,1.0   1,-1,1.0  



         71         72         73         74         75         76         77         78         79         80
   2   1,-1,1.0   1,-1,1.0   1,-1,1.0   1,-1,1.0   1,-1,1.0   1,-1,1.0   1,-1,1.0   1,-1,1.0   1,-1,1.0   1,-1,1.0  
   1   1,-1,1.0   1,-1,1.0   1,-1,1.0   1,-1,1.0   1,-1,1.0   1,-1,1.0   1,-1,1.0   1,-1,1.0   1,-1,1.0   1,-1,1.0  



         81         82         83         84         85         86         87         88         89         90
   2   1,-1,1.0   1,-1,1.0   1,-1,1.0   1,-1,1.0   1,-1,1.0   1,-1,1.0   1,-1,1.0   1,-1,1.0   1,-1,1.0   1,-1,1.0  
   1   1,-1,1.0   1,-1,1.0   1,-1,1.0   1,-1,1.0   1,-1,1.0   1,-1,1.0   1,-1,1.0   1,-1,1.0   1,-1,1.0   1,-1,1.0  



         91         92         93         94         95         96         97         98         99        100
   2   1,-1,1.0   1,-1,1.0   1,-1,1.0   1,-1,1.0   1,-1,1.0   1,-1,1.0   1,-1,1.0   1,-1,1.0   1,-1,1.0   1,-1,1.0  
   1   1,-1,1.0   1,-1,1.0   1,-1,1.0   1,-1,1.0   1,-1,1.0   1,-1,1.0   1,-1,1.0   1,-1,1.0   1,-1,1.0   1,-1,1.0  



        101
   2   1,-1,1.0  
   1   1,-1,1.0  

                                                            J =  2

          1          2          3          4          5          6          7          8          9         10
   2   2,-1,1.0   1,-1,1.0   1,-1,1.0   1,-1,1.0   1,-1,1.0   1,-1,1.0   1,-1,1.0   1,-1,1.0   1,-1,1.0   1,-1,1.0  
   1   2,-1,1.0   1,-1,1.0   1,-1,1.0   1,-1,1.0   1,-1,1.0   1,-1,1.0   1,-1,1.0   1,-1,1.0   1,-1,1.0   1,-1,1.0  



         11         12         13         14         15         16         17         18         19         20
   2   1,-1,1.0   1,-1,1.0   1,-1,1.0   1,-1,1.0   1,-1,1.0   1,-1,1.0   1,-1,1.0   1,-1,1.0   1,-1,1.0   1,-1,1.0  
   1   1,-1,1.0   1,-1,1.0   1,-1,1.0   1,-1,1.0   1,-1,1.0   1,-1,1.0   1,-1,1.0   1,-1,1.0   1,-1,1.0   1,-1,1.0  



         21         22         23         24         25         26         27         28         29         30
   2   1,-1,1.0   1,-1,1.0   1,-1,1.0   1,-1,1.0   1,-1,1.0   1,-1,1.0   1,-1,1.0   1,-1,1.0   1,-1,1.0   1,-1,1.0  
   1   1,-1,1.0   1,-1,1.0   1,-1,1.0   1,-1,1.0   1,-1,1.0   1,-1,1.0   1,-1,1.0   1,-1,1.0   1,-1,1.0   1,-1,1.0  



         31         32         33         34         35         36         37         38         39         40
   2   1,-1,1.0   1,-1,1.0   1,-1,1.0   1,-1,1.0   1,-1,1.0   1,-1,1.0   1,-1,1.0   1,-1,1.0   1,-1,1.0   1,-1,1.0  
   1   1,-1,1.0   1,-1,1.0   1,-1,1.0   1,-1,1.0   1,-1,1.0   1,-1,1.0   1,-1,1.0   1,-1,1.0   1,-1,1.0   1,-1,1.0  



         41         42         43         44         45         46         47         48         49         50
   2   1,-1,1.0   1,-1,1.0   1,-1,1.0   1,-1,1.0   1,-1,1.0   1,-1,1.0   1,-1,1.0   1,-1,1.0   1,-1,1.0   1,-1,1.0  
   1   1,-1,1.0   1,-1,1.0   1,-1,1.0   1,-1,1.0   1,-1,1.0   1,-1,1.0   1,-1,1.0   1,-1,1.0   1,-1,1.0   1,-1,1.0  



         51         52         53         54         55         56         57         58         59         60
   2   1,-1,1.0   1,-1,1.0   1,-1,1.0   1,-1,1.0   1,-1,1.0   1,-1,1.0   1,-1,1.0   1,-1,1.0   1,-1,1.0   1,-1,1.0  
   1   1,-1,1.0   1,-1,1.0   1,-1,1.0   1,-1,1.0   1,-1,1.0   1,-1,1.0   1,-1,1.0   1,-1,1.0   1,-1,1.0   1,-1,1.0  



         61         62         63         64         65         66         67         68         69         70
   2   1,-1,1.0   1,-1,1.0   1,-1,1.0   1,-1,1.0   1,-1,1.0   1,-1,1.0   1,-1,1.0   1,-1,1.0   1,-1,1.0   1,-1,1.0  
   1   1,-1,1.0   1,-1,1.0   1,-1,1.0   1,-1,1.0   1,-1,1.0   1,-1,1.0   1,-1,1.0   1,-1,1.0   1,-1,1.0   1,-1,1.0  



         71         72         73         74         75         76         77         78         79         80
   2   1,-1,1.0   1,-1,1.0   1,-1,1.0   1,-1,1.0   1,-1,1.0   1,-1,1.0   1,-1,1.0   1,-1,1.0   1,-1,1.0   1,-1,1.0  
   1   1,-1,1.0   1,-1,1.0   1,-1,1.0   1,-1,1.0   1,-1,1.0   1,-1,1.0   1,-1,1.0   1,-1,1.0   1,-1,1.0   1,-1,1.0  



         81         82         83         84         85         86         87         88         89         90
   2   1,-1,1.0   1,-1,1.0   1,-1,1.0   1,-1,1.0   1,-1,1.0   1,-1,1.0   1,-1,1.0   1,-1,1.0   1,-1,1.0   1,-1,1.0  
   1   1,-1,1.0   1,-1,1.0   1,-1,1.0   1,-1,1.0   1,-1,1.0   1,-1,1.0   1,-1,1.0   1,-1,1.0   1,-1,1.0   1,-1,1.0  



         91         92         93         94         95         96         97         98         99        100
   2   1,-1,1.0   1,-1,1.0   1,-1,1.0   1,-1,1.0   1,-1,1.0   1,-1,1.0   1,-1,1.0   1,-1,1.0   1,-1,1.0   1,-1,1.0  
   1   1,-1,1.0   1,-1,1.0   1,-1,1.0   1,-1,1.0   1,-1,1.0   1,-1,1.0   1,-1,1.0   1,-1,1.0   1,-1,1.0   1,-1,1.0  



        101
   2   1,-1,1.0  
   1   1,-1,1.0  



                              Initial Molality (mol/kgw)

                              Component: H         

                    Vertical Slices

                                                            J =  1

           1           2           3           4           5           6           7           8           9          10
  2  2.0018e-07  2.0018e-07  2.0018e-07  2.0018e-07  2.0018e-07  2.0018e-07  2.0018e-07  2.0018e-07  2.0018e-07  2.0018e-07
  1  2.0018e-07  2.0018e-07  2.0018e-07  2.0018e-07  2.0018e-07  2.0018e-07  2.0018e-07  2.0018e-07  2.0018e-07  2.0018e-07



          11          12          13          14          15          16          17          18          19          20
  2  2.0018e-07  2.0018e-07  2.0018e-07  2.0018e-07  2.0018e-07  2.0018e-07  2.0018e-07  2.0018e-07  2.0018e-07  2.0018e-07
  1  2.0018e-07  2.0018e-07  2.0018e-07  2.0018e-07  2.0018e-07  2.0018e-07  2.0018e-07  2.0018e-07  2.0018e-07  2.0018e-07



          21          22          23          24          25          26          27          28          29          30
  2  2.0018e-07  2.0018e-07  2.0018e-07  2.0018e-07  2.0018e-07  2.0018e-07  2.0018e-07  2.0018e-07  2.0018e-07  2.0018e-07
  1  2.0018e-07  2.0018e-07  2.0018e-07  2.0018e-07  2.0018e-07  2.0018e-07  2.0018e-07  2.0018e-07  2.0018e-07  2.0018e-07



          31          32          33          34          35          36          37          38          39          40
  2  2.0018e-07  2.0018e-07  2.0018e-07  2.0018e-07  2.0018e-07  2.0018e-07  2.0018e-07  2.0018e-07  2.0018e-07  2.0018e-07
  1  2.0018e-07  2.0018e-07  2.0018e-07  2.0018e-07  2.0018e-07  2.0018e-07  2.0018e-07  2.0018e-07  2.0018e-07  2.0018e-07



          41          42          43          44          45          46          47          48          49          50
  2  2.0018e-07  2.0018e-07  2.0018e-07  2.0018e-07  2.0018e-07  2.0018e-07  2.0018e-07  2.0018e-07  2.0018e-07  2.0018e-07
  1  2.0018e-07  2.0018e-07  2.0018e-07  2.0018e-07  2.0018e-07  2.0018e-07  2.0018e-07  2.0018e-07  2.0018e-07  2.0018e-07



          51          52          53          54          55          56          57          58          59          60
  2  2.0018e-07  2.0018e-07  2.0018e-07  2.0018e-07  2.0018e-07  2.0018e-07  2.0018e-07  2.0018e-07  2.0018e-07  2.0018e-07
  1  2.0018e-07  2.0018e-07  2.0018e-07  2.0018e-07  2.0018e-07  2.0018e-07  2.0018e-07  2.0018e-07  2.0018e-07  2.0018e-07



          61          62          63          64          65          66          67          68          69          70
  2  2.0018e-07  2.0018e-07  2.0018e-07  2.0018e-07  2.0018e-07  2.0018e-07  2.0018e-07  2.0018e-07  2.0018e-07  2.0018e-07
  1  2.0018e-07  2.0018e-07  2.0018e-07  2.0018e-07  2.0018e-07  2.0018e-07  2.0018e-07  2.0018e-07  2.0018e-07  2.0018e-07



          71          72          73          74          75          76          77          78          79          80
  2  2.0018e-07  2.0018e-07  2.0018e-07  2.0018e-07  2.0018e-07  2.0018e-07  2.0018e-07  2.0018e-07  2.0018e-07  2.0018e-07
  1  2.0018e-07  2.0018e-07  2.0018e-07  2.0018e-07  2.0018e-07  2.0018e-07  2.0018e-07  2.0018e-07  2.0018e-07  2.0018e-07



          81          82          83          84          85          86          87          88          89          90
  2  2.0018e-07  2.0018e-07  2.0018e-07  2.0018e-07  2.0018e-07  2.0018e-07  2.0018e-07  2.0018e-07  2.0018e-07  2.0018e-07
  1  2.0018e-07  2.0018e-07  2.0018e-07  2.0018e-07  2.0018e-07  2.0018e-07  2.0018e-07  2.0018e-07  2.0018e-07  2.0018e-07



          91          92          93          94          95          96          97          98          99         100
  2  2.0018e-07  2.0018e-07  2.0018e-07  2.0018e-07  2.0018e-07  2.0018e-07  2.0018e-07  2.0018e-07  2.0018e-07  2.0018e-07
  1  2.0018e-07  2.0018e-07  2.0018e-07  2.0018e-07  2.0018e-07  2.0018e-07  2.0018e-07  2.0018e-07  2.0018e-07  2.0018e-07



         101
  2  2.0018e-07
  1  2.0018e-07

                                                            J =  2

           1           2           3           4           5           6           7           8           9          10
  2  2.0018e-07  2.0018e-07  2.0018e-07  2.0018e-07  2.0018e-07  2.0018e-07  2.0018e-07  2.0018e-07  2.0018e-07  2.0018e-07
  1  2.0018e-07  2.0018e-07  2.0018e-07  2.0018e-07  2.0018e-07  2.0018e-07  2.0018e-07  2.0018e-07  2.0018e-07  2.0018e-07



          11          12          13          14          15          16          17          18          19          20
  2  2.0018e-07  2.0018e-07  2.0018e-07  2.0018e-07  2.0018e-07  2.0018e-07  2.0018e-07  2.0018e-07  2.0018e-07  2.0018e-07
  1  2.0018e-07  2.0018e-07  2.0018e-07  2.0018e-07  2.0018e-07  2.0018e-07  2.0018e-07  2.0018e-07  2.0018e-07  2.0018e-07



          21          22          23          24          25          26          27          28          29          30
  2  2.0018e-07  2.0018e-07  2.0018e-07  2.0018e-07  2.0018e-07  2.0018e-07  2.0018e-07  2.0018e-07  2.0018e-07  2.0018e-07
  1  2.0018e-07  2.0018e-07  2.0018e-07  2.0018e-07  2.0018e-07  2.0018e-07  2.0018e-07  2.0018e-07  2.0018e-07  2.0018e-07



          31          32          33          34          35          36          37          38          39          40
  2  2.0018e-07  2.0018e-07  2.0018e-07  2.0018e-07  2.0018e-07  2.0018e-07  2.0018e-07  2.0018e-07  2.0018e-07  2.0018e-07
  1  2.0018e-07  2.0018e-07  2.0018e-07  2.0018e-07  2.0018e-07  2.0018e-07  2.0018e-07  2.0018e-07  2.0018e-07  2.0018e-07



          41          42          43          44          45          46          47          48          49          50
  2  2.0018e-07  2.0018e-07  2.0018e-07  2.0018e-07  2.0018e-07  2.0018e-07  2.0018e-07  2.0018e-07  2.0018e-07  2.0018e-07
  1  2.0018e-07  2.0018e-07  2.0018e-07  2.0018e-07  2.0018e-07  2.0018e-07  2.0018e-07  2.0018e-07  2.0018e-07  2.0018e-07



          51          52          53          54          55          56          57          58          59          60
  2  2.0018e-07  2.0018e-07  2.0018e-07  2.0018e-07  2.0018e-07  2.0018e-07  2.0018e-07  2.0018e-07  2.0018e-07  2.0018e-07
  1  2.0018e-07  2.0018e-07  2.0018e-07  2.0018e-07  2.0018e-07  2.0018e-07  2.0018e-07  2.0018e-07  2.0018e-07  2.0018e-07



          61          62          63          64          65          66          67          68          69          70
  2  2.0018e-07  2.0018e-07  2.0018e-07  2.0018e-07  2.0018e-07  2.0018e-07  2.0018e-07  2.0018e-07  2.0018e-07  2.0018e-07
  1  2.0018e-07  2.0018e-07  2.0018e-07  2.0018e-07  2.0018e-07  2.0018e-07  2.0018e-07  2.0018e-07  2.0018e-07  2.0018e-07



          71          72          73          74          75          76          77          78          79          80
  2  2.0018e-07  2.0018e-07  2.0018e-07  2.0018e-07  2.0018e-07  2.0018e-07  2.0018e-07  2.0018e-07  2.0018e-07  2.0018e-07
  1  2.0018e-07  2.0018e-07  2.0018e-07  2.0018e-07  2.0018e-07  2.0018e-07  2.0018e-07  2.0018e-07  2.0018e-07  2.0018e-07



          81          82          83          84          85          86          87          88          89          90
  2  2.0018e-07  2.0018e-07  2.0018e-07  2.0018e-07  2.0018e-07  2.0018e-07  2.0018e-07  2.0018e-07  2.0018e-07  2.0018e-07
  1  2.0018e-07  2.0018e-07  2.0018e-07  2.0018e-07  2.0018e-07  2.0018e-07  2.0018e-07  2.0018e-07  2.0018e-07  2.0018e-07



          91          92          93          94          95          96          97          98          99         100
  2  2.0018e-07  2.0018e-07  2.0018e-07  2.0018e-07  2.0018e-07  2.0018e-07  2.0018e-07  2.0018e-07  2.0018e-07  2.0018e-07
  1  2.0018e-07  2.0018e-07  2.0018e-07  2.0018e-07  2.0018e-07  2.0018e-07  2.0018e-07  2.0018e-07  2.0018e-07  2.0018e-07



         101
  2  2.0018e-07
  1  2.0018e-07



                              Initial Molality (mol/kgw)

                              Component: O         

                    Vertical Slices

                                                            J =  1

           1           2           3           4           5           6           7           8           9          10
  2  1.8760e-04  1.8760e-04  1.8760e-04  1.8760e-04  1.8760e-04  1.8760e-04  1.8760e-04  1.8760e-04  1.8760e-04  1.8760e-04
  1  1.8760e-04  1.8760e-04  1.8760e-04  1.8760e-04  1.8760e-04  1.8760e-04  1.8760e-04  1.8760e-04  1.8760e-04  1.8760e-04



          11          12          13          14          15          16          17          18          19          20
  2  1.8760e-04  1.8760e-04  1.8760e-04  1.8760e-04  1.8760e-04  1.8760e-04  1.8760e-04  1.8760e-04  1.8760e-04  1.8760e-04
  1  1.8760e-04  1.8760e-04  1.8760e-04  1.8760e-04  1.8760e-04  1.8760e-04  1.8760e-04  1.8760e-04  1.8760e-04  1.8760e-04



          21          22          23          24          25          26          27          28          29          30
  2  1.8760e-04  1.8760e-04  1.8760e-04  1.8760e-04  1.8760e-04  1.8760e-04  1.8760e-04  1.8760e-04  1.8760e-04  1.8760e-04
  1  1.8760e-04  1.8760e-04  1.8760e-04  1.8760e-04  1.8760e-04  1.8760e-04  1.8760e-04  1.8760e-04  1.8760e-04  1.8760e-04



          31          32          33          34          35          36          37          38          39          40
  2  1.8760e-04  1.8760e-04  1.8760e-04  1.8760e-04  1.8760e-04  1.8760e-04  1.8760e-04  1.8760e-04  1.8760e-04  1.8760e-04
  1  1.8760e-04  1.8760e-04  1.8760e-04  1.8760e-04  1.8760e-04  1.8760e-04  1.8760e-04  1.8760e-04  1.8760e-04  1.8760e-04



          41          42          43          44          45          46          47          48          49          50
  2  1.8760e-04  1.8760e-04  1.8760e-04  1.8760e-04  1.8760e-04  1.8760e-04  1.8760e-04  1.8760e-04  1.8760e-04  1.8760e-04
  1  1.8760e-04  1.8760e-04  1.8760e-04  1.8760e-04  1.8760e-04  1.8760e-04  1.8760e-04  1.8760e-04  1.8760e-04  1.8760e-04



          51          52          53          54          55          56          57          58          59          60
  2  1.8760e-04  1.8760e-04  1.8760e-04  1.8760e-04  1.8760e-04  1.8760e-04  1.8760e-04  1.8760e-04  1.8760e-04  1.8760e-04
  1  1.8760e-04  1.8760e-04  1.8760e-04  1.8760e-04  1.8760e-04  1.8760e-04  1.8760e-04  1.8760e-04  1.8760e-04  1.8760e-04



          61          62          63          64          65          66          67          68          69          70
  2  1.8760e-04  1.8760e-04  1.8760e-04  1.8760e-04  1.8760e-04  1.8760e-04  1.8760e-04  1.8760e-04  1.8760e-04  1.8760e-04
  1  1.8760e-04  1.8760e-04  1.8760e-04  1.8760e-04  1.8760e-04  1.8760e-04  1.8760e-04  1.8760e-04  1.8760e-04  1.8760e-04



          71          72          73          74          75          76          77          78          79          80
  2  1.8760e-04  1.8760e-04  1.8760e-04  1.8760e-04  1.8760e-04  1.8760e-04  1.8760e-04  1.8760e-04  1.8760e-04  1.8760e-04
  1  1.8760e-04  1.8760e-04  1.8760e-04  1.8760e-04  1.8760e-04  1.8760e-04  1.8760e-04  1.8760e-04  1.8760e-04  1.8760e-04



          81          82          83          84          85          86          87          88          89          90
  2  1.8760e-04  1.8760e-04  1.8760e-04  1.8760e-04  1.8760e-04  1.8760e-04  1.8760e-04  1.8760e-04  1.8760e-04  1.8760e-04
  1  1.8760e-04  1.8760e-04  1.8760e-04  1.8760e-04  1.8760e-04  1.8760e-04  1.8760e-04  1.8760e-04  1.8760e-04  1.8760e-04



          91          92          93          94          95          96          97          98          99         100
  2  1.8760e-04  1.8760e-04  1.8760e-04  1.8760e-04  1.8760e-04  1.8760e-04  1.8760e-04  1.8760e-04  1.8760e-04  1.8760e-04
  1  1.8760e-04  1.8760e-04  1.8760e-04  1.8760e-04  1.8760e-04  1.8760e-04  1.8760e-04  1.8760e-04  1.8760e-04  1.8760e-04



         101
  2  1.8760e-04
  1  1.8760e-04

                                                            J =  2

           1           2           3           4           5           6           7           8           9          10
  2  1.8760e-04  1.8760e-04  1.8760e-04  1.8760e-04  1.8760e-04  1.8760e-04  1.8760e-04  1.8760e-04  1.8760e-04  1.8760e-04
  1  1.8760e-04  1.8760e-04  1.8760e-04  1.8760e-04  1.8760e-04  1.8760e-04  1.8760e-04  1.8760e-04  1.8760e-04  1.8760e-04



          11          12          13          14          15          16          17          18          19          20
  2  1.8760e-04  1.8760e-04  1.8760e-04  1.8760e-04  1.8760e-04  1.8760e-04  1.8760e-04  1.8760e-04  1.8760e-04  1.8760e-04
  1  1.8760e-04  1.8760e-04  1.8760e-04  1.8760e-04  1.8760e-04  1.8760e-04  1.8760e-04  1.8760e-04  1.8760e-04  1.8760e-04



          21          22          23          24          25          26          27          28          29          30
  2  1.8760e-04  1.8760e-04  1.8760e-04  1.8760e-04  1.8760e-04  1.8760e-04  1.8760e-04  1.8760e-04  1.8760e-04  1.8760e-04
  1  1.8760e-04  1.8760e-04  1.8760e-04  1.8760e-04  1.8760e-04  1.8760e-04  1.8760e-04  1.8760e-04  1.8760e-04  1.8760e-04



          31          32          33          34          35          36          37          38          39          40
  2  1.8760e-04  1.8760e-04  1.8760e-04  1.8760e-04  1.8760e-04  1.8760e-04  1.8760e-04  1.8760e-04  1.8760e-04  1.8760e-04
  1  1.8760e-04  1.8760e-04  1.8760e-04  1.8760e-04  1.8760e-04  1.8760e-04  1.8760e-04  1.8760e-04  1.8760e-04  1.8760e-04



          41          42          43          44          45          46          47          48          49          50
  2  1.8760e-04  1.8760e-04  1.8760e-04  1.8760e-04  1.8760e-04  1.8760e-04  1.8760e-04  1.8760e-04  1.8760e-04  1.8760e-04
  1  1.8760e-04  1.8760e-04  1.8760e-04  1.8760e-04  1.8760e-04  1.8760e-04  1.8760e-04  1.8760e-04  1.8760e-04  1.8760e-04



          51          52          53          54          55          56          57          58          59          60
  2  1.8760e-04  1.8760e-04  1.8760e-04  1.8760e-04  1.8760e-04  1.8760e-04  1.8760e-04  1.8760e-04  1.8760e-04  1.8760e-04
  1  1.8760e-04  1.8760e-04  1.8760e-04  1.8760e-04  1.8760e-04  1.8760e-04  1.8760e-04  1.8760e-04  1.8760e-04  1.8760e-04



          61          62          63          64          65          66          67          68          69          70
  2  1.8760e-04  1.8760e-04  1.8760e-04  1.8760e-04  1.8760e-04  1.8760e-04  1.8760e-04  1.8760e-04  1.8760e-04  1.8760e-04
  1  1.8760e-04  1.8760e-04  1.8760e-04  1.8760e-04  1.8760e-04  1.8760e-04  1.8760e-04  1.8760e-04  1.8760e-04  1.8760e-04



          71          72          73          74          75          76          77          78          79          80
  2  1.8760e-04  1.8760e-04  1.8760e-04  1.8760e-04  1.8760e-04  1.8760e-04  1.8760e-04  1.8760e-04  1.8760e-04  1.8760e-04
  1  1.8760e-04  1.8760e-04  1.8760e-04  1.8760e-04  1.8760e-04  1.8760e-04  1.8760e-04  1.8760e-04  1.8760e-04  1.8760e-04



          81          82          83          84          85          86          87          88          89          90
  2  1.8760e-04  1.8760e-04  1.8760e-04  1.8760e-04  1.8760e-04  1.8760e-04  1.8760e-04  1.8760e-04  1.8760e-04  1.8760e-04
  1  1.8760e-04  1.8760e-04  1.8760e-04  1.8760e-04  1.8760e-04  1.8760e-04  1.8760e-04  1.8760e-04  1.8760e-04  1.8760e-04



          91          92          93          94          95          96          97          98          99         100
  2  1.8760e-04  1.8760e-04  1.8760e-04  1.8760e-04  1.8760e-04  1.8760e-04  1.8760e-04  1.8760e-04  1.8760e-04  1.8760e-04
  1  1.8760e-04  1.8760e-04  1.8760e-04  1.8760e-04  1.8760e-04  1.8760e-04  1.8760e-04  1.8760e-04  1.8760e-04  1.8760e-04



         101
  2  1.8760e-04
  1  1.8760e-04



                              Initial Molality (mol/kgw)

                              Component: Substrate 

                    Vertical Slices

                                                            J =  1

           1           2           3           4           5           6           7           8           9          10
  2  0.0000e+00  0.0000e+00  0.0000e+00  0.0000e+00  0.0000e+00  0.0000e+00  0.0000e+00  0.0000e+00  0.0000e+00  0.0000e+00
  1  0.0000e+00  0.0000e+00  0.0000e+00  0.0000e+00  0.0000e+00  0.0000e+00  0.0000e+00  0.0000e+00  0.0000e+00  0.0000e+00



          11          12          13          14          15          16          17          18          19          20
  2  0.0000e+00  0.0000e+00  0.0000e+00  0.0000e+00  0.0000e+00  0.0000e+00  0.0000e+00  0.0000e+00  0.0000e+00  0.0000e+00
  1  0.0000e+00  0.0000e+00  0.0000e+00  0.0000e+00  0.0000e+00  0.0000e+00  0.0000e+00  0.0000e+00  0.0000e+00  0.0000e+00



          21          22          23          24          25          26          27          28          29          30
  2  0.0000e+00  0.0000e+00  0.0000e+00  0.0000e+00  0.0000e+00  0.0000e+00  0.0000e+00  0.0000e+00  0.0000e+00  0.0000e+00
  1  0.0000e+00  0.0000e+00  0.0000e+00  0.0000e+00  0.0000e+00  0.0000e+00  0.0000e+00  0.0000e+00  0.0000e+00  0.0000e+00



          31          32          33          34          35          36          37          38          39          40
  2  0.0000e+00  0.0000e+00  0.0000e+00  0.0000e+00  0.0000e+00  0.0000e+00  0.0000e+00  0.0000e+00  0.0000e+00  0.0000e+00
  1  0.0000e+00  0.0000e+00  0.0000e+00  0.0000e+00  0.0000e+00  0.0000e+00  0.0000e+00  0.0000e+00  0.0000e+00  0.0000e+00



          41          42          43          44          45          46          47          48          49          50
  2  0.0000e+00  0.0000e+00  0.0000e+00  0.0000e+00  0.0000e+00  0.0000e+00  0.0000e+00  0.0000e+00  0.0000e+00  0.0000e+00
  1  0.0000e+00  0.0000e+00  0.0000e+00  0.0000e+00  0.0000e+00  0.0000e+00  0.0000e+00  0.0000e+00  0.0000e+00  0.0000e+00



          51          52          53          54          55          56          57          58          59          60
  2  0.0000e+00  0.0000e+00  0.0000e+00  0.0000e+00  0.0000e+00  0.0000e+00  0.0000e+00  0.0000e+00  0.0000e+00  0.0000e+00
  1  0.0000e+00  0.0000e+00  0.0000e+00  0.0000e+00  0.0000e+00  0.0000e+00  0.0000e+00  0.0000e+00  0.0000e+00  0.0000e+00



          61          62          63          64          65          66          67          68          69          70
  2  0.0000e+00  0.0000e+00  0.0000e+00  0.0000e+00  0.0000e+00  0.0000e+00  0.0000e+00  0.0000e+00  0.0000e+00  0.0000e+00
  1  0.0000e+00  0.0000e+00  0.0000e+00  0.0000e+00  0.0000e+00  0.0000e+00  0.0000e+00  0.0000e+00  0.0000e+00  0.0000e+00



          71          72          73          74          75          76          77          78          79          80
  2  0.0000e+00  0.0000e+00  0.0000e+00  0.0000e+00  0.0000e+00  0.0000e+00  0.0000e+00  0.0000e+00  0.0000e+00  0.0000e+00
  1  0.0000e+00  0.0000e+00  0.0000e+00  0.0000e+00  0.0000e+00  0.0000e+00  0.0000e+00  0.0000e+00  0.0000e+00  0.0000e+00



          81          82          83          84          85          86          87          88          89          90
  2  0.0000e+00  0.0000e+00  0.0000e+00  0.0000e+00  0.0000e+00  0.0000e+00  0.0000e+00  0.0000e+00  0.0000e+00  0.0000e+00
  1  0.0000e+00  0.0000e+00  0.0000e+00  0.0000e+00  0.0000e+00  0.0000e+00  0.0000e+00  0.0000e+00  0.0000e+00  0.0000e+00



          91          92          93          94          95          96          97          98          99         100
  2  0.0000e+00  0.0000e+00  0.0000e+00  0.0000e+00  0.0000e+00  0.0000e+00  0.0000e+00  0.0000e+00  0.0000e+00  0.0000e+00
  1  0.0000e+00  0.0000e+00  0.0000e+00  0.0000e+00  0.0000e+00  0.0000e+00  0.0000e+00  0.0000e+00  0.0000e+00  0.0000e+00



         101
  2  0.0000e+00
  1  0.0000e+00

                                                            J =  2

           1           2           3           4           5           6           7           8           9          10
  2  0.0000e+00  0.0000e+00  0.0000e+00  0.0000e+00  0.0000e+00  0.0000e+00  0.0000e+00  0.0000e+00  0.0000e+00  0.0000e+00
  1  0.0000e+00  0.0000e+00  0.0000e+00  0.0000e+00  0.0000e+00  0.0000e+00  0.0000e+00  0.0000e+00  0.0000e+00  0.0000e+00



          11          12          13          14          15          16          17          18          19          20
  2  0.0000e+00  0.0000e+00  0.0000e+00  0.0000e+00  0.0000e+00  0.0000e+00  0.0000e+00  0.0000e+00  0.0000e+00  0.0000e+00
  1  0.0000e+00  0.0000e+00  0.0000e+00  0.0000e+00  0.0000e+00  0.0000e+00  0.0000e+00  0.0000e+00  0.0000e+00  0.0000e+00



          21          22          23          24          25          26          27          28          29          30
  2  0.0000e+00  0.0000e+00  0.0000e+00  0.0000e+00  0.0000e+00  0.0000e+00  0.0000e+00  0.0000e+00  0.0000e+00  0.0000e+00
  1  0.0000e+00  0.0000e+00  0.0000e+00  0.0000e+00  0.0000e+00  0.0000e+00  0.0000e+00  0.0000e+00  0.0000e+00  0.0000e+00



          31          32          33          34          35          36          37          38          39          40
  2  0.0000e+00  0.0000e+00  0.0000e+00  0.0000e+00  0.0000e+00  0.0000e+00  0.0000e+00  0.0000e+00  0.0000e+00  0.0000e+00
  1  0.0000e+00  0.0000e+00  0.0000e+00  0.0000e+00  0.0000e+00  0.0000e+00  0.0000e+00  0.0000e+00  0.0000e+00  0.0000e+00



          41          42          43          44          45          46          47          48          49          50
  2  0.0000e+00  0.0000e+00  0.0000e+00  0.0000e+00  0.0000e+00  0.0000e+00  0.0000e+00  0.0000e+00  0.0000e+00  0.0000e+00
  1  0.0000e+00  0.0000e+00  0.0000e+00  0.0000e+00  0.0000e+00  0.0000e+00  0.0000e+00  0.0000e+00  0.0000e+00  0.0000e+00



          51          52          53          54          55          56          57          58          59          60
  2  0.0000e+00  0.0000e+00  0.0000e+00  0.0000e+00  0.0000e+00  0.0000e+00  0.0000e+00  0.0000e+00  0.0000e+00  0.0000e+00
  1  0.0000e+00  0.0000e+00  0.0000e+00  0.0000e+00  0.0000e+00  0.0000e+00  0.0000e+00  0.0000e+00  0.0000e+00  0.0000e+00



          61          62          63          64          65          66          67          68          69          70
  2  0.0000e+00  0.0000e+00  0.0000e+00  0.0000e+00  0.0000e+00  0.0000e+00  0.0000e+00  0.0000e+00  0.0000e+00  0.0000e+00
  1  0.0000e+00  0.0000e+00  0.0000e+00  0.0000e+00  0.0000e+00  0.0000e+00  0.0000e+00  0.0000e+00  0.0000e+00  0.0000e+00



          71          72          73          74          75          76          77          78          79          80
  2  0.0000e+00  0.0000e+00  0.0000e+00  0.0000e+00  0.0000e+00  0.0000e+00  0.0000e+00  0.0000e+00  0.0000e+00  0.0000e+00
  1  0.0000e+00  0.0000e+00  0.0000e+00  0.0000e+00  0.0000e+00  0.0000e+00  0.0000e+00  0.0000e+00  0.0000e+00  0.0000e+00



          81          82          83          84          85          86          87          88          89          90
  2  0.0000e+00  0.0000e+00  0.0000e+00  0.0000e+00  0.0000e+00  0.0000e+00  0.0000e+00  0.0000e+00  0.0000e+00  0.0000e+00
  1  0.0000e+00  0.0000e+00  0.0000e+00  0.0000e+00  0.0000e+00  0.0000e+00  0.0000e+00  0.0000e+00  0.0000e+00  0.0000e+00



          91          92          93          94          95          96          97          98          99         100
  2  0.0000e+00  0.0000e+00  0.0000e+00  0.0000e+00  0.0000e+00  0.0000e+00  0.0000e+00  0.0000e+00  0.0000e+00  0.0000e+00
  1  0.0000e+00  0.0000e+00  0.0000e+00  0.0000e+00  0.0000e+00  0.0000e+00  0.0000e+00  0.0000e+00  0.0000e+00  0.0000e+00



         101
  2  0.0000e+00
  1  0.0000e+00



                              Initial Molality (mol/kgw)

                              Component: Charge    

                    Vertical Slices

                                                            J =  1

           1           2           3           4           5           6           7           8           9          10
  2 -1.0801e-10 -1.0801e-10 -1.0801e-10 -1.0801e-10 -1.0801e-10 -1.0801e-10 -1.0801e-10 -1.0801e-10 -1.0801e-10 -1.0801e-10
  1 -1.0801e-10 -1.0801e-10 -1.0801e-10 -1.0801e-10 -1.0801e-10 -1.0801e-10 -1.0801e-10 -1.0801e-10 -1.0801e-10 -1.0801e-10



          11          12          13          14          15          16          17          18          19          20
  2 -1.0801e-10 -1.0801e-10 -1.0801e-10 -1.0801e-10 -1.0801e-10 -1.0801e-10 -1.0801e-10 -1.0801e-10 -1.0801e-10 -1.0801e-10
  1 -1.0801e-10 -1.0801e-10 -1.0801e-10 -1.0801e-10 -1.0801e-10 -1.0801e-10 -1.0801e-10 -1.0801e-10 -1.0801e-10 -1.0801e-10



          21          22          23          24          25          26          27          28          29          30
  2 -1.0801e-10 -1.0801e-10 -1.0801e-10 -1.0801e-10 -1.0801e-10 -1.0801e-10 -1.0801e-10 -1.0801e-10 -1.0801e-10 -1.0801e-10
  1 -1.0801e-10 -1.0801e-10 -1.0801e-10 -1.0801e-10 -1.0801e-10 -1.0801e-10 -1.0801e-10 -1.0801e-10 -1.0801e-10 -1.0801e-10



          31          32          33          34          35          36          37          38          39          40
  2 -1.0801e-10 -1.0801e-10 -1.0801e-10 -1.0801e-10 -1.0801e-10 -1.0801e-10 -1.0801e-10 -1.0801e-10 -1.0801e-10 -1.0801e-10
  1 -1.0801e-10 -1.0801e-10 -1.0801e-10 -1.0801e-10 -1.0801e-10 -1.0801e-10 -1.0801e-10 -1.0801e-10 -1.0801e-10 -1.0801e-10



          41          42          43          44          45          46          47          48          49          50
  2 -1.0801e-10 -1.0801e-10 -1.0801e-10 -1.0801e-10 -1.0801e-10 -1.0801e-10 -1.0801e-10 -1.0801e-10 -1.0801e-10 -1.0801e-10
  1 -1.0801e-10 -1.0801e-10 -1.0801e-10 -1.0801e-10 -1.0801e-10 -1.0801e-10 -1.0801e-10 -1.0801e-10 -1.0801e-10 -1.0801e-10



          51          52          53          54          55          56          57          58          59          60
  2 -1.0801e-10 -1.0801e-10 -1.0801e-10 -1.0801e-10 -1.0801e-10 -1.0801e-10 -1.0801e-10 -1.0801e-10 -1.0801e-10 -1.0801e-10
  1 -1.0801e-10 -1.0801e-10 -1.0801e-10 -1.0801e-10 -1.0801e-10 -1.0801e-10 -1.0801e-10 -1.0801e-10 -1.0801e-10 -1.0801e-10



          61          62          63          64          65          66          67          68          69          70
  2 -1.0801e-10 -1.0801e-10 -1.0801e-10 -1.0801e-10 -1.0801e-10 -1.0801e-10 -1.0801e-10 -1.0801e-10 -1.0801e-10 -1.0801e-10
  1 -1.0801e-10 -1.0801e-10 -1.0801e-10 -1.0801e-10 -1.0801e-10 -1.0801e-10 -1.0801e-10 -1.0801e-10 -1.0801e-10 -1.0801e-10



          71          72          73          74          75          76          77          78          79          80
  2 -1.0801e-10 -1.0801e-10 -1.0801e-10 -1.0801e-10 -1.0801e-10 -1.0801e-10 -1.0801e-10 -1.0801e-10 -1.0801e-10 -1.0801e-10
  1 -1.0801e-10 -1.0801e-10 -1.0801e-10 -1.0801e-10 -1.0801e-10 -1.0801e-10 -1.0801e-10 -1.0801e-10 -1.0801e-10 -1.0801e-10



          81          82          83          84          85          86          87          88          89          90
  2 -1.0801e-10 -1.0801e-10 -1.0801e-10 -1.0801e-10 -1.0801e-10 -1.0801e-10 -1.0801e-10 -1.0801e-10 -1.0801e-10 -1.0801e-10
  1 -1.0801e-10 -1.0801e-10 -1.0801e-10 -1.0801e-10 -1.0801e-10 -1.0801e-10 -1.0801e-10 -1.0801e-10 -1.0801e-10 -1.0801e-10



          91          92          93          94          95          96          97          98          99         100
  2 -1.0801e-10 -1.0801e-10 -1.0801e-10 -1.0801e-10 -1.0801e-10 -1.0801e-10 -1.0801e-10 -1.0801e-10 -1.0801e-10 -1.0801e-10
  1 -1.0801e-10 -1.0801e-10 -1.0801e-10 -1.0801e-10 -1.0801e-10 -1.0801e-10 -1.0801e-10 -1.0801e-10 -1.0801e-10 -1.0801e-10



         101
  2 -1.0801e-10
  1 -1.0801e-10

                                                            J =  2

           1           2           3           4           5           6           7           8           9          10
  2 -1.0801e-10 -1.0801e-10 -1.0801e-10 -1.0801e-10 -1.0801e-10 -1.0801e-10 -1.0801e-10 -1.0801e-10 -1.0801e-10 -1.0801e-10
  1 -1.0801e-10 -1.0801e-10 -1.0801e-10 -1.0801e-10 -1.0801e-10 -1.0801e-10 -1.0801e-10 -1.0801e-10 -1.0801e-10 -1.0801e-10



          11          12          13          14          15          16          17          18          19          20
  2 -1.0801e-10 -1.0801e-10 -1.0801e-10 -1.0801e-10 -1.0801e-10 -1.0801e-10 -1.0801e-10 -1.0801e-10 -1.0801e-10 -1.0801e-10
  1 -1.0801e-10 -1.0801e-10 -1.0801e-10 -1.0801e-10 -1.0801e-10 -1.0801e-10 -1.0801e-10 -1.0801e-10 -1.0801e-10 -1.0801e-10



          21          22          23          24          25          26          27          28          29          30
  2 -1.0801e-10 -1.0801e-10 -1.0801e-10 -1.0801e-10 -1.0801e-10 -1.0801e-10 -1.0801e-10 -1.0801e-10 -1.0801e-10 -1.0801e-10
  1 -1.0801e-10 -1.0801e-10 -1.0801e-10 -1.0801e-10 -1.0801e-10 -1.0801e-10 -1.0801e-10 -1.0801e-10 -1.0801e-10 -1.0801e-10



          31          32          33          34          35          36          37          38          39          40
  2 -1.0801e-10 -1.0801e-10 -1.0801e-10 -1.0801e-10 -1.0801e-10 -1.0801e-10 -1.0801e-10 -1.0801e-10 -1.0801e-10 -1.0801e-10
  1 -1.0801e-10 -1.0801e-10 -1.0801e-10 -1.0801e-10 -1.0801e-10 -1.0801e-10 -1.0801e-10 -1.0801e-10 -1.0801e-10 -1.0801e-10



          41          42          43          44          45          46          47          48          49          50
  2 -1.0801e-10 -1.0801e-10 -1.0801e-10 -1.0801e-10 -1.0801e-10 -1.0801e-10 -1.0801e-10 -1.0801e-10 -1.0801e-10 -1.0801e-10
  1 -1.0801e-10 -1.0801e-10 -1.0801e-10 -1.0801e-10 -1.0801e-10 -1.0801e-10 -1.0801e-10 -1.0801e-10 -1.0801e-10 -1.0801e-10



          51          52          53          54          55          56          57          58          59          60
  2 -1.0801e-10 -1.0801e-10 -1.0801e-10 -1.0801e-10 -1.0801e-10 -1.0801e-10 -1.0801e-10 -1.0801e-10 -1.0801e-10 -1.0801e-10
  1 -1.0801e-10 -1.0801e-10 -1.0801e-10 -1.0801e-10 -1.0801e-10 -1.0801e-10 -1.0801e-10 -1.0801e-10 -1.0801e-10 -1.0801e-10



          61          62          63          64          65          66          67          68          69          70
  2 -1.0801e-10 -1.0801e-10 -1.0801e-10 -1.0801e-10 -1.0801e-10 -1.0801e-10 -1.0801e-10 -1.0801e-10 -1.0801e-10 -1.0801e-10
  1 -1.0801e-10 -1.0801e-10 -1.0801e-10 -1.0801e-10 -1.0801e-10 -1.0801e-10 -1.0801e-10 -1.0801e-10 -1.0801e-10 -1.0801e-10



          71          72          73          74          75          76          77          78          79          80
  2 -1.0801e-10 -1.0801e-10 -1.0801e-10 -1.0801e-10 -1.0801e-10 -1.0801e-10 -1.0801e-10 -1.0801e-10 -1.0801e-10 -1.0801e-10
  1 -1.0801e-10 -1.0801e-10 -1.0801e-10 -1.0801e-10 -1.0801e-10 -1.0801e-10 -1.0801e-10 -1.0801e-10 -1.0801e-10 -1.0801e-10



          81          82          83          84          85          86          87          88          89          90
  2 -1.0801e-10 -1.0801e-10 -1.0801e-10 -1.0801e-10 -1.0801e-10 -1.0801e-10 -1.0801e-10 -1.0801e-10 -1.0801e-10 -1.0801e-10
  1 -1.0801e-10 -1.0801e-10 -1.0801e-10 -1.0801e-10 -1.0801e-10 -1.0801e-10 -1.0801e-10 -1.0801e-10 -1.0801e-10 -1.0801e-10



          91          92          93          94          95          96          97          98          99         100
  2 -1.0801e-10 -1.0801e-10 -1.0801e-10 -1.0801e-10 -1.0801e-10 -1.0801e-10 -1.0801e-10 -1.0801e-10 -1.0801e-10 -1.0801e-10
  1 -1.0801e-10 -1.0801e-10 -1.0801e-10 -1.0801e-10 -1.0801e-10 -1.0801e-10 -1.0801e-10 -1.0801e-10 -1.0801e-10 -1.0801e-10



         101
  2 -1.0801e-10
  1 -1.0801e-10




                                       ***** Simulation Completed *****
               Last time value calculated ......................................  37.00     (d)
               Last time step index ............................................     185
