282473	815698	0	0.298704
282473	815576	0	0.298704
281132	815454	0	0.298704
282473	815454	0	0.298704
281010	815332	0	0.298704
281132	815332	0	0.298704
282352	815332	0	0.298704
282473	815332	0	0.298704
283083	815332	0	0.298704
283205	815332	0	0.298704
281010	815210	0	0.298704
282352	815210	0	0.298704
283083	815210	0	0.298704
280888	815088	0	0.298704
281010	815088	0	0.298704
282352	815088	0	0.298704
282961	815088	0	0.298704
283083	815088	0	0.298704
278084	814966	0	0.298704
280888	814966	0	0.298704
282230	814966	0	0.298704
282352	814966	0	0.298704
282961	814966	0	0.298704
278084	814844	0	0.298704
280767	814844	0	0.298704
280888	814844	0	0.298704
281254	814844	0	0.298704
281376	814844	0	0.298704
281498	814844	0	0.298704
281620	814844	0	0.298704
281742	814844	0	0.298704
282230	814844	0	0.298704
282961	814844	0	0.298704
278084	814722	0	0.298704
280767	814722	0	0.298704
281132	814722	0	0.298704
281254	814722	0	0.298704
281376	814722	0	0.298704
281498	814722	0	0.298704
281620	814722	0	0.298704
281742	814722	0	0.298704
282230	814722	0	0.298704
282839	814722	0	0.298704
282961	814722	0	0.298704
278084	814600	0	0.298704
280767	814600	0	0.298704
281132	814600	0	0.298704
281254	814600	0	0.298704
281376	814600	0	0.298704
281498	814600	0	0.298704
281620	814600	0	0.298704
281742	814600	0	0.298704
282108	814600	0	0.298704
282230	814600	0	0.298704
282717	814600	0	0.298704
282839	814600	0	0.298704
282961	814600	0	0.298704
283083	814600	0	0.298704
283205	814600	0	0.298704
277231	814478	0	0.298704
278084	814478	0	0.298704
280767	814478	0	0.298704
281132	814478	0	0.298704
281254	814478	0	0.298704
281376	814478	0	0.298704
281498	814478	0	0.298704
281620	814478	0	0.298704
281742	814478	0	0.298704
282108	814478	0	0.298704
282595	814478	0	0.298704
282717	814478	0	0.298704
282839	814478	0	0.298704
282961	814478	0	0.298704
283083	814478	0	0.298704
283205	814478	0	0.298704
283571	814478	0	0.298704
283693	814478	0	0.298704
283936	814478	0	0.298704
277231	814356	0	0.298704
278084	814356	0	0.298704
279060	814356	0	0.298704
280645	814356	0	0.298704
280767	814356	0	0.298704
281132	814356	0	0.298704
281254	814356	0	0.298704
281376	814356	0	0.298704
281498	814356	0	0.298704
281620	814356	0	0.298704
281742	814356	0	0.298704
281986	814356	0	0.298704
282108	814356	0	0.298704
282717	814357	0	0.298704
282839	814357	0	0.298704
282961	814357	0	0.298704
283083	814357	0	0.298704
283205	814357	0	0.298704
283449	814357	0	0.298704
283571	814357	0	0.298704
283693	814357	0	0.298704
283815	814357	0	0.298704
283936	814357	0	0.298704
277231	814234	0	0.298704
277962	814234	0	0.298704
278084	814234	0	0.298704
279060	814235	0	0.298704
280645	814235	0	0.298704
281010	814235	0	0.298704
281132	814235	0	0.298704
281254	814235	0	0.298704
281376	814235	0	0.298704
281498	814235	0	0.298704
281620	814235	0	0.298704
281742	814235	0	0.298704
281986	814235	0	0.298704
282473	814235	0	0.298704
282595	814235	0	0.298704
282717	814235	0	0.298704
282839	814235	0	0.298704
282961	814235	0	0.298704
283083	814235	0	0.298704
283449	814235	0	0.298704
283571	814235	0	0.298704
283693	814235	0	0.298704
283815	814235	0	0.298704
283936	814235	0	0.298704
284058	814235	0	0.298704
277109	814113	0	0.298704
277231	814113	0	0.298704
277962	814113	0	0.298704
279060	814113	0	0.298704
280523	814113	0	0.298704
280645	814113	0	0.298704
280889	814113	0	0.298704
281010	814113	0	0.298704
281132	814113	0	0.298704
281254	814113	0	0.298704
281376	814113	0	0.298704
281498	814113	0	0.298704
281620	814113	0	0.298704
281742	814113	0	0.298704
281864	814113	0	0.298704
281986	814113	0	0.298704
282595	814113	0	0.298704
282717	814113	0	0.298704
282839	814113	0	0.298704
282961	814113	0	0.298704
283083	814113	0	0.298704
283327	814113	0	0.298704
283449	814113	0	0.298704
283571	814113	0	0.298704
283693	814113	0	0.298704
283815	814113	0	0.298704
283936	814113	0	0.298704
277109	813991	0	0.298704
277962	813991	0	0.298704
279060	813991	0	0.298704
279791	813991	0	0.298704
280523	813991	0	0.298704
280889	813991	0	0.298704
281254	813991	0	0.298704
281376	813991	0	0.298704
281498	813991	0	0.298704
281620	813991	0	0.298704
281742	813991	0	0.298704
281864	813991	0	0.298704
282352	813991	0	0.298704
282473	813991	0	0.298704
282595	813991	0	0.298704
282717	813991	0	0.298704
282839	813991	0	0.298704
282961	813991	0	0.298704
283327	813991	0	0.298704
283449	813991	0	0.298704
283571	813991	0	0.298704
283693	813991	0	0.298704
283815	813991	0	0.298704
283936	813991	0	0.298704
276987	813869	0	0.298704
277109	813869	0	0.298704
277962	813869	0	0.298704
278938	813869	0	0.298704
279060	813869	0	0.298704
279669	813869	0	0.298704
279791	813869	0	0.298704
280523	813869	0	0.298704
280767	813869	0	0.298704
281132	813869	0	0.298704
281254	813869	0	0.298704
281376	813869	0	0.298704
281498	813869	0	0.298704
281620	813869	0	0.298704
281742	813869	0	0.298704
281864	813869	0	0.298704
281986	813869	0	0.298704
282473	813869	0	0.298704
282595	813869	0	0.298704
282717	813869	0	0.298704
282839	813869	0	0.298704
283205	813869	0	0.298704
283571	813869	0	0.298704
283693	813869	0	0.298704
276987	813747	0	0.298704
277109	813747	0	0.298704
277962	813747	0	0.298704
278938	813747	0	0.298704
279669	813747	0	0.298704
280401	813747	0	0.298704
280523	813747	0	0.298704
280767	813747	0	0.298704
281010	813747	0	0.298704
281132	813747	0	0.298704
281254	813747	0	0.298704
281376	813747	0	0.298704
281498	813747	0	0.298704
281620	813747	0	0.298704
281742	813747	0	0.298704
281864	813747	0	0.298704
281986	813747	0	0.298704
282352	813747	0	0.298704
282473	813747	0	0.298704
282595	813747	0	0.298704
282717	813747	0	0.298704
282839	813747	0	0.298704
283083	813747	0	0.298704
283205	813747	0	0.298704
283571	813747	0	0.298704
283693	813747	0	0.298704
283815	813747	0	0.298704
276256	813625	0	0.298704
276987	813625	0	0.298704
277841	813625	0	0.298704
277962	813625	0	0.298704
278938	813625	0	0.298704
279669	813625	0	0.298704
279791	813625	0	0.298704
279913	813625	0	0.298704
280401	813625	0	0.298704
280523	813625	0	0.298704
280645	813625	0	0.298704
281010	813625	0	0.298704
281132	813625	0	0.298704
281254	813625	0	0.298704
281376	813625	0	0.298704
281498	813625	0	0.298704
281620	813625	0	0.298704
281742	813625	0	0.298704
281864	813625	0	0.298704
281986	813625	0	0.298704
282108	813625	0	0.298704
282230	813625	0	0.298704
282352	813625	0	0.298704
282473	813625	0	0.298704
282595	813625	0	0.298704
282717	813625	0	0.298704
283083	813625	0	0.298704
283205	813625	0	0.298704
283327	813625	0	0.298704
283571	813625	0	0.298704
283693	813625	0	0.298704
283815	813625	0	0.298704
276256	813503	0	0.298704
276378	813503	0	0.298704
276987	813503	0	0.298704
277841	813503	0	0.298704
278938	813503	0	0.298704
279791	813503	0	0.298704
280401	813503	0	0.298704
280523	813503	0	0.298704
280889	813503	0	0.298704
281132	813503	0	0.298704
281254	813503	0	0.298704
281376	813503	0	0.298704
281498	813503	0	0.298704
281620	813503	0	0.298704
281742	813503	0	0.298704
281864	813503	0	0.298704
281986	813503	0	0.298704
282108	813503	0	0.298704
282230	813503	0	0.298704
282352	813503	0	0.298704
282473	813503	0	0.298704
282595	813503	0	0.298704
282717	813503	0	0.298704
283083	813503	0	0.298704
283571	813503	0	0.298704
283693	813503	0	0.298704
283815	813503	0	0.298704
276378	813381	0	0.298704
276865	813381	0	0.298704
276987	813381	0	0.298704
277841	813381	0	0.298704
278938	813381	0	0.298704
279060	813381	0	0.298704
279669	813381	0	0.298704
279791	813381	0	0.298704
280523	813381	0	0.298704
280767	813381	0	0.298704
281132	813381	0	0.298704
281254	813381	0	0.298704
281376	813381	0	0.298704
281498	813381	0	0.298704
281620	813381	0	0.298704
281742	813381	0	0.298704
281864	813381	0	0.298704
281986	813381	0	0.298704
282108	813381	0	0.298704
282230	813381	0	0.298704
282352	813381	0	0.298704
282473	813381	0	0.298704
282595	813381	0	0.298704
282961	813381	0	0.298704
283083	813381	0	0.298704
283449	813381	0	0.298704
283571	813381	0	0.298704
283693	813381	0	0.298704
283815	813381	0	0.298704
275646	813259	0	2.09702
276378	813259	0	0.298704
276865	813259	0	0.298704
277719	813259	0	0.298704
277841	813259	0	0.298704
279060	813259	0	0.298704
279669	813259	0	0.298704
280401	813259	0	0.298704
280523	813259	0	0.298704
280645	813259	0	0.298704
281132	813259	0	0.298704
281254	813259	0	0.298704
281376	813259	0	0.298704
281498	813259	0	0.298704
281620	813259	0	0.298704
281742	813259	0	0.298704
281864	813259	0	0.298704
281986	813259	0	0.298704
282108	813259	0	0.298704
282230	813259	0	0.298704
282352	813259	0	0.298704
282473	813259	0	0.298704
282595	813259	0	0.298704
282839	813259	0	0.298704
282961	813259	0	0.298704
283571	813259	0	0.298704
283693	813259	0	0.298704
283815	813259	0	0.298704
283936	813259	0	0.298704
275646	813137	0	2.00254
276378	813137	0	0.298704
276499	813137	0	0.298704
276743	813137	0	0.298704
276865	813137	0	0.298704
277719	813137	0	0.298704
279060	813137	0	0.298704
279669	813137	0	0.298704
279791	813137	0	0.298704
280401	813137	0	0.298704
280523	813137	0	0.298704
281132	813137	0	0.298704
281254	813137	0	0.298704
281376	813137	0	0.298704
281498	813137	0	0.298704
281620	813137	0	0.298704
281742	813137	0	0.298704
281864	813137	0	0.298704
281986	813137	0	0.298704
282108	813137	0	0.298704
282230	813137	0	0.298704
282352	813137	0	0.298704
282473	813137	0	0.298704
282839	813137	0	0.298704
283815	813137	0	0.298704
283936	813137	0	0.298704
275646	813015	0	1.524
276499	813015	0	0.298704
276621	813015	0	0.298704
276743	813015	0	0.298704
276865	813015	0	0.298704
277719	813015	0	0.298704
279060	813015	0	0.298704
279547	813015	0	0.298704
279669	813015	0	0.298704
280279	813015	0	0.298704
280401	813015	0	0.298704
280523	813015	0	0.298704
281010	813015	0	0.298704
281132	813015	0	0.298704
281254	813015	0	0.298704
281376	813015	0	0.298704
281498	813015	0	0.298704
281620	813015	0	0.298704
281742	813015	0	0.298704
281864	813015	0	0.298704
281986	813015	0	0.298704
282108	813015	0	0.298704
282230	813015	0	0.298704
282352	813015	0	0.298704
282717	813015	0	0.298704
282839	813015	0	0.298704
275646	812893	0	1.524
276499	812893	0	0.298704
276621	812893	0	0.298704
276743	812893	0	0.298704
277597	812893	0	0.298704
277719	812893	0	0.298704
278938	812893	0	0.298704
279060	812893	0	0.298704
279547	812893	0	0.298704
279669	812893	0	0.298704
280279	812893	0	0.298704
280401	812893	0	0.298704
280889	812893	0	0.298704
281010	812893	0	0.298704
281132	812893	0	0.298704
281254	812893	0	0.298704
281376	812893	0	0.298704
281498	812893	0	0.298704
281620	812893	0	0.298704
281742	812893	0	0.298704
281864	812893	0	0.298704
281986	812893	0	0.298704
282108	812893	0	0.298704
282230	812893	0	0.298704
282352	812893	0	0.298704
282595	812893	0	0.298704
282717	812893	0	0.298704
275646	812771	0	0.762
276378	812771	0	0.298704
276499	812771	0	0.298704
276621	812771	0	0.298704
276743	812771	0	0.298704
277597	812771	0	0.298704
278938	812771	0	0.298704
279060	812771	0	0.298704
279547	812771	0	0.298704
279669	812771	0	0.298704
280157	812771	0	0.298704
280279	812771	0	0.298704
280889	812772	0	0.298704
281010	812772	0	0.298704
281132	812772	0	0.298704
281254	812772	0	0.298704
281376	812772	0	0.298704
281498	812772	0	0.298704
281620	812772	0	0.298704
281742	812772	0	0.298704
281864	812772	0	0.298704
281986	812772	0	0.298704
282108	812772	0	0.298704
282230	812772	0	0.298704
282352	812772	0	0.298704
282473	812772	0	0.298704
282595	812772	0	0.298704
275768	812649	0	0.762
276256	812649	0	0.298704
276378	812649	0	0.298704
276499	812649	0	0.298704
276621	812649	0	0.298704
276743	812649	0	0.298704
277597	812650	0	0.298704
278938	812650	0	0.298704
279547	812650	0	0.298704
280157	812650	0	0.298704
280279	812650	0	0.298704
280767	812650	0	0.298704
280889	812650	0	0.298704
281010	812650	0	0.298704
281132	812650	0	0.298704
281254	812650	0	0.298704
281376	812650	0	0.298704
281498	812650	0	0.298704
281620	812650	0	0.298704
281742	812650	0	0.298704
281864	812650	0	0.298704
281986	812650	0	0.298704
282108	812650	0	0.298704
282230	812650	0	0.298704
282352	812650	0	0.298704
275768	812528	0	0.762
276256	812528	0	0.298704
276378	812528	0	0.298704
276499	812528	0	0.298704
276621	812528	0	0.298704
277597	812528	0	0.298704
278816	812528	0	0.298704
278938	812528	0	0.298704
279547	812528	0	0.298704
280035	812528	0	0.298704
280157	812528	0	0.298704
280767	812528	0	0.298704
280889	812528	0	0.298704
281010	812528	0	0.298704
281132	812528	0	0.298704
281254	812528	0	0.298704
281376	812528	0	0.298704
281498	812528	0	0.298704
281620	812528	0	0.298704
281742	812528	0	0.298704
281864	812528	0	0.298704
281986	812528	0	0.298704
282108	812528	0	0.298704
275768	812406	0	0.298704
276378	812406	0	0.298704
276499	812406	0	0.298704
276621	812406	0	0.298704
277597	812406	0	0.298704
278328	812406	0	0.298704
278816	812406	0	0.298704
278938	812406	0	0.298704
279547	812406	0	0.298704
279669	812406	0	0.298704
279913	812406	0	0.298704
280035	812406	0	0.298704
280157	812406	0	0.298704
280645	812406	0	0.298704
280767	812406	0	0.298704
280889	812406	0	0.298704
281010	812406	0	0.298704
281132	812406	0	0.298704
281254	812406	0	0.298704
281376	812406	0	0.298704
281498	812406	0	0.298704
281620	812406	0	0.298704
281742	812406	0	0.298704
281864	812406	0	0.298704
281986	812406	0	0.298704
282108	812406	0	0.298704
283571	812406	0	0.298704
284180	812406	0	0.298704
275768	812284	0	0.298704
276378	812284	0	0.298704
276499	812284	0	0.298704
276621	812284	0	0.298704
277597	812284	0	0.298704
278328	812284	0	0.298704
278450	812284	0	0.298704
278816	812284	0	0.298704
278938	812284	0	0.298704
279547	812284	0	0.298704
279669	812284	0	0.298704
279913	812284	0	0.298704
280035	812284	0	0.298704
280645	812284	0	0.298704
280767	812284	0	0.298704
280889	812284	0	0.298704
281010	812284	0	0.298704
281132	812284	0	0.298704
281254	812284	0	0.298704
281376	812284	0	0.298704
281498	812284	0	0.298704
281620	812284	0	0.298704
281742	812284	0	0.298704
281864	812284	0	0.298704
281986	812284	0	0.298704
282108	812284	0	0.298704
283571	812284	0	0.298704
283693	812284	0	0.298704
284058	812284	0	0.298704
284180	812284	0	0.298704
275036	812162	0	1.524
275768	812162	0	0.298704
276378	812162	0	0.298704
276499	812162	0	0.298704
276621	812162	0	0.298704
277597	812162	0	0.298704
278450	812162	0	0.298704
278572	812162	0	0.298704
278694	812162	0	0.298704
278816	812162	0	0.298704
279425	812162	0	0.298704
279547	812162	0	0.298704
279669	812162	0	0.298704
279791	812162	0	0.298704
279913	812162	0	0.298704
280523	812162	0	0.298704
280645	812162	0	0.298704
280767	812162	0	0.298704
280889	812162	0	0.298704
281010	812162	0	0.298704
281132	812162	0	0.298704
281254	812162	0	0.298704
281376	812162	0	0.298704
281498	812162	0	0.298704
281620	812162	0	0.298704
281742	812162	0	0.298704
281864	812162	0	0.298704
281986	812162	0	0.298704
282108	812162	0	0.298704
282717	812162	0	0.298704
283571	812162	0	0.298704
283693	812162	0	0.298704
283936	812162	0	0.298704
284058	812162	0	0.298704
284180	812162	0	0.298704
284790	812162	0	0.283464
284912	812162	0	0.283464
275036	812040	0	1.524
275768	812040	0	0.298704
276378	812040	0	0.298704
276499	812040	0	0.298704
276621	812040	0	0.298704
276743	812040	0	0.298704
277475	812040	0	0.298704
277597	812040	0	0.298704
278450	812040	0	0.298704
278572	812040	0	0.298704
278694	812040	0	0.298704
278816	812040	0	0.298704
279425	812040	0	0.298704
279547	812040	0	0.298704
279669	812040	0	0.298704
279791	812040	0	0.298704
279913	812040	0	0.298704
280401	812040	0	0.298704
280523	812040	0	0.298704
280645	812040	0	0.298704
280767	812040	0	0.298704
280889	812040	0	0.298704
281010	812040	0	0.298704
281132	812040	0	0.298704
281254	812040	0	0.298704
281376	812040	0	0.298704
281498	812040	0	0.298704
281620	812040	0	0.298704
281742	812040	0	0.298704
281864	812040	0	0.298704
281986	812040	0	0.298704
282108	812040	0	0.298704
282473	812040	0	0.298704
282595	812040	0	0.298704
282717	812040	0	0.298704
282839	812040	0	0.298704
283205	812040	0	0.298704
283327	812040	0	0.298704
283449	812040	0	0.298704
283571	812040	0	0.298704
283693	812040	0	0.298704
283815	812040	0	0.298704
283936	812040	0	0.298704
284058	812040	0	0.298704
284668	812040	0	0.283464
284790	812040	0	0.283464
284912	812040	0	0.283464
275036	811918	0	1.43866
275890	811918	0	0.298704
276378	811918	0	0.298704
276499	811918	0	0.298704
276621	811918	0	0.298704
276743	811918	0	0.298704
277475	811918	0	0.298704
277597	811918	0	0.298704
278694	811918	0	0.298704
278816	811918	0	0.298704
279425	811918	0	0.298704
279547	811918	0	0.298704
279669	811918	0	0.298704
279791	811918	0	0.298704
279913	811918	0	0.298704
280035	811918	0	0.298704
280157	811918	0	0.298704
280279	811918	0	0.298704
280401	811918	0	0.298704
280523	811918	0	0.298704
280645	811918	0	0.298704
280767	811918	0	0.298704
280889	811918	0	0.298704
281010	811918	0	0.298704
281132	811918	0	0.298704
281254	811918	0	0.298704
281376	811918	0	0.298704
281498	811918	0	0.298704
281620	811918	0	0.298704
281742	811918	0	0.298704
281864	811918	0	0.298704
281986	811918	0	0.298704
282108	811918	0	0.298704
282230	811918	0	0.298704
282352	811918	0	0.298704
282473	811918	0	0.298704
282595	811918	0	0.298704
282717	811918	0	0.298704
283205	811918	0	0.298704
283327	811918	0	0.298704
283449	811918	0	0.298704
283571	811918	0	0.298704
283693	811918	0	0.298704
283815	811918	0	0.298704
283936	811918	0	0.298704
284058	811918	0	0.298704
284180	811918	0	0.283464
284302	811918	0	0.283464
284424	811918	0	0.283464
284546	811918	0	0.283464
284668	811918	0	0.283464
284790	811918	0	0.283464
275036	811796	0	1.32893
275890	811796	0	0.298704
276378	811796	0	0.298704
276499	811796	0	0.298704
276621	811796	0	0.298704
276743	811796	0	0.298704
277353	811796	0	0.298704
277475	811796	0	0.298704
277597	811796	0	0.298704
278694	811796	0	0.298704
278816	811796	0	0.298704
279425	811796	0	0.298704
279547	811796	0	0.298704
279669	811796	0	0.298704
279791	811796	0	0.298704
279913	811796	0	0.298704
280035	811796	0	0.298704
280157	811796	0	0.298704
280279	811796	0	0.298704
280401	811796	0	0.298704
280523	811796	0	0.298704
280645	811796	0	0.298704
280767	811796	0	0.298704
280889	811796	0	0.298704
281010	811796	0	0.298704
281132	811796	0	0.298704
281254	811796	0	0.298704
281376	811796	0	0.298704
281498	811796	0	0.298704
281620	811796	0	0.298704
281742	811796	0	0.298704
281864	811796	0	0.298704
281986	811796	0	0.298704
282108	811796	0	0.298704
282230	811796	0	0.298704
282352	811796	0	0.298704
282473	811796	0	0.298704
282595	811796	0	0.298704
282717	811796	0	0.283464
282839	811796	0	0.283464
282961	811796	0	0.283464
283083	811796	0	0.283464
283205	811796	0	0.283464
283327	811796	0	0.283464
283449	811796	0	0.283464
283571	811796	0	0.283464
283693	811796	0	0.283464
283815	811796	0	0.283464
283936	811796	0	0.283464
284058	811796	0	0.283464
284180	811796	0	0.283464
284302	811796	0	0.283464
284424	811796	0	0.283464
275036	811674	0	0.298704
276012	811674	0	0.298704
276378	811674	0	0.298704
276499	811674	0	0.298704
276621	811674	0	0.298704
276743	811674	0	0.298704
277353	811674	0	0.298704
277475	811674	0	0.298704
277597	811674	0	0.298704
278572	811674	0	0.298704
278694	811674	0	0.298704
278816	811674	0	0.298704
278938	811674	0	0.298704
279425	811674	0	0.283464
279547	811674	0	0.283464
279669	811674	0	0.283464
279791	811674	0	0.283464
279913	811674	0	0.283464
280035	811674	0	0.283464
280157	811674	0	0.283464
280279	811674	0	0.298704
280401	811674	0	0.298704
280523	811674	0	0.298704
280645	811674	0	0.298704
280767	811674	0	0.298704
280889	811674	0	0.298704
281010	811674	0	0.298704
281132	811674	0	0.298704
281254	811674	0	0.298704
281376	811674	0	0.298704
281498	811674	0	0.298704
281620	811674	0	0.298704
281742	811674	0	0.298704
281864	811674	0	0.298704
281986	811674	0	0.298704
282108	811674	0	0.283464
282230	811674	0	0.283464
282352	811674	0	0.283464
282473	811674	0	0.283464
282595	811674	0	0.283464
282717	811674	0	0.283464
282839	811674	0	0.283464
282961	811674	0	0.283464
283083	811674	0	0.283464
283205	811674	0	0.283464
283327	811674	0	0.283464
283449	811674	0	0.283464
283571	811674	0	0.283464
283693	811674	0	0.283464
283815	811674	0	0.283464
283936	811674	0	0.283464
284058	811674	0	0.283464
284180	811674	0	0.283464
275036	811552	0	0.298704
276012	811552	0	0.298704
276378	811552	0	0.298704
276499	811552	0	0.298704
276621	811552	0	0.298704
276743	811552	0	0.298704
277353	811552	0	0.298704
277475	811552	0	0.298704
277597	811552	0	0.298704
278572	811552	0	0.298704
278694	811552	0	0.298704
278816	811552	0	0.298704
278938	811552	0	0.298704
279304	811552	0	0.283464
279425	811552	0	0.283464
279547	811552	0	0.283464
279669	811552	0	0.283464
279791	811552	0	0.283464
279913	811552	0	0.283464
280035	811552	0	0.283464
280157	811552	0	0.283464
280279	811552	0	0.283464
280401	811552	0	0.283464
280523	811552	0	0.283464
280645	811552	0	0.298704
280767	811552	0	0.298704
280889	811552	0	0.298704
281010	811552	0	0.298704
281132	811552	0	0.298704
281254	811552	0	0.295656
281376	811552	0	0.295656
281498	811552	0	0.295656
281620	811552	0	0.295656
281742	811552	0	0.295656
281864	811552	0	0.295656
281986	811552	0	0.295656
282108	811552	0	0.283464
282230	811552	0	0.283464
282352	811552	0	0.283464
282473	811552	0	0.283464
282595	811552	0	0.283464
282717	811552	0	0.283464
282839	811552	0	0.283464
282961	811552	0	0.283464
283083	811552	0	0.283464
283205	811552	0	0.283464
283327	811552	0	0.283464
275890	811430	0	0.298704
276012	811430	0	0.298704
276378	811430	0	0.298704
276499	811430	0	0.298704
276621	811430	0	0.298704
276743	811430	0	0.298704
277353	811430	0	0.298704
277475	811430	0	0.298704
277597	811430	0	0.298704
278450	811430	0	0.298704
278572	811430	0	0.298704
278694	811430	0	0.298704
278816	811430	0	0.298704
278938	811430	0	0.283464
279060	811430	0	0.283464
279182	811430	0	0.283464
279304	811430	0	0.283464
279426	811430	0	0.283464
280279	811430	0	0.283464
280401	811430	0	0.283464
280523	811430	0	0.283464
280645	811430	0	0.283464
280767	811430	0	0.295656
280889	811430	0	0.295656
281010	811430	0	0.295656
281132	811430	0	0.295656
281254	811430	0	0.292608
281376	811430	0	0.292608
281498	811430	0	0.292608
281620	811430	0	0.283464
281742	811430	0	0.283464
281864	811430	0	0.283464
281986	811430	0	0.283464
282108	811430	0	0.283464
282230	811430	0	0.283464
282352	811430	0	0.283464
282473	811430	0	0.283464
282595	811430	0	0.283464
275890	811308	0	0.298704
276012	811308	0	0.298704
276499	811308	0	0.298704
276621	811308	0	0.298704
276743	811308	0	0.298704
277353	811308	0	0.298704
277475	811308	0	0.298704
278084	811308	0	0.283464
278206	811308	0	0.283464
278328	811308	0	0.283464
278450	811308	0	0.283464
278572	811308	0	0.283464
278694	811308	0	0.283464
278816	811308	0	0.283464
278938	811308	0	0.283464
279060	811308	0	0.283464
279182	811308	0	0.283464
279304	811308	0	0.283464
280645	811308	0	0.283464
280767	811308	0	0.283464
280889	811308	0	0.292608
281010	811308	0	0.292608
281132	811308	0	0.283464
281254	811308	0	0.283464
281376	811308	0	0.283464
281498	811308	0	0.283464
281620	811308	0	0.283464
281742	811308	0	0.283464
281864	811308	0	0.283464
281986	811308	0	0.283464
275890	811186	0	0.298704
276012	811186	0	0.298704
276378	811186	0	0.298704
276499	811186	0	0.298704
276621	811186	0	0.298704
276743	811186	0	0.298704
277475	811186	0	0.283464
277597	811186	0	0.283464
277719	811186	0	0.283464
277841	811186	0	0.283464
277962	811186	0	0.283464
278084	811186	0	0.283464
278206	811186	0	0.283464
278328	811186	0	0.283464
278450	811186	0	0.283464
278572	811186	0	0.283464
278694	811187	0	0.283464
278816	811187	0	0.283464
280767	811187	0	0.283464
280889	811187	0	0.283464
281010	811187	0	0.283464
281132	811187	0	0.283464
281254	811187	0	0.283464
281376	811187	0	0.283464
281498	811187	0	0.283464
276012	811065	0	0.298704
276621	811065	0	0.298704
276743	811065	0	0.298704
277231	811065	0	0.283464
277353	811065	0	0.283464
277475	811065	0	0.283464
277597	811065	0	0.283464
277719	811065	0	0.283464
277841	811065	0	0.283464
275646	810943	0	0.283464
275768	810943	0	0.283464
275890	810943	0	0.283464
276012	810943	0	0.283464
276134	810943	0	0.283464
276256	810943	0	0.283464
276378	810943	0	0.283464
276743	810943	0	0.298704
276865	810943	0	0.283464
276987	810943	0	0.283464
277109	810943	0	0.283464
277231	810943	0	0.283464
277353	810943	0	0.283464
275402	810821	0	0.283464
275524	810821	0	0.283464
275646	810821	0	0.283464
275768	810821	0	0.283464
275890	810821	0	0.283464
276012	810821	0	0.283464
276134	810821	0	0.283464
276256	810821	0	0.283464
276378	810821	0	0.283464
276499	810821	0	0.283464
276621	810821	0	0.283464
276743	810821	0	0.283464
276865	810821	0	0.283464
276987	810821	0	0.283464
277109	810821	0	0.283464
275158	810699	0	0.283464
275280	810699	0	0.283464
275402	810699	0	0.283464
275524	810699	0	0.283464
276621	810699	0	0.283464
276743	810699	0	0.283464
276865	810699	0	0.283464
275036	810577	0	0.283464
275158	810577	0	0.283464
275280	810577	0	0.283464
275036	810455	0	0.283464
275158	810455	0	0.283464
