   283204.800   834839.000    8.90      16000.
   283204.800   834717.100   10.80      16000.
   283082.900   834595.100   15.22      16000.
   283082.900   833985.600   16.50    1000000.
   282961.000   833863.600   19.98      16000.
   283082.900   833254.100   24.50    1000000.
   289178.900   832278.800    9.00      16000.
   288813.200   832156.900   16.00      16000.
   288935.100   832156.900   14.00      16000.
   289057.000   832156.900   12.00      16000.
   288691.200   832034.900   18.00    1000000.
   289178.900   831669.200    3.00      16000.
   288935.100   831547.300    8.00      16000.
   289057.000   831547.300    5.00      16000.
   288813.200   831425.300   23.00    1000000.
   275401.900   828499.000   29.00      16000.
   275280.000   828377.100   28.50      16000.
   275158.100   828255.100   27.00      16000.
   275036.200   828133.300   26.00      16000.
   274914.300   828011.300   25.00      16000.
   274670.400   827889.400   23.00      16000.
   274792.300   827889.400   24.00      16000.
   274304.700   827767.400    6.56      16000.
   274426.600   827767.400   13.12      16000.
   274548.500   827767.400   21.00      16000.
   303931.300   825939.300   25.92      16000.
   303687.500   825817.400   25.20      16000.
   303809.400   825817.400   25.44      16000.
   289057.000   825695.100   48.60      16000.
   289178.900   825695.100   48.60      16000.
   289300.900   825695.100   48.60      16000.
   303565.500   825695.400   24.72      16000.
   274914.300   825572.900   33.11      16000.
   275036.200   825572.900   33.22      16000.
   275158.200   825572.900   33.33      16000.
   289057.000   825573.200   48.60      16000.
   289300.900   825573.300   48.60      16000.
   289422.800   825573.300   48.60      16000.
   303443.600   825573.500   24.48      16000.
   274792.400   825451.000   32.96      16000.
   274914.300   825451.000   33.00      16000.
   288813.200   825451.300   48.60      16000.
   288935.100   825451.300   48.60      16000.
   289057.000   825451.300   48.60      16000.
   289300.900   825451.300   48.60      16000.
   289422.800   825451.300   48.60      16000.
   303199.800   825451.600   23.96      16000.
   303321.700   825451.600   24.00      16000.
   274792.400   825329.100   32.19      16000.
   288447.400   825329.400   48.60      16000.
   288569.300   825329.400   48.60      16000.
   288691.300   825329.400   48.60      16000.
   288813.200   825329.400   48.60      16000.
   289300.900   825329.400   48.60      16000.
   303199.800   825329.700   22.80      16000.
   274792.400   825207.100   31.30      16000.
   289178.900   825207.400   48.60      16000.
   289300.900   825207.400   48.60      16000.
   303199.800   825207.800   21.49      16000.
   274670.500   825085.300   29.74      16000.
   289178.900   825085.600   48.60      16000.
   289300.900   825085.600   48.60      16000.
   289422.800   825085.600   48.60      16000.
   303199.800   825085.800   20.18      16000.
   274670.500   824963.300   29.00      16000.
   289422.800   824963.600   48.60      16000.
   289544.700   824963.600   48.60      16000.
   289666.600   824963.600   48.60      16000.
   289788.600   824963.600   48.60      16000.
   289910.500   824963.600   48.60      16000.
   290032.400   824963.600   45.09      16000.
   303199.800   824963.900   18.89      16000.
   274670.500   824841.400   28.30      16000.
   289300.900   824841.700   48.60      16000.
   289422.800   824841.700   48.60      16000.
   289544.700   824841.700   48.60      16000.
   289910.500   824841.700   45.09      16000.
   303199.800   824842.000   17.59      16000.
   306369.700   824842.100   19.00      16000.
   274548.600   824719.400   26.94      16000.
   289300.900   824719.800   48.60      16000.
   289422.800   824719.800   48.60      16000.
   289544.700   824719.800   48.60      16000.
   289788.600   824719.800   45.09      16000.
   303199.800   824720.100   16.26      16000.
   306369.700   824720.100   17.80      16000.
   274548.600   824597.600   26.33      16000.
   289788.600   824597.900   45.09      16000.
   303199.800   824598.100   15.17      16000.
   306369.700   824598.200   16.60      16000.
   274548.600   824475.600   25.73      16000.
   289788.600   824475.900   45.09      16000.
   303077.900   824476.300   13.79      16000.
   306369.700   824476.300   15.40      16000.
   274426.600   824353.700   24.51      16000.
   289788.600   824354.100   43.83      16000.
   303077.900   824354.300   12.36      16000.
   303199.800   824354.300   12.00      16000.
   306369.700   824354.400   14.20      16000.
   274304.700   824231.800   23.38      16000.
   289910.500   824232.100   38.77      16000.
   303199.800   824232.400   10.49      16000.
   306369.700   824232.400   13.00      16000.
   274182.800   824109.900   22.30      16000.
   289910.500   824110.200   35.30      16000.
   296981.800   824110.400   33.98      16000.
   303199.800   824110.500    8.87      16000.
   306369.700   824110.500   11.80      16000.
   274060.900   823987.900   20.88      16000.
   289910.500   823988.300   33.34      16000.
   290032.400   823988.300   32.33      16000.
   290154.300   823988.300   31.49      16000.
   297103.800   823988.400   32.45      16000.
   303199.800   823988.600    7.13      16000.
   306369.700   823988.600   10.60      16000.
   273939.000   823866.000   15.53      16000.
   290154.300   823866.400   29.39      16000.
   297103.800   823866.500   31.43      16000.
   303199.800   823866.600    5.22      16000.
   306247.800   823866.700    9.40      16000.
   273817.100   823744.100    9.59      16000.
   290154.300   823744.400   27.33      16000.
   297103.800   823744.600   30.36      16000.
   303199.800   823744.800    3.19      16000.
   306247.800   823744.800    8.20      16000.
   273695.100   823622.200    2.85      16000.
   290154.300   823622.500   25.28      16000.
   297103.800   823622.700   29.67      16000.
   303199.800   823622.800    1.50      16000.
   306247.800   823622.900    7.00      16000.
   290154.300   823500.600   23.26      16000.
   296981.900   823500.800   27.55      16000.
   306247.800   823500.900    4.20      16000.
   290276.300   823378.700   20.56      16000.
   296981.900   823378.800   25.42      16000.
   306247.800   823379.000    3.40      16000.
   290276.300   823256.800   19.00      16000.
   290398.200   823256.800   17.61      16000.
   296981.900   823256.900   23.46      16000.
   306369.700   823257.100    2.50      16000.
   284546.000   823134.800   58.21    1000000.
   290398.200   823134.900   15.80      16000.
   296981.900   823135.000   21.71      16000.
   290398.200   823012.900   14.15      16000.
   290520.100   823012.900   12.33      16000.
   296981.900   823013.100   20.14      16000.
   290520.100   822891.000   11.20      16000.
   296981.900   822891.100   18.67      16000.
   284546.000   822769.000   52.63      16000.
   287106.300   822769.000   46.35    1000000.
   290520.100   822769.100    9.97      16000.
   290642.000   822769.100    8.58      16000.
   296981.900   822769.300   16.85      16000.
   284546.000   822647.100   50.24      16000.
   296859.900   822647.300   10.89      16000.
   272963.600   822524.900    6.00      16000.
   273085.500   822524.900    9.00      50000.
   284546.000   822525.100   48.45      16000.
   296860.000   822525.400    6.51      16000.
   272841.700   822402.900    3.00      16000.
   284424.100   822403.200   46.66      16000.
   287106.300   822403.300   42.98      16000.
   284424.100   822281.300   45.34      16000.
   284546.000   822281.300   45.15      16000.
   287106.300   822281.400   42.22      16000.
   288081.700   822281.400   41.65      16000.
   284546.000   822159.400   44.01      16000.
   284667.900   822159.400   44.00      16000.
   284789.800   822159.400   43.87      16000.
   287106.300   822159.400   41.41      16000.
   288203.600   822159.400   39.16      16000.
   284789.800   822037.400   42.65      16000.
   284911.800   822037.400   42.55      16000.
   287228.300   822037.500   40.50      16000.
   288325.500   822037.600   36.87      16000.
   288447.400   822037.600   36.00      16000.
   284911.800   821915.600   41.18      16000.
   287228.300   821915.600   39.69      16000.
   288569.400   821915.600   34.45      16000.
   284789.800   821793.600   39.69      16000.
   284911.800   821793.600   39.87      16000.
   287228.300   821793.700   37.64      16000.
   288569.400   821793.700   33.73      16000.
   284667.900   821671.700   37.81      16000.
   284789.800   821671.700   37.98      16000.
   287228.300   821671.800   35.46      16000.
   288691.300   821671.800   32.67      16000.
   284667.900   821549.800   37.68      16000.
   287228.300   821549.800   33.33      16000.
   288691.300   821549.900   30.58      16000.
   284667.900   821427.900   35.63      16000.
   287350.200   821427.900   30.79      16000.
   288813.200   821427.900   27.65      16000.
   284546.000   821305.900   33.51      16000.
   287350.200   821306.000   28.54      16000.
   288813.200   821306.000   25.73      16000.
   288935.100   821306.100   25.07      16000.
   282351.400   821183.900   36.82      16000.
   282473.400   821184.000   36.04      16000.
   282595.300   821184.000   35.27      16000.
   282717.200   821184.000   34.55      16000.
   284546.000   821184.000   31.43      16000.
   287228.300   821184.100   27.28      16000.
   288935.100   821184.100   23.50      16000.
   289057.100   821184.100   22.83      16000.
   282229.500   821062.100   37.58      16000.
   282839.100   821062.100   32.89      16000.
   284667.900   821062.100   29.01      16000.
   287228.300   821062.100   22.94      16000.
   289057.100   821062.200   21.42      16000.
   289179.000   821062.200   19.81      16000.
   282107.600   820940.100   38.81    1000000.
   282839.100   820940.100   31.90      16000.
   284667.900   820940.200   27.82      16000.
   287350.200   820940.300   19.13      16000.
   289179.000   820940.300   19.48      16000.
   282961.000   820818.300   30.05      16000.
   284667.900   820818.300   25.11      16000.
   286131.000   820818.300   29.94      16000.
   287350.200   820818.300   15.41      16000.
   289179.000   820818.400   18.94      16000.
   282961.000   820696.300   29.43      16000.
   283083.000   820696.300   28.79      16000.
   284667.900   820696.300   22.34      16000.
   286252.900   820696.400   28.99      16000.
   287350.200   820696.400   12.35      16000.
   289300.900   820696.400   15.33      16000.
   283083.000   820574.400   28.13      16000.
   284667.900   820574.400   19.99      16000.
   286252.900   820574.400   27.64      16000.
   287350.200   820574.500   12.25      16000.
   289422.800   820574.500   13.33      16000.
   283083.000   820452.400   27.51      16000.
   284667.900   820452.500   17.56      16000.
   286374.800   820452.600   25.16      16000.
   287350.200   820452.600   12.14      16000.
   289422.800   820452.600   12.02      16000.
   283083.000   820330.600   26.91      16000.
   283204.900   820330.600   26.05      16000.
   284667.900   820330.600   15.08      16000.
   286374.800   820330.600   23.54      16000.
   287472.100   820330.600   11.39      16000.
   289422.800   820330.700   10.73      16000.
   283204.900   820208.600   25.41      16000.
   284789.800   820208.700   11.54      16000.
   286374.800   820208.700   22.19      16000.
   287472.100   820208.800   11.14      16000.
   289422.800   820208.800    9.43      16000.
   283204.900   820086.700   24.81      16000.
   284789.800   820086.800   11.12      16000.
   286374.800   820086.800   21.16      16000.
   287472.100   820086.800   10.71      16000.
   289422.800   820086.900    8.13      16000.
   283204.900   819964.800   24.26      16000.
   284911.800   819964.800   10.84      16000.
   286374.800   819964.900   20.41      16000.
   287472.100   819964.900   10.10      16000.
   289422.800   819964.900    6.86      16000.
   272719.800   819842.600    9.00    1000000.
   283204.900   819842.900   23.74      16000.
   284911.800   819842.900   10.12      16000.
   286374.800   819842.900   19.71      16000.
   287472.100   819842.900    9.28      16000.
   287594.000   819842.900    8.42      16000.
   289544.800   819843.000    5.14      16000.
   272719.800   819720.700    7.00      16000.
   283204.900   819720.900   23.26      16000.
   284911.800   819721.000    9.04      16000.
   286496.800   819721.000   17.13      16000.
   287594.000   819721.100    7.44      16000.
   272476.000   819598.800    3.00      16000.
   272597.900   819598.800    5.00      16000.
   283204.900   819599.000   22.81      16000.
   284911.800   819599.100    7.66      16000.
   286496.800   819599.100   15.40      16000.
   287594.000   819599.100    6.33      16000.
   283326.800   819477.100   21.28      16000.
   285033.700   819477.100    5.60      16000.
   286496.800   819477.200   13.82      16000.
   287594.000   819477.200    5.08      16000.
   283326.800   819355.200   20.91      16000.
   285033.700   819355.300    3.42      16000.
   286496.800   819355.300   12.47      16000.
   287472.100   819355.300    3.75      16000.
   287594.000   819355.300    4.26      16000.
   277596.600   819233.100   34.31    1000000.
   283326.800   819233.300   20.73      16000.
   285033.700   819233.300    1.50      16000.
   286496.800   819233.400   11.35      16000.
   287472.100   819233.400    2.68      16000.
   277352.800   819111.200   32.53      16000.
   283326.800   819111.400   20.61      16000.
   286496.800   819111.400   10.45      16000.
   287472.100   819111.400    1.50      16000.
   277352.800   818989.300   32.01      16000.
   281498.000   818989.400   36.63      16000.
   283326.800   818989.400   20.36      16000.
   286618.700   818989.500    8.16      16000.
   277230.800   818867.400   31.21      16000.
   281619.900   818867.500   34.65      16000.
   283326.800   818867.500   20.15      16000.
   286740.600   818867.600    4.62      16000.
   277230.800   818745.400   30.86      16000.
   281619.900   818745.600   33.45      16000.
   283204.900   818745.600   19.88      16000.
   286862.500   818745.700    1.50      16000.
   277230.800   818623.600   30.56      16000.
   281619.900   818623.600   32.37      16000.
   283204.900   818623.700   19.02      16000.
   277230.800   818501.600   30.29      16000.
   281619.900   818501.700   31.44      16000.
   283204.900   818501.800   18.08      16000.
   277230.800   818379.700   29.91      16000.
   281619.900   818379.800   30.62      16000.
   283204.900   818379.800   17.16      16000.
   277230.800   818257.800   28.63      16000.
   277352.800   818257.800   27.47      16000.
   281619.900   818257.900   29.77      16000.
   283204.900   818257.900   16.28      16000.
   277352.800   818135.900   27.25      16000.
   281619.900   818135.900   29.37      16000.
   283204.900   818136.000   15.42      16000.
   277352.800   818013.900   26.20      16000.
   281498.000   818014.100   27.44      16000.
   283204.900   818014.100   14.59      16000.
   277352.800   817892.000   24.98      16000.
   281498.000   817892.100   26.03      16000.
   283204.900   817892.100   13.78      16000.
   277352.800   817770.100   23.82      16000.
   281376.100   817770.200   24.44      16000.
   281498.000   817770.200   24.75      16000.
   283204.900   817770.300   12.98      16000.
   277352.800   817648.200   22.74      16000.
   281376.100   817648.300   23.38      16000.
   283204.900   817648.300   12.20      16000.
   277352.800   817526.300   21.70      16000.
   281376.100   817526.400   22.13      16000.
   283204.900   817526.400   11.43      16000.
   277352.800   817404.300   20.67      16000.
   281376.100   817404.400   20.97      16000.
   283204.900   817404.500   10.87      16000.
   277352.800   817282.400   19.39      16000.
   281254.200   817282.500   19.72      16000.
   283083.000   817282.600   10.02      16000.
   277352.800   817160.500   18.33      16000.
   278450.100   817160.500   23.23      16000.
   278572.000   817160.500   23.49      16000.
   281254.200   817160.600   18.92      16000.
   283083.000   817160.600    9.63      16000.
   277352.800   817038.600   15.20      16000.
   278450.100   817038.600   22.58      16000.
   281254.200   817038.700   17.77      16000.
   283083.000   817038.700    9.24      16000.
   277352.800   816916.700   12.63      16000.
   277474.700   816916.700   11.68      16000.
   278450.100   816916.700   21.91      16000.
   281254.200   816916.800   16.64      16000.
   283083.000   816916.800    8.84      16000.
   283692.600   816916.800    9.98      16000.
   277474.700   816794.800   11.32      16000.
   278328.100   816794.800   19.84      16000.
   278450.100   816794.800   20.61      16000.
   281254.200   816794.800   15.55      16000.
   282961.100   816794.900    8.21      16000.
   283692.600   816794.900    9.18      16000.
   277474.700   816672.800   11.00      16000.
   278328.100   816672.900   18.63      16000.
   281254.200   816672.900   14.48      16000.
   282961.100   816672.900    7.51      16000.
   283692.600   816673.000    8.30      16000.
   277474.700   816550.900   10.76      16000.
   278328.200   816550.900   17.52      16000.
   281254.200   816551.000   13.44      16000.
   282961.100   816551.100    6.79      16000.
   283570.700   816551.100    7.44      16000.
   277474.700   816429.000   10.48      16000.
   278206.200   816429.000   15.82      16000.
   278328.200   816429.000   16.53      16000.
   281254.200   816429.100   12.43      16000.
   282839.200   816429.100    5.95      16000.
   283570.700   816429.100    6.65      16000.
   277352.800   816307.100    9.71      16000.
   277474.700   816307.100   10.16      16000.
   278206.200   816307.100   15.02      16000.
   281254.200   816307.100   11.45      16000.
   282717.200   816307.200    5.08      16000.
   282839.200   816307.200    5.11      16000.
   283570.700   816307.200    5.90      16000.
   277352.800   816185.100    9.32      16000.
   278206.200   816185.200   14.31      16000.
   281254.200   816185.300   10.48      16000.
   282717.200   816185.300    4.13      16000.
   283448.800   816185.300    5.08      16000.
   277352.800   816063.300    8.90      16000.
   278206.200   816063.300   13.68      16000.
   281254.200   816063.300    9.43      16000.
   282595.300   816063.400    3.12      16000.
   283326.800   816063.400    4.24      16000.
   277352.800   815941.300    8.44      16000.
   278206.200   815941.300   13.13      16000.
   281254.200   815941.400    8.40      16000.
   282595.300   815941.400    2.03      16000.
   283326.800   815941.400    3.65      16000.
   277352.800   815819.400    7.94      16000.
   278206.200   815819.400   12.63      16000.
   281254.200   815819.500    7.39      16000.
   282595.300   815819.500    1.50      16000.
   283326.800   815819.500    3.12      16000.
   277352.800   815697.400    7.41      16000.
   278206.200   815697.500   12.16      16000.
   281254.200   815697.600    6.42      16000.
   283204.900   815697.600    2.43      16000.
   283326.800   815697.600    2.67      16000.
   277352.800   815575.600    6.84      16000.
   278084.300   815575.600   11.40      16000.
   278206.200   815575.600   11.66      16000.
   281254.200   815575.600    5.73      16000.
   283204.900   815575.700    2.08      16000.
   277352.800   815453.600    6.25      16000.
   278084.300   815453.600   10.91      16000.
   279181.600   815453.700    9.75      16000.
   283204.900   815453.800    1.80      16000.
   277352.800   815331.700    5.60      16000.
   278084.300   815331.800    9.56      16000.
   279181.600   815331.800    9.38      16000.
   277352.800   815209.800    4.92      16000.
   278084.300   815209.800    8.09      16000.
   279181.600   815209.800    8.90      16000.
   277230.900   815087.900    4.06      16000.
   277352.800   815087.900    4.20      16000.
   278084.300   815087.900    6.61      16000.
   279181.600   815087.900    7.59      16000.
   277230.900   814965.900    3.37      16000.
   279059.700   814966.000    6.07      16000.
   279181.600   814966.000    6.18      16000.
   277230.900   814844.000    2.62      16000.
   279059.700   814844.100    4.71      16000.
   277230.900   814722.100    1.83      16000.
   279059.700   814722.100    3.36      16000.
   277230.900   814600.200    1.50      16000.
   279059.700   814600.300    2.07      16000.
   279059.700   814478.300    1.50      16000.
