

                          ..       Linear initial conditions: head, solutions, exchange,                  
                          ..       equilibrium_phases, gases, kinetics, surfaces, solid solutions         


                              X-Direction Node Coordinates    (m)

           1           2           3           4           5           6           7           8           9          10
              0        1.00        2.00        3.00        4.00        5.00        6.00        7.00        8.00        9.00



          11
          10.00




                              Y-Direction Node Coordinates   (m)

           1           2
              0       10.00




                              Z-Direction Node Coordinates   (m)

           1           2
              0       10.00




                                        *** Initial Conditions ***

                              Initial Solution Indices and Mixing Fraction

                    Areal Layers

                                                            K =  1

          1          2          3          4          5          6          7          8          9         10
   2   1,2,1.0    1,2,0.9    1,2,0.8    1,2,0.7    1,2,0.6    1,2,0.5    1,2,0.4    1,2,0.3    1,2,0.2    1,2,0.1   
   1   1,2,1.0    1,2,0.9    1,2,0.8    1,2,0.7    1,2,0.6    1,2,0.5    1,2,0.4    1,2,0.3    1,2,0.2    1,2,0.1   



         11
   2   1,2,0.0   
   1   1,2,0.0   

                                                            K =  2

          1          2          3          4          5          6          7          8          9         10
   2   1,2,1.0    1,2,0.9    1,2,0.8    1,2,0.7    1,2,0.6    1,2,0.5    1,2,0.4    1,2,0.3    1,2,0.2    1,2,0.1   
   1   1,2,1.0    1,2,0.9    1,2,0.8    1,2,0.7    1,2,0.6    1,2,0.5    1,2,0.4    1,2,0.3    1,2,0.2    1,2,0.1   



         11
   2   1,2,0.0   
   1   1,2,0.0   



                              Initial Equilibrium-Phase Indices and Mixing Fraction

                    Areal Layers

                                                            K =  1

          1          2          3          4          5          6          7          8          9         10
   2   1,2,1.0    1,2,0.9    1,2,0.8    1,2,0.7    1,2,0.6    1,2,0.5    1,2,0.4    1,2,0.3    1,2,0.2    1,2,0.1   
   1   1,2,1.0    1,2,0.9    1,2,0.8    1,2,0.7    1,2,0.6    1,2,0.5    1,2,0.4    1,2,0.3    1,2,0.2    1,2,0.1   



         11
   2   1,2,0.0   
   1   1,2,0.0   

                                                            K =  2

          1          2          3          4          5          6          7          8          9         10
   2   1,2,1.0    1,2,0.9    1,2,0.8    1,2,0.7    1,2,0.6    1,2,0.5    1,2,0.4    1,2,0.3    1,2,0.2    1,2,0.1   
   1   1,2,1.0    1,2,0.9    1,2,0.8    1,2,0.7    1,2,0.6    1,2,0.5    1,2,0.4    1,2,0.3    1,2,0.2    1,2,0.1   



         11
   2   1,2,0.0   
   1   1,2,0.0   



                              Initial Exchange Indices and Mixing Fraction

                    Areal Layers

                                                            K =  1

          1          2          3          4          5          6          7          8          9         10
   2   1,2,1.0    1,2,0.9    1,2,0.8    1,2,0.7    1,2,0.6    1,2,0.5    1,2,0.4    1,2,0.3    1,2,0.2    1,2,0.1   
   1   1,2,1.0    1,2,0.9    1,2,0.8    1,2,0.7    1,2,0.6    1,2,0.5    1,2,0.4    1,2,0.3    1,2,0.2    1,2,0.1   



         11
   2   1,2,0.0   
   1   1,2,0.0   

                                                            K =  2

          1          2          3          4          5          6          7          8          9         10
   2   1,2,1.0    1,2,0.9    1,2,0.8    1,2,0.7    1,2,0.6    1,2,0.5    1,2,0.4    1,2,0.3    1,2,0.2    1,2,0.1   
   1   1,2,1.0    1,2,0.9    1,2,0.8    1,2,0.7    1,2,0.6    1,2,0.5    1,2,0.4    1,2,0.3    1,2,0.2    1,2,0.1   



         11
   2   1,2,0.0   
   1   1,2,0.0   



                              Initial Surface Indices and Mixing Fraction

                    Areal Layers

                                                            K =  1

          1          2          3          4          5          6          7          8          9         10
   2   1,2,1.0    1,2,0.9    1,2,0.8    1,2,0.7    1,2,0.6    1,2,0.5    1,2,0.4    1,2,0.3    1,2,0.2    1,2,0.1   
   1   1,2,1.0    1,2,0.9    1,2,0.8    1,2,0.7    1,2,0.6    1,2,0.5    1,2,0.4    1,2,0.3    1,2,0.2    1,2,0.1   



         11
   2   1,2,0.0   
   1   1,2,0.0   

                                                            K =  2

          1          2          3          4          5          6          7          8          9         10
   2   1,2,1.0    1,2,0.9    1,2,0.8    1,2,0.7    1,2,0.6    1,2,0.5    1,2,0.4    1,2,0.3    1,2,0.2    1,2,0.1   
   1   1,2,1.0    1,2,0.9    1,2,0.8    1,2,0.7    1,2,0.6    1,2,0.5    1,2,0.4    1,2,0.3    1,2,0.2    1,2,0.1   



         11
   2   1,2,0.0   
   1   1,2,0.0   



                              Initial Gas-Phase Indices and Mixing Fraction

                    Areal Layers

                                                            K =  1

          1          2          3          4          5          6          7          8          9         10
   2   1,2,1.0    1,2,0.9    1,2,0.8    1,2,0.7    1,2,0.6    1,2,0.5    1,2,0.4    1,2,0.3    1,2,0.2    1,2,0.1   
   1   1,2,1.0    1,2,0.9    1,2,0.8    1,2,0.7    1,2,0.6    1,2,0.5    1,2,0.4    1,2,0.3    1,2,0.2    1,2,0.1   



         11
   2   1,2,0.0   
   1   1,2,0.0   

                                                            K =  2

          1          2          3          4          5          6          7          8          9         10
   2   1,2,1.0    1,2,0.9    1,2,0.8    1,2,0.7    1,2,0.6    1,2,0.5    1,2,0.4    1,2,0.3    1,2,0.2    1,2,0.1   
   1   1,2,1.0    1,2,0.9    1,2,0.8    1,2,0.7    1,2,0.6    1,2,0.5    1,2,0.4    1,2,0.3    1,2,0.2    1,2,0.1   



         11
   2   1,2,0.0   
   1   1,2,0.0   



                              Initial Solid-Solution Indices and Mixing Fraction

                    Areal Layers

                                                            K =  1

          1          2          3          4          5          6          7          8          9         10
   2   1,2,1.0    1,2,0.9    1,2,0.8    1,2,0.7    1,2,0.6    1,2,0.5    1,2,0.4    1,2,0.3    1,2,0.2    1,2,0.1   
   1   1,2,1.0    1,2,0.9    1,2,0.8    1,2,0.7    1,2,0.6    1,2,0.5    1,2,0.4    1,2,0.3    1,2,0.2    1,2,0.1   



         11
   2   1,2,0.0   
   1   1,2,0.0   

                                                            K =  2

          1          2          3          4          5          6          7          8          9         10
   2   1,2,1.0    1,2,0.9    1,2,0.8    1,2,0.7    1,2,0.6    1,2,0.5    1,2,0.4    1,2,0.3    1,2,0.2    1,2,0.1   
   1   1,2,1.0    1,2,0.9    1,2,0.8    1,2,0.7    1,2,0.6    1,2,0.5    1,2,0.4    1,2,0.3    1,2,0.2    1,2,0.1   



         11
   2   1,2,0.0   
   1   1,2,0.0   



                              Initial Kinetic-Reaction Indices and Mixing Fraction

                    Areal Layers

                                                            K =  1

          1          2          3          4          5          6          7          8          9         10
   2   1,2,1.0    1,2,0.9    1,2,0.8    1,2,0.7    1,2,0.6    1,2,0.5    1,2,0.4    1,2,0.3    1,2,0.2    1,2,0.1   
   1   1,2,1.0    1,2,0.9    1,2,0.8    1,2,0.7    1,2,0.6    1,2,0.5    1,2,0.4    1,2,0.3    1,2,0.2    1,2,0.1   



         11
   2   1,2,0.0   
   1   1,2,0.0   

                                                            K =  2

          1          2          3          4          5          6          7          8          9         10
   2   1,2,1.0    1,2,0.9    1,2,0.8    1,2,0.7    1,2,0.6    1,2,0.5    1,2,0.4    1,2,0.3    1,2,0.2    1,2,0.1   
   1   1,2,1.0    1,2,0.9    1,2,0.8    1,2,0.7    1,2,0.6    1,2,0.5    1,2,0.4    1,2,0.3    1,2,0.2    1,2,0.1   



         11
   2   1,2,0.0   
   1   1,2,0.0   



                              Initial Molality (mol/kgw)

                              Component: H         

                    Areal Layers

                                                            K =  1

           1           2           3           4           5           6           7           8           9          10
  2  1.6730e-02  1.8340e-02  1.9946e-02  2.1545e-02  2.3138e-02  2.4718e-02  2.6276e-02  2.7782e-02  2.9228e-02  2.9503e-02
  1  1.6730e-02  1.8340e-02  1.9946e-02  2.1545e-02  2.3138e-02  2.4718e-02  2.6276e-02  2.7782e-02  2.9228e-02  2.9503e-02



          11
  2  4.6294e-02
  1  4.6294e-02

                                                            K =  2

           1           2           3           4           5           6           7           8           9          10
  2  1.6730e-02  1.8340e-02  1.9946e-02  2.1545e-02  2.3138e-02  2.4718e-02  2.6276e-02  2.7782e-02  2.9228e-02  2.9503e-02
  1  1.6730e-02  1.8340e-02  1.9946e-02  2.1545e-02  2.3138e-02  2.4718e-02  2.6276e-02  2.7782e-02  2.9228e-02  2.9503e-02



          11
  2  4.6294e-02
  1  4.6294e-02



                              Initial Molality (mol/kgw)

                              Component: O         

                    Areal Layers

                                                            K =  1

           1           2           3           4           5           6           7           8           9          10
  2  0.8022      0.8039      0.8055      0.8069      0.8083      0.8095      0.8107      0.8118      0.8127      0.8130    
  1  0.8022      0.8039      0.8055      0.8069      0.8083      0.8095      0.8107      0.8118      0.8127      0.8130    



          11
  2  0.8216    
  1  0.8216    

                                                            K =  2

           1           2           3           4           5           6           7           8           9          10
  2  0.8022      0.8039      0.8055      0.8069      0.8083      0.8095      0.8107      0.8118      0.8127      0.8130    
  1  0.8022      0.8039      0.8055      0.8069      0.8083      0.8095      0.8107      0.8118      0.8127      0.8130    



          11
  2  0.8216    
  1  0.8216    



                              Initial Molality (mol/kgw)

                              Component: Al        

                    Areal Layers

                                                            K =  1

           1           2           3           4           5           6           7           8           9          10
  2  0.0000e+00  0.0000e+00  0.0000e+00  0.0000e+00  0.0000e+00  0.0000e+00  0.0000e+00  0.0000e+00  0.0000e+00  0.0000e+00
  1  0.0000e+00  0.0000e+00  0.0000e+00  0.0000e+00  0.0000e+00  0.0000e+00  0.0000e+00  0.0000e+00  0.0000e+00  0.0000e+00



          11
  2  0.0000e+00
  1  0.0000e+00

                                                            K =  2

           1           2           3           4           5           6           7           8           9          10
  2  0.0000e+00  0.0000e+00  0.0000e+00  0.0000e+00  0.0000e+00  0.0000e+00  0.0000e+00  0.0000e+00  0.0000e+00  0.0000e+00
  1  0.0000e+00  0.0000e+00  0.0000e+00  0.0000e+00  0.0000e+00  0.0000e+00  0.0000e+00  0.0000e+00  0.0000e+00  0.0000e+00



          11
  2  0.0000e+00
  1  0.0000e+00



                              Initial Molality (mol/kgw)

                              Component: Ba        

                    Areal Layers

                                                            K =  1

           1           2           3           4           5           6           7           8           9          10
  2  8.4300e-10  8.2396e-10  8.0867e-10  7.9610e-10  7.8557e-10  7.7658e-10  7.6869e-10  7.6143e-10  7.5312e-10  7.2999e-10
  1  8.4300e-10  8.2396e-10  8.0867e-10  7.9610e-10  7.8557e-10  7.7658e-10  7.6869e-10  7.6143e-10  7.5312e-10  7.2999e-10



          11
  2  7.0979e-10
  1  7.0979e-10

                                                            K =  2

           1           2           3           4           5           6           7           8           9          10
  2  8.4300e-10  8.2396e-10  8.0867e-10  7.9610e-10  7.8557e-10  7.7658e-10  7.6869e-10  7.6143e-10  7.5312e-10  7.2999e-10
  1  8.4300e-10  8.2396e-10  8.0867e-10  7.9610e-10  7.8557e-10  7.7658e-10  7.6869e-10  7.6143e-10  7.5312e-10  7.2999e-10



          11
  2  7.0979e-10
  1  7.0979e-10



                              Initial Molality (mol/kgw)

                              Component: Br        

                    Areal Layers

                                                            K =  1

           1           2           3           4           5           6           7           8           9          10
  2  1.0000e-03  9.0000e-04  8.0000e-04  7.0000e-04  6.0000e-04  5.0000e-04  4.0000e-04  3.0000e-04  2.0000e-04  1.0000e-04
  1  1.0000e-03  9.0000e-04  8.0000e-04  7.0000e-04  6.0000e-04  5.0000e-04  4.0000e-04  3.0000e-04  2.0000e-04  1.0000e-04



          11
  2  0.0000e+00
  1  0.0000e+00

                                                            K =  2

           1           2           3           4           5           6           7           8           9          10
  2  1.0000e-03  9.0000e-04  8.0000e-04  7.0000e-04  6.0000e-04  5.0000e-04  4.0000e-04  3.0000e-04  2.0000e-04  1.0000e-04
  1  1.0000e-03  9.0000e-04  8.0000e-04  7.0000e-04  6.0000e-04  5.0000e-04  4.0000e-04  3.0000e-04  2.0000e-04  1.0000e-04



          11
  2  0.0000e+00
  1  0.0000e+00



                              Initial Molality (mol/kgw)

                              Component: C         

                    Areal Layers

                                                            K =  1

           1           2           3           4           5           6           7           8           9          10
  2  1.9218e-03  1.9180e-03  1.9145e-03  1.9108e-03  1.9064e-03  1.9005e-03  1.8910e-03  1.8710e-03  1.8016e-03  1.3770e-03
  1  1.9218e-03  1.9180e-03  1.9145e-03  1.9108e-03  1.9064e-03  1.9005e-03  1.8910e-03  1.8710e-03  1.8016e-03  1.3770e-03



          11
  2  1.0511e-03
  1  1.0511e-03

                                                            K =  2

           1           2           3           4           5           6           7           8           9          10
  2  1.9218e-03  1.9180e-03  1.9145e-03  1.9108e-03  1.9064e-03  1.9005e-03  1.8910e-03  1.8710e-03  1.8016e-03  1.3770e-03
  1  1.9218e-03  1.9180e-03  1.9145e-03  1.9108e-03  1.9064e-03  1.9005e-03  1.8910e-03  1.8710e-03  1.8016e-03  1.3770e-03



          11
  2  1.0511e-03
  1  1.0511e-03



                              Initial Molality (mol/kgw)

                              Component: Ca        

                    Areal Layers

                                                            K =  1

           1           2           3           4           5           6           7           8           9          10
  2  1.1476e-02  1.1517e-02  1.1549e-02  1.1576e-02  1.1599e-02  1.1618e-02  1.1634e-02  1.1649e-02  1.1665e-02  1.1705e-02
  1  1.1476e-02  1.1517e-02  1.1549e-02  1.1576e-02  1.1599e-02  1.1618e-02  1.1634e-02  1.1649e-02  1.1665e-02  1.1705e-02



          11
  2  1.1744e-02
  1  1.1744e-02

                                                            K =  2

           1           2           3           4           5           6           7           8           9          10
  2  1.1476e-02  1.1517e-02  1.1549e-02  1.1576e-02  1.1599e-02  1.1618e-02  1.1634e-02  1.1649e-02  1.1665e-02  1.1705e-02
  1  1.1476e-02  1.1517e-02  1.1549e-02  1.1576e-02  1.1599e-02  1.1618e-02  1.1634e-02  1.1649e-02  1.1665e-02  1.1705e-02



          11
  2  1.1744e-02
  1  1.1744e-02



                              Initial Molality (mol/kgw)

                              Component: Cl        

                    Areal Layers

                                                            K =  1

           1           2           3           4           5           6           7           8           9          10
  2  1.0000e-03  1.1000e-03  1.2000e-03  1.3000e-03  1.4000e-03  1.5000e-03  1.6000e-03  1.7000e-03  1.8000e-03  1.9000e-03
  1  1.0000e-03  1.1000e-03  1.2000e-03  1.3000e-03  1.4000e-03  1.5000e-03  1.6000e-03  1.7000e-03  1.8000e-03  1.9000e-03



          11
  2  2.0000e-03
  1  2.0000e-03

                                                            K =  2

           1           2           3           4           5           6           7           8           9          10
  2  1.0000e-03  1.1000e-03  1.2000e-03  1.3000e-03  1.4000e-03  1.5000e-03  1.6000e-03  1.7000e-03  1.8000e-03  1.9000e-03
  1  1.0000e-03  1.1000e-03  1.2000e-03  1.3000e-03  1.4000e-03  1.5000e-03  1.6000e-03  1.7000e-03  1.8000e-03  1.9000e-03



          11
  2  2.0000e-03
  1  2.0000e-03



                              Initial Molality (mol/kgw)

                              Component: Fe        

                    Areal Layers

                                                            K =  1

           1           2           3           4           5           6           7           8           9          10
  2  8.8277e-05  8.3420e-05  7.8507e-05  7.3531e-05  6.8468e-05  6.3261e-05  5.7762e-05  5.1462e-05  4.1598e-05  1.5475e-05
  1  8.8277e-05  8.3420e-05  7.8507e-05  7.3531e-05  6.8468e-05  6.3261e-05  5.7762e-05  5.1462e-05  4.1598e-05  1.5475e-05



          11
  2  0.0000e+00
  1  0.0000e+00

                                                            K =  2

           1           2           3           4           5           6           7           8           9          10
  2  8.8277e-05  8.3420e-05  7.8507e-05  7.3531e-05  6.8468e-05  6.3261e-05  5.7762e-05  5.1462e-05  4.1598e-05  1.5475e-05
  1  8.8277e-05  8.3420e-05  7.8507e-05  7.3531e-05  6.8468e-05  6.3261e-05  5.7762e-05  5.1462e-05  4.1598e-05  1.5475e-05



          11
  2  0.0000e+00
  1  0.0000e+00



                              Initial Molality (mol/kgw)

                              Component: K         

                    Areal Layers

                                                            K =  1

           1           2           3           4           5           6           7           8           9          10
  2  0.0000e+00  0.0000e+00  0.0000e+00  0.0000e+00  0.0000e+00  0.0000e+00  0.0000e+00  0.0000e+00  0.0000e+00  0.0000e+00
  1  0.0000e+00  0.0000e+00  0.0000e+00  0.0000e+00  0.0000e+00  0.0000e+00  0.0000e+00  0.0000e+00  0.0000e+00  0.0000e+00



          11
  2  0.0000e+00
  1  0.0000e+00

                                                            K =  2

           1           2           3           4           5           6           7           8           9          10
  2  0.0000e+00  0.0000e+00  0.0000e+00  0.0000e+00  0.0000e+00  0.0000e+00  0.0000e+00  0.0000e+00  0.0000e+00  0.0000e+00
  1  0.0000e+00  0.0000e+00  0.0000e+00  0.0000e+00  0.0000e+00  0.0000e+00  0.0000e+00  0.0000e+00  0.0000e+00  0.0000e+00



          11
  2  0.0000e+00
  1  0.0000e+00



                              Initial Molality (mol/kgw)

                              Component: Mn        

                    Areal Layers

                                                            K =  1

           1           2           3           4           5           6           7           8           9          10
  2  2.5163e-06  2.5779e-06  2.6542e-06  2.7545e-06  2.8957e-06  3.1129e-06  3.4943e-06  4.3358e-06  7.2446e-06  4.1661e-06
  1  2.5163e-06  2.5779e-06  2.6542e-06  2.7545e-06  2.8957e-06  3.1129e-06  3.4943e-06  4.3358e-06  7.2446e-06  4.1661e-06



          11
  2  0.0000e+00
  1  0.0000e+00

                                                            K =  2

           1           2           3           4           5           6           7           8           9          10
  2  2.5163e-06  2.5779e-06  2.6542e-06  2.7545e-06  2.8957e-06  3.1129e-06  3.4943e-06  4.3358e-06  7.2446e-06  4.1661e-06
  1  2.5163e-06  2.5779e-06  2.6542e-06  2.7545e-06  2.8957e-06  3.1129e-06  3.4943e-06  4.3358e-06  7.2446e-06  4.1661e-06



          11
  2  0.0000e+00
  1  0.0000e+00



                              Initial Molality (mol/kgw)

                              Component: N         

                    Areal Layers

                                                            K =  1

           1           2           3           4           5           6           7           8           9          10
  2  7.5768e-04  7.5842e-04  7.5905e-04  7.5958e-04  7.6004e-04  7.6044e-04  7.6079e-04  7.6110e-04  7.6137e-04  7.6156e-04
  1  7.5768e-04  7.5842e-04  7.5905e-04  7.5958e-04  7.6004e-04  7.6044e-04  7.6079e-04  7.6110e-04  7.6137e-04  7.6156e-04



          11
  2  7.6186e-04
  1  7.6186e-04

                                                            K =  2

           1           2           3           4           5           6           7           8           9          10
  2  7.5768e-04  7.5842e-04  7.5905e-04  7.5958e-04  7.6004e-04  7.6044e-04  7.6079e-04  7.6110e-04  7.6137e-04  7.6156e-04
  1  7.5768e-04  7.5842e-04  7.5905e-04  7.5958e-04  7.6004e-04  7.6044e-04  7.6079e-04  7.6110e-04  7.6137e-04  7.6156e-04



          11
  2  7.6186e-04
  1  7.6186e-04



                              Initial Molality (mol/kgw)

                              Component: Na        

                    Areal Layers

                                                            K =  1

           1           2           3           4           5           6           7           8           9          10
  2  0.3750      0.3754      0.3757      0.3760      0.3762      0.3764      0.3766      0.3767      0.3769      0.3772    
  1  0.3750      0.3754      0.3757      0.3760      0.3762      0.3764      0.3766      0.3767      0.3769      0.3772    



          11
  2  0.3775    
  1  0.3775    

                                                            K =  2

           1           2           3           4           5           6           7           8           9          10
  2  0.3750      0.3754      0.3757      0.3760      0.3762      0.3764      0.3766      0.3767      0.3769      0.3772    
  1  0.3750      0.3754      0.3757      0.3760      0.3762      0.3764      0.3766      0.3767      0.3769      0.3772    



          11
  2  0.3775    
  1  0.3775    



                              Initial Molality (mol/kgw)

                              Component: S         

                    Areal Layers

                                                            K =  1

           1           2           3           4           5           6           7           8           9          10
  2  0.1971      0.1974      0.1975      0.1977      0.1978      0.1980      0.1981      0.1982      0.1983      0.1986    
  1  0.1971      0.1974      0.1975      0.1977      0.1978      0.1980      0.1981      0.1982      0.1983      0.1986    



          11
  2  0.1989    
  1  0.1989    

                                                            K =  2

           1           2           3           4           5           6           7           8           9          10
  2  0.1971      0.1974      0.1975      0.1977      0.1978      0.1980      0.1981      0.1982      0.1983      0.1986    
  1  0.1971      0.1974      0.1975      0.1977      0.1978      0.1980      0.1981      0.1982      0.1983      0.1986    



          11
  2  0.1989    
  1  0.1989    



                              Initial Molality (mol/kgw)

                              Component: Si        

                    Areal Layers

                                                            K =  1

           1           2           3           4           5           6           7           8           9          10
  2  2.4946e-04  2.4942e-04  2.4940e-04  2.4938e-04  2.4937e-04  2.4936e-04  2.4936e-04  2.4937e-04  2.0000e-04  1.0000e-04
  1  2.4946e-04  2.4942e-04  2.4940e-04  2.4938e-04  2.4937e-04  2.4936e-04  2.4936e-04  2.4937e-04  2.0000e-04  1.0000e-04



          11
  2  0.0000e+00
  1  0.0000e+00

                                                            K =  2

           1           2           3           4           5           6           7           8           9          10
  2  2.4946e-04  2.4942e-04  2.4940e-04  2.4938e-04  2.4937e-04  2.4936e-04  2.4936e-04  2.4937e-04  2.0000e-04  1.0000e-04
  1  2.4946e-04  2.4942e-04  2.4940e-04  2.4938e-04  2.4937e-04  2.4936e-04  2.4936e-04  2.4937e-04  2.0000e-04  1.0000e-04



          11
  2  0.0000e+00
  1  0.0000e+00



                              Initial Molality (mol/kgw)

                              Component: Sr        

                    Areal Layers

                                                            K =  1

           1           2           3           4           5           6           7           8           9          10
  2  9.2688e-06  9.0589e-06  8.8904e-06  8.7520e-06  8.6359e-06  8.5367e-06  8.4498e-06  8.3695e-06  8.2772e-06  8.0180e-06
  1  9.2688e-06  9.0589e-06  8.8904e-06  8.7520e-06  8.6359e-06  8.5367e-06  8.4498e-06  8.3695e-06  8.2772e-06  8.0180e-06



          11
  2  7.7921e-06
  1  7.7921e-06

                                                            K =  2

           1           2           3           4           5           6           7           8           9          10
  2  9.2688e-06  9.0589e-06  8.8904e-06  8.7520e-06  8.6359e-06  8.5367e-06  8.4498e-06  8.3695e-06  8.2772e-06  8.0180e-06
  1  9.2688e-06  9.0589e-06  8.8904e-06  8.7520e-06  8.6359e-06  8.5367e-06  8.4498e-06  8.3695e-06  8.2772e-06  8.0180e-06



          11
  2  7.7921e-06
  1  7.7921e-06



                              Initial Molality (mol/kgw)

                              Component: Charge    

                    Areal Layers

                                                            K =  1

           1           2           3           4           5           6           7           8           9          10
  2 -3.9626e-05 -4.3656e-05 -4.7644e-05 -5.1574e-05 -5.5408e-05 -5.9069e-05 -6.2359e-05 -6.4587e-05 -6.1700e-05 -1.0974e-05
  1 -3.9626e-05 -4.3656e-05 -4.7644e-05 -5.1574e-05 -5.5408e-05 -5.9069e-05 -6.2359e-05 -6.4587e-05 -6.1700e-05 -1.0974e-05



          11
  2  4.7634e-05
  1  4.7634e-05

                                                            K =  2

           1           2           3           4           5           6           7           8           9          10
  2 -3.9626e-05 -4.3656e-05 -4.7644e-05 -5.1574e-05 -5.5408e-05 -5.9069e-05 -6.2359e-05 -6.4587e-05 -6.1700e-05 -1.0974e-05
  1 -3.9626e-05 -4.3656e-05 -4.7644e-05 -5.1574e-05 -5.5408e-05 -5.9069e-05 -6.2359e-05 -6.4587e-05 -6.1700e-05 -1.0974e-05



          11
  2  4.7634e-05
  1  4.7634e-05



                              *** Output at End of Time Step No.     1 ***

     Time .......................................................   0.500      (s)
     Maximum change in H         molality .... -1.6587e-03 (mol/kgw)   at location (  10.0    ,  10.0    , 0.000e+00)(m )

                              Molality (mol/kgw)

                              Component: H         

                    Areal Layers

                                                            K =  1

           1           2           3           4           5           6           7           8           9          10
  2 1.52885e-02 1.81890e-02 1.98615e-02 2.14649e-02 2.30577e-02 2.46384e-02 2.61971e-02 2.77061e-02 2.91488e-02 2.95379e-02
  1 1.52885e-02 1.81890e-02 1.98615e-02 2.14649e-02 2.30577e-02 2.46384e-02 2.61971e-02 2.77061e-02 2.91488e-02 2.95379e-02



          11
  2 4.46023e-02
  1 4.46023e-02

                                                            K =  2

           1           2           3           4           5           6           7           8           9          10
  2 1.52885e-02 1.81890e-02 1.98615e-02 2.14649e-02 2.30577e-02 2.46384e-02 2.61971e-02 2.77061e-02 2.91488e-02 2.95379e-02
  1 1.52885e-02 1.81890e-02 1.98615e-02 2.14649e-02 2.30577e-02 2.46384e-02 2.61971e-02 2.77061e-02 2.91488e-02 2.95379e-02



          11
  2 4.46023e-02
  1 4.46023e-02


     Maximum change in O         molality .... -7.2287e-02 (mol/kgw)   at location ( 0.000e+00,  10.0    , 0.000e+00)(m )

                              Molality (mol/kgw)

                              Component: O         

                    Areal Layers

                                                            K =  1

           1           2           3           4           5           6           7           8           9          10
  2 0.77501     0.80245     0.80537     0.80688     0.80821     0.80946     0.81063     0.81173     0.81268     0.81298    
  1 0.77501     0.80245     0.80537     0.80688     0.80821     0.80946     0.81063     0.81173     0.81268     0.81298    



          11
  2 0.82073    
  1 0.82073    

                                                            K =  2

           1           2           3           4           5           6           7           8           9          10
  2 0.77501     0.80245     0.80537     0.80688     0.80821     0.80946     0.81063     0.81173     0.81268     0.81298    
  1 0.77501     0.80245     0.80537     0.80688     0.80821     0.80946     0.81063     0.81173     0.81268     0.81298    



          11
  2 0.82073    
  1 0.82073    


     Maximum change in Al        molality ....  0.0000e+00 (mol/kgw)   at location (  10.0    ,  10.0    ,  10.0    )(m )

                              Molality (mol/kgw)

                              Component: Al        

                    Areal Layers

                                                            K =  1

           1           2           3           4           5           6           7           8           9          10
  2 4.66012e-13 4.65995e-13 4.65951e-13 4.65894e-13 4.65816e-13 4.65702e-13 4.65506e-13 4.65082e-13 4.63611e-13 4.55331e-13
  1 4.66012e-13 4.65995e-13 4.65951e-13 4.65894e-13 4.65816e-13 4.65702e-13 4.65506e-13 4.65082e-13 4.63611e-13 4.55331e-13



          11
  2 4.50324e-13
  1 4.50324e-13

                                                            K =  2

           1           2           3           4           5           6           7           8           9          10
  2 4.66012e-13 4.65995e-13 4.65951e-13 4.65894e-13 4.65816e-13 4.65702e-13 4.65506e-13 4.65082e-13 4.63611e-13 4.55331e-13
  1 4.66012e-13 4.65995e-13 4.65951e-13 4.65894e-13 4.65816e-13 4.65702e-13 4.65506e-13 4.65082e-13 4.63611e-13 4.55331e-13



          11
  2 4.50324e-13
  1 4.50324e-13


     Maximum change in Ba        molality .... -7.6145e-11 (mol/kgw)   at location ( 0.000e+00,  10.0    , 0.000e+00)(m )

                              Molality (mol/kgw)

                              Component: Ba        

                    Areal Layers

                                                            K =  1

           1           2           3           4           5           6           7           8           9          10
  2 8.58992e-10 8.24693e-10 8.08707e-10 7.96110e-10 7.85579e-10 7.76580e-10 7.68697e-10 7.61427e-10 7.53122e-10 7.30003e-10
  1 8.58992e-10 8.24693e-10 8.08707e-10 7.96110e-10 7.85579e-10 7.76580e-10 7.68697e-10 7.61427e-10 7.53122e-10 7.30003e-10



          11
  2 7.09791e-10
  1 7.09791e-10

                                                            K =  2

           1           2           3           4           5           6           7           8           9          10
  2 8.58992e-10 8.24693e-10 8.08707e-10 7.96110e-10 7.85579e-10 7.76580e-10 7.68697e-10 7.61427e-10 7.53122e-10 7.30003e-10
  1 8.58992e-10 8.24693e-10 8.08707e-10 7.96110e-10 7.85579e-10 7.76580e-10 7.68697e-10 7.61427e-10 7.53122e-10 7.30003e-10



          11
  2 7.09791e-10
  1 7.09791e-10


     Maximum change in Br        molality ....  1.0408e-05 (mol/kgw)   at location (  10.0    , 0.000e+00, 0.000e+00)(m )

                              Molality (mol/kgw)

                              Component: Br        

                    Areal Layers

                                                            K =  1

           1           2           3           4           5           6           7           8           9          10
  2 9.99141e-04 9.04696e-04 8.04984e-04 7.04999e-04 6.05000e-04 5.05000e-04 4.05000e-04 3.05000e-04 2.05000e-04 1.05026e-04
  1 9.99141e-04 9.04696e-04 8.04984e-04 7.04999e-04 6.05000e-04 5.05000e-04 4.05000e-04 3.05000e-04 2.05000e-04 1.05026e-04



          11
  2 1.04079e-05
  1 1.04079e-05

                                                            K =  2

           1           2           3           4           5           6           7           8           9          10
  2 9.99141e-04 9.04696e-04 8.04984e-04 7.04999e-04 6.05000e-04 5.05000e-04 4.05000e-04 3.05000e-04 2.05000e-04 1.05026e-04
  1 9.99141e-04 9.04696e-04 8.04984e-04 7.04999e-04 6.05000e-04 5.05000e-04 4.05000e-04 3.05000e-04 2.05000e-04 1.05026e-04



          11
  2 1.04079e-05
  1 1.04079e-05


     Maximum change in C         molality .... -1.7324e-04 (mol/kgw)   at location ( 0.000e+00, 0.000e+00, 0.000e+00)(m )

                              Molality (mol/kgw)

                              Component: C         

                    Areal Layers

                                                            K =  1

           1           2           3           4           5           6           7           8           9          10
  2 1.89874e-03 1.91680e-03 1.91440e-03 1.91074e-03 1.90636e-03 1.90046e-03 1.89097e-03 1.87098e-03 1.80159e-03 1.37709e-03
  1 1.89874e-03 1.91680e-03 1.91440e-03 1.91074e-03 1.90636e-03 1.90046e-03 1.89097e-03 1.87098e-03 1.80159e-03 1.37709e-03



          11
  2 1.05116e-03
  1 1.05116e-03

                                                            K =  2

           1           2           3           4           5           6           7           8           9          10
  2 1.89874e-03 1.91680e-03 1.91440e-03 1.91074e-03 1.90636e-03 1.90046e-03 1.89097e-03 1.87098e-03 1.80159e-03 1.37709e-03
  1 1.89874e-03 1.91680e-03 1.91440e-03 1.91074e-03 1.90636e-03 1.90046e-03 1.89097e-03 1.87098e-03 1.80159e-03 1.37709e-03



          11
  2 1.05116e-03
  1 1.05116e-03


     Maximum change in Ca        molality .... -1.0340e-03 (mol/kgw)   at location ( 0.000e+00, 0.000e+00, 0.000e+00)(m )

                              Molality (mol/kgw)

                              Component: Ca        

                    Areal Layers

                                                            K =  1

           1           2           3           4           5           6           7           8           9          10
  2 1.15302e-02 1.15199e-02 1.15496e-02 1.15761e-02 1.15985e-02 1.16176e-02 1.16342e-02 1.16493e-02 1.16655e-02 1.17054e-02
  1 1.15302e-02 1.15199e-02 1.15496e-02 1.15761e-02 1.15985e-02 1.16176e-02 1.16342e-02 1.16493e-02 1.16655e-02 1.17054e-02



          11
  2 1.17433e-02
  1 1.17433e-02

                                                            K =  2

           1           2           3           4           5           6           7           8           9          10
  2 1.15302e-02 1.15199e-02 1.15496e-02 1.15761e-02 1.15985e-02 1.16176e-02 1.16342e-02 1.16493e-02 1.16655e-02 1.17054e-02
  1 1.15302e-02 1.15199e-02 1.15496e-02 1.15761e-02 1.15985e-02 1.16176e-02 1.16342e-02 1.16493e-02 1.16655e-02 1.17054e-02



          11
  2 1.17433e-02
  1 1.17433e-02


     Maximum change in Cl        molality .... -1.0408e-05 (mol/kgw)   at location (  10.0    ,  10.0    ,  10.0    )(m )

                              Molality (mol/kgw)

                              Component: Cl        

                    Areal Layers

                                                            K =  1

           1           2           3           4           5           6           7           8           9          10
  2 1.00086e-03 1.09530e-03 1.19502e-03 1.29500e-03 1.39500e-03 1.49500e-03 1.59500e-03 1.69500e-03 1.79500e-03 1.89497e-03
  1 1.00086e-03 1.09530e-03 1.19502e-03 1.29500e-03 1.39500e-03 1.49500e-03 1.59500e-03 1.69500e-03 1.79500e-03 1.89497e-03



          11
  2 1.98959e-03
  1 1.98959e-03

                                                            K =  2

           1           2           3           4           5           6           7           8           9          10
  2 1.00086e-03 1.09530e-03 1.19502e-03 1.29500e-03 1.39500e-03 1.49500e-03 1.59500e-03 1.69500e-03 1.79500e-03 1.89497e-03
  1 1.00086e-03 1.09530e-03 1.19502e-03 1.29500e-03 1.39500e-03 1.49500e-03 1.59500e-03 1.69500e-03 1.79500e-03 1.89497e-03



          11
  2 1.98959e-03
  1 1.98959e-03


     Maximum change in Fe        molality .... -7.9983e-06 (mol/kgw)   at location ( 0.000e+00,  10.0    , 0.000e+00)(m )

                              Molality (mol/kgw)

                              Component: Fe        

                    Areal Layers

                                                            K =  1

           1           2           3           4           5           6           7           8           9          10
  2 8.39485e-05 8.34282e-05 7.87398e-05 7.37753e-05 6.87128e-05 6.35062e-05 5.80068e-05 5.17074e-05 4.18437e-05 1.57227e-05
  1 8.39485e-05 8.34282e-05 7.87398e-05 7.37753e-05 6.87128e-05 6.35062e-05 5.80068e-05 5.17074e-05 4.18437e-05 1.57227e-05



          11
  2 5.10554e-07
  1 5.10554e-07

                                                            K =  2

           1           2           3           4           5           6           7           8           9          10
  2 8.39485e-05 8.34282e-05 7.87398e-05 7.37753e-05 6.87128e-05 6.35062e-05 5.80068e-05 5.17074e-05 4.18437e-05 1.57227e-05
  1 8.39485e-05 8.34282e-05 7.87398e-05 7.37753e-05 6.87128e-05 6.35062e-05 5.80068e-05 5.17074e-05 4.18437e-05 1.57227e-05



          11
  2 5.10554e-07
  1 5.10554e-07


     Maximum change in K         molality ....  0.0000e+00 (mol/kgw)   at location (  10.0    ,  10.0    ,  10.0    )(m )

                              Molality (mol/kgw)

                              Component: K         

                    Areal Layers

                                                            K =  1

           1           2           3           4           5           6           7           8           9          10
  2 3.96419e-14 3.71197e-14 3.43211e-14 3.18852e-14 2.97688e-14 2.79128e-14 2.62693e-14 2.47955e-14 2.34242e-14 2.18699e-14
  1 3.96419e-14 3.71197e-14 3.43211e-14 3.18852e-14 2.97688e-14 2.79128e-14 2.62693e-14 2.47955e-14 2.34242e-14 2.18699e-14



          11
  2 2.06165e-14
  1 2.06165e-14

                                                            K =  2

           1           2           3           4           5           6           7           8           9          10
  2 3.96419e-14 3.71197e-14 3.43211e-14 3.18852e-14 2.97688e-14 2.79128e-14 2.62693e-14 2.47955e-14 2.34242e-14 2.18699e-14
  1 3.96419e-14 3.71197e-14 3.43211e-14 3.18852e-14 2.97688e-14 2.79128e-14 2.62693e-14 2.47955e-14 2.34242e-14 2.18699e-14



          11
  2 2.06165e-14
  1 2.06165e-14


     Maximum change in Mn        molality ....  4.2608e-07 (mol/kgw)   at location (  10.0    , 0.000e+00, 0.000e+00)(m )

                              Molality (mol/kgw)

                              Component: Mn        

                    Areal Layers

                                                            K =  1

           1           2           3           4           5           6           7           8           9          10
  2 2.52489e-06 2.57837e-06 2.65421e-06 2.75451e-06 2.89569e-06 3.11289e-06 3.49431e-06 4.33583e-06 7.24447e-06 4.16640e-06
  1 2.52489e-06 2.57837e-06 2.65421e-06 2.75451e-06 2.89569e-06 3.11289e-06 3.49431e-06 4.33583e-06 7.24447e-06 4.16640e-06



          11
  2 1.06650e-10
  1 1.06650e-10

                                                            K =  2

           1           2           3           4           5           6           7           8           9          10
  2 2.52489e-06 2.57837e-06 2.65421e-06 2.75451e-06 2.89569e-06 3.11289e-06 3.49431e-06 4.33583e-06 7.24447e-06 4.16640e-06
  1 2.52489e-06 2.57837e-06 2.65421e-06 2.75451e-06 2.89569e-06 3.11289e-06 3.49431e-06 4.33583e-06 7.24447e-06 4.16640e-06



          11
  2 1.06650e-10
  1 1.06650e-10


     Maximum change in N         molality .... -6.8285e-05 (mol/kgw)   at location ( 0.000e+00, 0.000e+00, 0.000e+00)(m )

                              Molality (mol/kgw)

                              Component: N         

                    Areal Layers

                                                            K =  1

           1           2           3           4           5           6           7           8           9          10
  2 7.59471e-04 7.58521e-04 7.59051e-04 7.59578e-04 7.60036e-04 7.60436e-04 7.60787e-04 7.61097e-04 7.61368e-04 7.61566e-04
  1 7.59471e-04 7.58521e-04 7.59051e-04 7.59578e-04 7.60036e-04 7.60436e-04 7.60787e-04 7.61097e-04 7.61368e-04 7.61566e-04



          11
  2 7.61847e-04
  1 7.61847e-04

                                                            K =  2

           1           2           3           4           5           6           7           8           9          10
  2 7.59471e-04 7.58521e-04 7.59051e-04 7.59578e-04 7.60036e-04 7.60436e-04 7.60787e-04 7.61097e-04 7.61368e-04 7.61566e-04
  1 7.59471e-04 7.58521e-04 7.59051e-04 7.59578e-04 7.60036e-04 7.60436e-04 7.60787e-04 7.61097e-04 7.61368e-04 7.61566e-04



          11
  2 7.61847e-04
  1 7.61847e-04


     Maximum change in Na        molality .... -3.3619e-02 (mol/kgw)   at location ( 0.000e+00, 0.000e+00, 0.000e+00)(m )

                              Molality (mol/kgw)

                              Component: Na        

                    Areal Layers

                                                            K =  1

           1           2           3           4           5           6           7           8           9          10
  2 0.36171     0.37472     0.37570     0.37600     0.37623     0.37642     0.37659     0.37674     0.37690     0.37719    
  1 0.36171     0.37472     0.37570     0.37600     0.37623     0.37642     0.37659     0.37674     0.37690     0.37719    



          11
  2 0.37749    
  1 0.37749    

                                                            K =  2

           1           2           3           4           5           6           7           8           9          10
  2 0.36171     0.37472     0.37570     0.37600     0.37623     0.37642     0.37659     0.37674     0.37690     0.37719    
  1 0.36171     0.37472     0.37570     0.37600     0.37623     0.37642     0.37659     0.37674     0.37690     0.37719    



          11
  2 0.37749    
  1 0.37749    


     Maximum change in S         molality .... -1.7764e-02 (mol/kgw)   at location ( 0.000e+00, 0.000e+00, 0.000e+00)(m )

                              Molality (mol/kgw)

                              Component: S         

                    Areal Layers

                                                            K =  1

           1           2           3           4           5           6           7           8           9          10
  2 0.19052     0.19700     0.19753     0.19771     0.19784     0.19796     0.19807     0.19817     0.19830     0.19864    
  1 0.19052     0.19700     0.19753     0.19771     0.19784     0.19796     0.19807     0.19817     0.19830     0.19864    



          11
  2 0.19894    
  1 0.19894    

                                                            K =  2

           1           2           3           4           5           6           7           8           9          10
  2 0.19052     0.19700     0.19753     0.19771     0.19784     0.19796     0.19807     0.19817     0.19830     0.19864    
  1 0.19052     0.19700     0.19753     0.19771     0.19784     0.19796     0.19807     0.19817     0.19830     0.19864    



          11
  2 0.19894    
  1 0.19894    


     Maximum change in Si        molality .... -2.2484e-05 (mol/kgw)   at location ( 0.000e+00,  10.0    , 0.000e+00)(m )

                              Molality (mol/kgw)

                              Component: Si        

                    Areal Layers

                                                            K =  1

           1           2           3           4           5           6           7           8           9          10
  2 2.50449e-04 2.49477e-04 2.49402e-04 2.49381e-04 2.49367e-04 2.49359e-04 2.49359e-04 2.49375e-04 2.02102e-04 1.04875e-04
  1 2.50449e-04 2.49477e-04 2.49402e-04 2.49381e-04 2.49367e-04 2.49359e-04 2.49359e-04 2.49375e-04 2.02102e-04 1.04875e-04



          11
  2 1.03930e-05
  1 1.03930e-05

                                                            K =  2

           1           2           3           4           5           6           7           8           9          10
  2 2.50449e-04 2.49477e-04 2.49402e-04 2.49381e-04 2.49367e-04 2.49359e-04 2.49359e-04 2.49375e-04 2.02102e-04 1.04875e-04
  1 2.50449e-04 2.49477e-04 2.49402e-04 2.49381e-04 2.49367e-04 2.49359e-04 2.49359e-04 2.49375e-04 2.02102e-04 1.04875e-04



          11
  2 1.03930e-05
  1 1.03930e-05


     Maximum change in Sr        molality .... -8.3722e-07 (mol/kgw)   at location ( 0.000e+00,  10.0    , 0.000e+00)(m )

                              Molality (mol/kgw)

                              Component: Sr        

                    Areal Layers

                                                            K =  1

           1           2           3           4           5           6           7           8           9          10
  2 9.46797e-06 9.06817e-06 8.89092e-06 8.75204e-06 8.63597e-06 8.53677e-06 8.44983e-06 8.36952e-06 8.27726e-06 8.01810e-06
  1 9.46797e-06 9.06817e-06 8.89092e-06 8.75204e-06 8.63597e-06 8.53677e-06 8.44983e-06 8.36952e-06 8.27726e-06 8.01810e-06



          11
  2 7.79212e-06
  1 7.79212e-06

                                                            K =  2

           1           2           3           4           5           6           7           8           9          10
  2 9.46797e-06 9.06817e-06 8.89092e-06 8.75204e-06 8.63597e-06 8.53677e-06 8.44983e-06 8.36952e-06 8.27726e-06 8.01810e-06
  1 9.46797e-06 9.06817e-06 8.89092e-06 8.75204e-06 8.63597e-06 8.53677e-06 8.44983e-06 8.36952e-06 8.27726e-06 8.01810e-06



          11
  2 7.79212e-06
  1 7.79212e-06


     Maximum change in Charge    molality .... -6.0438e-06 (mol/kgw)   at location (  10.0    , 0.000e+00, 0.000e+00)(m )

                              Molality (mol/kgw)

                              Component: Charge    

                    Areal Layers

                                                            K =  1

           1           2           3           4           5           6           7           8           9          10
  2-3.75786e-05-4.33692e-05-4.74414e-05-5.13772e-05-5.52159e-05-5.88848e-05-6.21889e-05-6.44492e-05-6.16159e-05-1.33584e-05
  1-3.75786e-05-4.33692e-05-4.74414e-05-5.13772e-05-5.52159e-05-5.88848e-05-6.21889e-05-6.44492e-05-6.16159e-05-1.33584e-05



          11
  2 4.15850e-05
  1 4.15850e-05

                                                            K =  2

           1           2           3           4           5           6           7           8           9          10
  2-3.75786e-05-4.33692e-05-4.74414e-05-5.13772e-05-5.52159e-05-5.88848e-05-6.21889e-05-6.44492e-05-6.16159e-05-1.33584e-05
  1-3.75786e-05-4.33692e-05-4.74414e-05-5.13772e-05-5.52159e-05-5.88848e-05-6.21889e-05-6.44492e-05-6.16159e-05-1.33584e-05



          11
  2 4.15850e-05
  1 4.15850e-05




                                       ***** Simulation Completed *****
               Last time value calculated ...................................... 0.5000     (s)
               Last time step index ............................................       1
