

                          .        One dimensional confined flow with leakage boundary condition          
                          .        Hand calculation and HST                                               


                              X-Direction Node Coordinates    (m)

           1           2           3           4           5
              0     100.00      200.00      300.00      400.00




                              Y-Direction Node Coordinates   (m)

           1           2           3           4           5
              0     100.00      200.00      300.00      400.00




                              Z-Direction Node Coordinates   (m)

           1           2           3           4           5
              0     100.00      200.00      300.00      400.00




                                        *** Initial Conditions ***

                              Initial Fluid Head  (m) 


                    Vertical Slices

                                                            J =  1

           1           2           3           4           5
  5     100.000     100.000     100.000     100.000     100.000
  4     100.000     100.000     100.000     100.000     100.000
  3     100.000     100.000     100.000     100.000     100.000
  2     100.000     100.000     100.000     100.000     100.000
  1     100.000     100.000     100.000     100.000     100.000

                                                            J =  2

           1           2           3           4           5
  5     100.000     100.000     100.000     100.000     100.000
  4     100.000     100.000     100.000     100.000     100.000
  3     100.000     100.000     100.000     100.000     100.000
  2     100.000     100.000     100.000     100.000     100.000
  1     100.000     100.000     100.000     100.000     100.000

                                                            J =  3

           1           2           3           4           5
  5     100.000     100.000     100.000     100.000     100.000
  4     100.000     100.000     100.000     100.000     100.000
  3     100.000     100.000     100.000     100.000     100.000
  2     100.000     100.000     100.000     100.000     100.000
  1     100.000     100.000     100.000     100.000     100.000

                                                            J =  4

           1           2           3           4           5
  5     100.000     100.000     100.000     100.000     100.000
  4     100.000     100.000     100.000     100.000     100.000
  3     100.000     100.000     100.000     100.000     100.000
  2     100.000     100.000     100.000     100.000     100.000
  1     100.000     100.000     100.000     100.000     100.000

                                                            J =  5

           1           2           3           4           5
  5     100.000     100.000     100.000     100.000     100.000
  4     100.000     100.000     100.000     100.000     100.000
  3     100.000     100.000     100.000     100.000     100.000
  2     100.000     100.000     100.000     100.000     100.000
  1     100.000     100.000     100.000     100.000     100.000



                              *** Output at End of Time Step No.     1 ***

     Time .......................................................   4.320E+04  (s)
     Maximum change in potentiometric head ...  8.0000E+01      (m )   at location (  200.    ,  100.    ,     0   )(m )

                              Fluid Potentiometric Head (m)

                    Vertical Slices

                                                            J =  1

           1           2           3           4           5
  5     100.000     100.000     100.000     100.000     100.000
  4     120.000     120.000     120.000     120.000     120.000
  3     140.000     140.000     140.000     140.000     140.000
  2     160.000     160.000     160.000     160.000     160.000
  1     180.000     180.000     180.000     180.000     180.000

                                                            J =  2

           1           2           3           4           5
  5     100.000     100.000     100.000     100.000     100.000
  4     120.000     120.000     120.000     120.000     120.000
  3     140.000     140.000     140.000     140.000     140.000
  2     160.000     160.000     160.000     160.000     160.000
  1     180.000     180.000     180.000     180.000     180.000

                                                            J =  3

           1           2           3           4           5
  5     100.000     100.000     100.000     100.000     100.000
  4     120.000     120.000     120.000     120.000     120.000
  3     140.000     140.000     140.000     140.000     140.000
  2     160.000     160.000     160.000     160.000     160.000
  1     180.000     180.000     180.000     180.000     180.000

                                                            J =  4

           1           2           3           4           5
  5     100.000     100.000     100.000     100.000     100.000
  4     120.000     120.000     120.000     120.000     120.000
  3     140.000     140.000     140.000     140.000     140.000
  2     160.000     160.000     160.000     160.000     160.000
  1     180.000     180.000     180.000     180.000     180.000

                                                            J =  5

           1           2           3           4           5
  5     100.000     100.000     100.000     100.000     100.000
  4     120.000     120.000     120.000     120.000     120.000
  3     140.000     140.000     140.000     140.000     140.000
  2     160.000     160.000     160.000     160.000     160.000
  1     180.000     180.000     180.000     180.000     180.000



                              *** Output at End of Time Step No.     2 ***

     Time .......................................................   8.640E+04  (s)
     Maximum change in potentiometric head ...  2.3677E-04      (m )   at location (  300.    ,  400.    ,  100.    )(m )

                              Fluid Potentiometric Head (m)

                    Vertical Slices

                                                            J =  1

           1           2           3           4           5
  5     100.000     100.000     100.000     100.000     100.000
  4     120.000     120.000     120.000     120.000     120.000
  3     140.000     140.000     140.000     140.000     140.000
  2     160.000     160.000     160.000     160.000     160.000
  1     180.000     180.000     180.000     180.000     180.000

                                                            J =  2

           1           2           3           4           5
  5     100.000     100.000     100.000     100.000     100.000
  4     120.000     120.000     120.000     120.000     120.000
  3     140.000     140.000     140.000     140.000     140.000
  2     160.000     160.000     160.000     160.000     160.000
  1     180.000     180.000     180.000     180.000     180.000

                                                            J =  3

           1           2           3           4           5
  5     100.000     100.000     100.000     100.000     100.000
  4     120.000     120.000     120.000     120.000     120.000
  3     140.000     140.000     140.000     140.000     140.000
  2     160.000     160.000     160.000     160.000     160.000
  1     180.000     180.000     180.000     180.000     180.000

                                                            J =  4

           1           2           3           4           5
  5     100.000     100.000     100.000     100.000     100.000
  4     120.000     120.000     120.000     120.000     120.000
  3     140.000     140.000     140.000     140.000     140.000
  2     160.000     160.000     160.000     160.000     160.000
  1     180.000     180.000     180.000     180.000     180.000

                                                            J =  5

           1           2           3           4           5
  5     100.000     100.000     100.000     100.000     100.000
  4     120.000     120.000     120.000     120.000     120.000
  3     140.000     140.000     140.000     140.000     140.000
  2     160.000     160.000     160.000     160.000     160.000
  1     180.000     180.000     180.000     180.000     180.000




                                       ***** Simulation Completed *****
               Last time value calculated ...................................... 8.6400E+04 (s)
               Last time step index ............................................       2
