

                          .        One dimensional confined flow with leakage boundary condition          
                          .        Hand calculation and HST                                               


                              X-Direction Node Coordinates    (m)

           1           2           3           4           5
           0.00      100.00      200.00      300.00      400.00




                              Y-Direction Node Coordinates   (m)

           1           2           3           4           5
           0.00      100.00      200.00      300.00      400.00




                              Z-Direction Node Coordinates   (m)

           1           2           3           4           5
           0.00      100.00      200.00      300.00      400.00




                              *** Output at End of Time Step No.     2 ***

                         Time .......................................................   8.640E+04  (s  )

                         X-direction - interstitial pore velocity between X(I) and X(I+1) (m /s  )

                    Vertical Slices

                                                            J =  1

           1           2           3           4
  5  -0.000      -0.000      -0.000      -0.000    
  4  -0.000      -0.000      -0.000      -0.000    
  3  9.1581E-20 -9.1581E-20  -0.000      -0.000    
  2 -9.1581E-20  -0.000      -0.000      -0.000    
  1  1.8316E-19  -0.000      -0.000      -0.000    

                                                            J =  2

           1           2           3           4
  5  -0.000      -0.000      -0.000      -0.000    
  4  -0.000      -0.000      -0.000      -0.000    
  3  -0.000     -9.1581E-20  -0.000      -0.000    
  2  -0.000      -0.000      -0.000      -0.000    
  1  -0.000      -0.000      -0.000      -0.000    

                                                            J =  3

           1           2           3           4
  5  -0.000      -0.000      -0.000      -0.000    
  4  -0.000      -0.000     -1.8316E-19  -0.000    
  3  -0.000      -0.000     -9.1581E-20  9.1581E-20
  2  -0.000      -0.000      -0.000      9.1581E-20
  1 -1.8316E-19  1.8316E-19  -0.000      -0.000    

                                                            J =  4

           1           2           3           4
  5  -0.000      -0.000      -0.000      -0.000    
  4  -0.000      -0.000      -0.000      -0.000    
  3  -0.000      -0.000     -9.1581E-20  -0.000    
  2  -0.000      -0.000      -0.000      -0.000    
  1  -0.000      -0.000      -0.000      -0.000    

                                                            J =  5

           1           2           3           4
  5  -0.000      -0.000      -0.000      -0.000    
  4  -0.000      -0.000      -0.000      -0.000    
  3  -0.000      -0.000     -9.1581E-20  -0.000    
  2  -0.000      -0.000      -0.000      -0.000    
  1  -0.000     -1.8316E-19  1.8316E-19  -0.000    



                         Y-direction - interstitial pore velocity between Y(J) and Y(J+1) (m /s  )

                    Vertical Slices

                                                            J =  1

           1           2           3           4           5
  5  -0.000      -0.000      -0.000      -0.000      -0.000    
  4  -0.000      -0.000      -0.000      -0.000      -0.000    
  3  9.1581E-20  -0.000      -0.000      -0.000      -0.000    
  2 -9.1581E-20  -0.000      -0.000      -0.000      -0.000    
  1  1.8316E-19  -0.000      -0.000      -0.000      -0.000    

                                                            J =  2

           1           2           3           4           5
  5  -0.000      -0.000      -0.000      -0.000      -0.000    
  4  -0.000      -0.000      -0.000     -1.8316E-19 -1.8316E-19
  3  -0.000      -0.000      9.1581E-20  -0.000      9.1581E-20
  2  -0.000      -0.000      -0.000      -0.000      9.1581E-20
  1  -0.000     -1.8316E-19  -0.000      -0.000      -0.000    

                                                            J =  3

           1           2           3           4           5
  5  -0.000      -0.000      -0.000      -0.000      -0.000    
  4  -0.000      -0.000      -0.000      1.8316E-19  1.8316E-19
  3  -0.000      -0.000      -0.000      -0.000     -9.1581E-20
  2  -0.000      -0.000      -0.000      -0.000     -9.1581E-20
  1  -0.000      1.8316E-19  -0.000      -0.000      -0.000    

                                                            J =  4

           1           2           3           4           5
  5  -0.000      -0.000      -0.000      -0.000      -0.000    
  4  -0.000      -0.000      -0.000      -0.000      -0.000    
  3  -0.000      -0.000      -0.000      -0.000      -0.000    
  2  -0.000      -0.000      -0.000      -0.000      -0.000    
  1  -0.000      -0.000     -1.8316E-19  -0.000      -0.000    



                         Z-direction - interstitial pore velocity between Z(K) and Z(K+1) (m /s  )

                    Vertical Slices

                                                            J =  1

           1           2           3           4           5
  4  1.5429E-04  1.5429E-04  1.5429E-04  1.5429E-04  1.5429E-04
  3  1.5429E-04  1.5429E-04  1.5429E-04  1.5429E-04  1.5429E-04
  2  1.5429E-04  1.5429E-04  1.5429E-04  1.5429E-04  1.5429E-04
  1  1.5429E-04  1.5429E-04  1.5429E-04  1.5429E-04  1.5429E-04

                                                            J =  2

           1           2           3           4           5
  4  1.5429E-04  1.5429E-04  1.5429E-04  1.5429E-04  1.5429E-04
  3  1.5429E-04  1.5429E-04  1.5429E-04  1.5429E-04  1.5429E-04
  2  1.5429E-04  1.5429E-04  1.5429E-04  1.5429E-04  1.5429E-04
  1  1.5429E-04  1.5429E-04  1.5429E-04  1.5429E-04  1.5429E-04

                                                            J =  3

           1           2           3           4           5
  4  1.5429E-04  1.5429E-04  1.5429E-04  1.5429E-04  1.5429E-04
  3  1.5429E-04  1.5429E-04  1.5429E-04  1.5429E-04  1.5429E-04
  2  1.5429E-04  1.5429E-04  1.5429E-04  1.5429E-04  1.5429E-04
  1  1.5429E-04  1.5429E-04  1.5429E-04  1.5429E-04  1.5429E-04

                                                            J =  4

           1           2           3           4           5
  4  1.5429E-04  1.5429E-04  1.5429E-04  1.5429E-04  1.5429E-04
  3  1.5429E-04  1.5429E-04  1.5429E-04  1.5429E-04  1.5429E-04
  2  1.5429E-04  1.5429E-04  1.5429E-04  1.5429E-04  1.5429E-04
  1  1.5429E-04  1.5429E-04  1.5429E-04  1.5429E-04  1.5429E-04

                                                            J =  5

           1           2           3           4           5
  4  1.5429E-04  1.5429E-04  1.5429E-04  1.5429E-04  1.5429E-04
  3  1.5429E-04  1.5429E-04  1.5429E-04  1.5429E-04  1.5429E-04
  2  1.5429E-04  1.5429E-04  1.5429E-04  1.5429E-04  1.5429E-04
  1  1.5429E-04  1.5429E-04  1.5429E-04  1.5429E-04  1.5429E-04



                         X-direction - interstitial pore velocity at nodes (m /s  )

                    Vertical Slices

                                                            J =  1

           1           2           3           4           5
  5  -0.000      -0.000      -0.000      -0.000       0.000    
  4   0.000      -0.000      -0.000      -0.000      -0.000    
  3   0.000       0.000     -4.5791E-20  -0.000      -0.000    
  2   0.000     -4.5791E-20  -0.000      -0.000      -0.000    
  1   0.000      9.1581E-20  -0.000      -0.000      -0.000    

                                                            J =  2

           1           2           3           4           5
  5  -0.000      -0.000      -0.000      -0.000       0.000    
  4   0.000      -0.000      -0.000      -0.000      -0.000    
  3   0.000     -4.5791E-20 -4.5791E-20  -0.000      -0.000    
  2   0.000      -0.000      -0.000      -0.000      -0.000    
  1   0.000      -0.000      -0.000      -0.000      -0.000    

                                                            J =  3

           1           2           3           4           5
  5  -0.000      -0.000      -0.000      -0.000       0.000    
  4   0.000      -0.000     -9.1581E-20 -9.1581E-20  -0.000    
  3   0.000      -0.000     -4.5791E-20   0.000      -0.000    
  2   0.000      -0.000      -0.000      4.5791E-20  -0.000    
  1   0.000       0.000      9.1581E-20  -0.000      -0.000    

                                                            J =  4

           1           2           3           4           5
  5  -0.000      -0.000      -0.000      -0.000       0.000    
  4   0.000      -0.000      -0.000      -0.000      -0.000    
  3   0.000      -0.000     -4.5791E-20 -4.5791E-20  -0.000    
  2   0.000      -0.000      -0.000      -0.000      -0.000    
  1   0.000      -0.000      -0.000      -0.000      -0.000    

                                                            J =  5

           1           2           3           4           5
  5  -0.000      -0.000      -0.000      -0.000       0.000    
  4   0.000      -0.000      -0.000      -0.000      -0.000    
  3   0.000      -0.000     -4.5791E-20 -4.5791E-20  -0.000    
  2   0.000      -0.000      -0.000      -0.000      -0.000    
  1   0.000     -9.1581E-20   0.000      9.1581E-20  -0.000    



                         Y-direction - interstitial pore velocity at nodes (m /s  )

                    Vertical Slices

                                                            J =  1

           1           2           3           4           5
  5  -0.000      -0.000      -0.000      -0.000      -0.000    
  4   0.000       0.000       0.000       0.000       0.000    
  3   0.000       0.000       0.000       0.000       0.000    
  2   0.000       0.000       0.000       0.000       0.000    
  1   0.000       0.000       0.000       0.000       0.000    

                                                            J =  2

           1           2           3           4           5
  5  -0.000      -0.000      -0.000      -0.000      -0.000    
  4  -0.000      -0.000      -0.000     -9.1581E-20 -9.1581E-20
  3  4.5791E-20  -0.000      4.5791E-20  -0.000      4.5791E-20
  2 -4.5791E-20  -0.000      -0.000      -0.000      4.5791E-20
  1  9.1581E-20 -9.1581E-20  -0.000      -0.000      -0.000    

                                                            J =  3

           1           2           3           4           5
  5  -0.000      -0.000      -0.000      -0.000      -0.000    
  4  -0.000      -0.000      -0.000       0.000       0.000    
  3  -0.000      -0.000      4.5791E-20  -0.000       0.000    
  2  -0.000      -0.000      -0.000      -0.000       0.000    
  1  -0.000       0.000      -0.000      -0.000      -0.000    

                                                            J =  4

           1           2           3           4           5
  5  -0.000      -0.000      -0.000      -0.000      -0.000    
  4  -0.000      -0.000      -0.000      9.1581E-20  9.1581E-20
  3  -0.000      -0.000      -0.000      -0.000     -4.5791E-20
  2  -0.000      -0.000      -0.000      -0.000     -4.5791E-20
  1  -0.000      9.1581E-20 -9.1581E-20  -0.000      -0.000    

                                                            J =  5

           1           2           3           4           5
  5   0.000       0.000       0.000       0.000       0.000    
  4  -0.000      -0.000      -0.000      -0.000      -0.000    
  3  -0.000      -0.000      -0.000      -0.000      -0.000    
  2  -0.000      -0.000      -0.000      -0.000      -0.000    
  1  -0.000      -0.000      -0.000      -0.000      -0.000    



                         Z-direction - interstitial pore velocity at nodes (m /s  )

                    Vertical Slices

                                                            J =  1

           1           2           3           4           5
  5  1.5429E-04  1.5429E-04  1.5429E-04  1.5429E-04  1.5429E-04
  4  1.5429E-04  1.5429E-04  1.5429E-04  1.5429E-04  1.5429E-04
  3  1.5429E-04  1.5429E-04  1.5429E-04  1.5429E-04  1.5429E-04
  2  1.5429E-04  1.5429E-04  1.5429E-04  1.5429E-04  1.5429E-04
  1  1.5429E-04  1.5429E-04  1.5429E-04  1.5429E-04  1.5429E-04

                                                            J =  2

           1           2           3           4           5
  5  1.5429E-04  1.5429E-04  1.5429E-04  1.5429E-04  1.5429E-04
  4  1.5429E-04  1.5429E-04  1.5429E-04  1.5429E-04  1.5429E-04
  3  1.5429E-04  1.5429E-04  1.5429E-04  1.5429E-04  1.5429E-04
  2  1.5429E-04  1.5429E-04  1.5429E-04  1.5429E-04  1.5429E-04
  1  1.5429E-04  1.5429E-04  1.5429E-04  1.5429E-04  1.5429E-04

                                                            J =  3

           1           2           3           4           5
  5  1.5429E-04  1.5429E-04  1.5429E-04  1.5429E-04  1.5429E-04
  4  1.5429E-04  1.5429E-04  1.5429E-04  1.5429E-04  1.5429E-04
  3  1.5429E-04  1.5429E-04  1.5429E-04  1.5429E-04  1.5429E-04
  2  1.5429E-04  1.5429E-04  1.5429E-04  1.5429E-04  1.5429E-04
  1  1.5429E-04  1.5429E-04  1.5429E-04  1.5429E-04  1.5429E-04

                                                            J =  4

           1           2           3           4           5
  5  1.5429E-04  1.5429E-04  1.5429E-04  1.5429E-04  1.5429E-04
  4  1.5429E-04  1.5429E-04  1.5429E-04  1.5429E-04  1.5429E-04
  3  1.5429E-04  1.5429E-04  1.5429E-04  1.5429E-04  1.5429E-04
  2  1.5429E-04  1.5429E-04  1.5429E-04  1.5429E-04  1.5429E-04
  1  1.5429E-04  1.5429E-04  1.5429E-04  1.5429E-04  1.5429E-04

                                                            J =  5

           1           2           3           4           5
  5  1.5429E-04  1.5429E-04  1.5429E-04  1.5429E-04  1.5429E-04
  4  1.5429E-04  1.5429E-04  1.5429E-04  1.5429E-04  1.5429E-04
  3  1.5429E-04  1.5429E-04  1.5429E-04  1.5429E-04  1.5429E-04
  2  1.5429E-04  1.5429E-04  1.5429E-04  1.5429E-04  1.5429E-04
  1  1.5429E-04  1.5429E-04  1.5429E-04  1.5429E-04  1.5429E-04




                      ***** Flow and Transport Simulation Completed *****
               Last time value calculated ...................................... 8.6400E+04 (s)
               Last time step index ............................................       2
