

                          ..       Linear boundary conditions: specified head,                            
                          ..       initial head, and solution composition                                 


                              X-Direction Node Coordinates    (m)

           1           2           3           4           5           6           7           8           9          10
              0        1.00        2.00        3.00        4.00        5.00        6.00        7.00        8.00        9.00



          11
          10.00




                              Y-Direction Node Coordinates   (m)

           1           2           3           4           5           6           7           8           9          10
              0        1.00        2.00        3.00        4.00        5.00        6.00        7.00        8.00        9.00



          11
          10.00




                              Z-Direction Node Coordinates   (m)

           1           2
              0       10.00




                                        *** Initial Conditions ***

                              Initial Fluid Head  (m) 


                    Areal Layers

                                                            K =  1

           1           2           3           4           5           6           7           8           9          10
 11       1.000       0.900       0.800       0.700       0.600       0.500       0.400       0.300       0.200       0.100
 10       1.000       0.900       0.800       0.700       0.600       0.500       0.400       0.300       0.200       0.100
  9       1.000       0.900       0.800       0.700       0.600       0.500       0.400       0.300       0.200       0.100
  8       1.000       0.900       0.800       0.700       0.600       0.500       0.400       0.300       0.200       0.100
  7       1.000       0.900       0.800       0.700       0.600       0.500       0.400       0.300       0.200       0.100
  6       1.000       0.900       0.800       0.700       0.600       0.500       0.400       0.300       0.200       0.100
  5       1.000       0.900       0.800       0.700       0.600       0.500       0.400       0.300       0.200       0.100
  4       1.000       0.900       0.800       0.700       0.600       0.500       0.400       0.300       0.200       0.100
  3       1.000       0.900       0.800       0.700       0.600       0.500       0.400       0.300       0.200       0.100
  2       1.000       0.900       0.800       0.700       0.600       0.500       0.400       0.300       0.200       0.100
  1       1.000       0.900       0.800       0.700       0.600       0.500       0.400       0.300       0.200       0.100



          11
 11           0
 10           0
  9           0
  8           0
  7           0
  6           0
  5           0
  4           0
  3           0
  2           0
  1           0

                                                            K =  2

           1           2           3           4           5           6           7           8           9          10
 11       1.000       0.900       0.800       0.700       0.600       0.500       0.400       0.300       0.200       0.100
 10       1.000       0.900       0.800       0.700       0.600       0.500       0.400       0.300       0.200       0.100
  9       1.000       0.900       0.800       0.700       0.600       0.500       0.400       0.300       0.200       0.100
  8       1.000       0.900       0.800       0.700       0.600       0.500       0.400       0.300       0.200       0.100
  7       1.000       0.900       0.800       0.700       0.600       0.500       0.400       0.300       0.200       0.100
  6       1.000       0.900       0.800       0.700       0.600       0.500       0.400       0.300       0.200       0.100
  5       1.000       0.900       0.800       0.700       0.600       0.500       0.400       0.300       0.200       0.100
  4       1.000       0.900       0.800       0.700       0.600       0.500       0.400       0.300       0.200       0.100
  3       1.000       0.900       0.800       0.700       0.600       0.500       0.400       0.300       0.200       0.100
  2       1.000       0.900       0.800       0.700       0.600       0.500       0.400       0.300       0.200       0.100
  1       1.000       0.900       0.800       0.700       0.600       0.500       0.400       0.300       0.200       0.100



          11
 11           0
 10           0
  9           0
  8           0
  7           0
  6           0
  5           0
  4           0
  3           0
  2           0
  1           0



                              *** Output at End of Time Step No.     1 ***

     Time .......................................................   0.500      (s)
     Maximum change in potentiometric head ... -2.1464e-15      (m )   at location (  2.00    ,  10.0    ,  10.0    )(m )

                              Fluid Potentiometric Head (m)

                    Areal Layers

                                                            K =  1

           1           2           3           4           5           6           7           8           9          10
 11       1.000       0.900       0.800       0.700       0.600       0.500       0.400       0.300       0.200       0.100
 10       1.000       0.900       0.800       0.700       0.600       0.500       0.400       0.300       0.200       0.100
  9       1.000       0.900       0.800       0.700       0.600       0.500       0.400       0.300       0.200       0.100
  8       1.000       0.900       0.800       0.700       0.600       0.500       0.400       0.300       0.200       0.100
  7       1.000       0.900       0.800       0.700       0.600       0.500       0.400       0.300       0.200       0.100
  6       1.000       0.900       0.800       0.700       0.600       0.500       0.400       0.300       0.200       0.100
  5       1.000       0.900       0.800       0.700       0.600       0.500       0.400       0.300       0.200       0.100
  4       1.000       0.900       0.800       0.700       0.600       0.500       0.400       0.300       0.200       0.100
  3       1.000       0.900       0.800       0.700       0.600       0.500       0.400       0.300       0.200       0.100
  2       1.000       0.900       0.800       0.700       0.600       0.500       0.400       0.300       0.200       0.100
  1       1.000       0.900       0.800       0.700       0.600       0.500       0.400       0.300       0.200       0.100



          11
 11           0
 10           0
  9           0
  8           0
  7           0
  6           0
  5           0
  4           0
  3           0
  2           0
  1           0

                                                            K =  2

           1           2           3           4           5           6           7           8           9          10
 11       1.000       0.900       0.800       0.700       0.600       0.500       0.400       0.300       0.200       0.100
 10       1.000       0.900       0.800       0.700       0.600       0.500       0.400       0.300       0.200       0.100
  9       1.000       0.900       0.800       0.700       0.600       0.500       0.400       0.300       0.200       0.100
  8       1.000       0.900       0.800       0.700       0.600       0.500       0.400       0.300       0.200       0.100
  7       1.000       0.900       0.800       0.700       0.600       0.500       0.400       0.300       0.200       0.100
  6       1.000       0.900       0.800       0.700       0.600       0.500       0.400       0.300       0.200       0.100
  5       1.000       0.900       0.800       0.700       0.600       0.500       0.400       0.300       0.200       0.100
  4       1.000       0.900       0.800       0.700       0.600       0.500       0.400       0.300       0.200       0.100
  3       1.000       0.900       0.800       0.700       0.600       0.500       0.400       0.300       0.200       0.100
  2       1.000       0.900       0.800       0.700       0.600       0.500       0.400       0.300       0.200       0.100
  1       1.000       0.900       0.800       0.700       0.600       0.500       0.400       0.300       0.200       0.100



          11
 11           0
 10           0
  9           0
  8           0
  7           0
  6           0
  5           0
  4           0
  3           0
  2           0
  1           0




                                       ***** Simulation Completed *****
               Last time value calculated ...................................... 0.5000     (s)
               Last time step index ............................................       1
