

                          ..       Linear boundary conditions: specified head,                            
                          ..       initial head, and solution composition                                 


                              X-Direction Node Coordinates    (m)

           1           2           3           4           5           6           7           8           9          10
              0        1.00        2.00        3.00        4.00        5.00        6.00        7.00        8.00        9.00



          11
          10.00




                              Y-Direction Node Coordinates   (m)

           1           2           3           4           5           6           7           8           9          10
              0        1.00        2.00        3.00        4.00        5.00        6.00        7.00        8.00        9.00



          11
          10.00




                              Z-Direction Node Coordinates   (m)

           1           2
              0       10.00




                                        *** Initial Conditions ***

                              Initial Solution Indices and Mixing Fraction

                    Areal Layers

                                                            K =  1

          1          2          3          4          5          6          7          8          9         10
  11   1,2,1.0    1,2,0.9    1,2,0.8    1,2,0.7    1,2,0.6    1,2,0.5    1,2,0.4    1,2,0.3    1,2,0.2    1,2,0.1   
  10   1,2,1.0    1,2,0.9    1,2,0.8    1,2,0.7    1,2,0.6    1,2,0.5    1,2,0.4    1,2,0.3    1,2,0.2    1,2,0.1   
   9   1,2,1.0    1,2,0.9    1,2,0.8    1,2,0.7    1,2,0.6    1,2,0.5    1,2,0.4    1,2,0.3    1,2,0.2    1,2,0.1   
   8   1,2,1.0    1,2,0.9    1,2,0.8    1,2,0.7    1,2,0.6    1,2,0.5    1,2,0.4    1,2,0.3    1,2,0.2    1,2,0.1   
   7   1,2,1.0    1,2,0.9    1,2,0.8    1,2,0.7    1,2,0.6    1,2,0.5    1,2,0.4    1,2,0.3    1,2,0.2    1,2,0.1   
   6   1,2,1.0    1,2,0.9    1,2,0.8    1,2,0.7    1,2,0.6    1,2,0.5    1,2,0.4    1,2,0.3    1,2,0.2    1,2,0.1   
   5   1,2,1.0    1,2,0.9    1,2,0.8    1,2,0.7    1,2,0.6    1,2,0.5    1,2,0.4    1,2,0.3    1,2,0.2    1,2,0.1   
   4   1,2,1.0    1,2,0.9    1,2,0.8    1,2,0.7    1,2,0.6    1,2,0.5    1,2,0.4    1,2,0.3    1,2,0.2    1,2,0.1   
   3   1,2,1.0    1,2,0.9    1,2,0.8    1,2,0.7    1,2,0.6    1,2,0.5    1,2,0.4    1,2,0.3    1,2,0.2    1,2,0.1   
   2   1,2,1.0    1,2,0.9    1,2,0.8    1,2,0.7    1,2,0.6    1,2,0.5    1,2,0.4    1,2,0.3    1,2,0.2    1,2,0.1   
   1   1,2,1.0    1,2,0.9    1,2,0.8    1,2,0.7    1,2,0.6    1,2,0.5    1,2,0.4    1,2,0.3    1,2,0.2    1,2,0.1   



         11
  11   1,2,0.0   
  10   1,2,0.0   
   9   1,2,0.0   
   8   1,2,0.0   
   7   1,2,0.0   
   6   1,2,0.0   
   5   1,2,0.0   
   4   1,2,0.0   
   3   1,2,0.0   
   2   1,2,0.0   
   1   1,2,0.0   

                                                            K =  2

          1          2          3          4          5          6          7          8          9         10
  11   1,2,1.0    1,2,0.9    1,2,0.8    1,2,0.7    1,2,0.6    1,2,0.5    1,2,0.4    1,2,0.3    1,2,0.2    1,2,0.1   
  10   1,2,1.0    1,2,0.9    1,2,0.8    1,2,0.7    1,2,0.6    1,2,0.5    1,2,0.4    1,2,0.3    1,2,0.2    1,2,0.1   
   9   1,2,1.0    1,2,0.9    1,2,0.8    1,2,0.7    1,2,0.6    1,2,0.5    1,2,0.4    1,2,0.3    1,2,0.2    1,2,0.1   
   8   1,2,1.0    1,2,0.9    1,2,0.8    1,2,0.7    1,2,0.6    1,2,0.5    1,2,0.4    1,2,0.3    1,2,0.2    1,2,0.1   
   7   1,2,1.0    1,2,0.9    1,2,0.8    1,2,0.7    1,2,0.6    1,2,0.5    1,2,0.4    1,2,0.3    1,2,0.2    1,2,0.1   
   6   1,2,1.0    1,2,0.9    1,2,0.8    1,2,0.7    1,2,0.6    1,2,0.5    1,2,0.4    1,2,0.3    1,2,0.2    1,2,0.1   
   5   1,2,1.0    1,2,0.9    1,2,0.8    1,2,0.7    1,2,0.6    1,2,0.5    1,2,0.4    1,2,0.3    1,2,0.2    1,2,0.1   
   4   1,2,1.0    1,2,0.9    1,2,0.8    1,2,0.7    1,2,0.6    1,2,0.5    1,2,0.4    1,2,0.3    1,2,0.2    1,2,0.1   
   3   1,2,1.0    1,2,0.9    1,2,0.8    1,2,0.7    1,2,0.6    1,2,0.5    1,2,0.4    1,2,0.3    1,2,0.2    1,2,0.1   
   2   1,2,1.0    1,2,0.9    1,2,0.8    1,2,0.7    1,2,0.6    1,2,0.5    1,2,0.4    1,2,0.3    1,2,0.2    1,2,0.1   
   1   1,2,1.0    1,2,0.9    1,2,0.8    1,2,0.7    1,2,0.6    1,2,0.5    1,2,0.4    1,2,0.3    1,2,0.2    1,2,0.1   



         11
  11   1,2,0.0   
  10   1,2,0.0   
   9   1,2,0.0   
   8   1,2,0.0   
   7   1,2,0.0   
   6   1,2,0.0   
   5   1,2,0.0   
   4   1,2,0.0   
   3   1,2,0.0   
   2   1,2,0.0   
   1   1,2,0.0   



                              Initial Equilibrium-Phase Indices and Mixing Fraction

                    Areal Layers

                                                            K =  1

          1          2          3          4          5          6          7          8          9         10
  11   -1,-1,0.0  -1,-1,0.0  -1,-1,0.0  -1,-1,0.0  -1,-1,0.0  -1,-1,0.0  -1,-1,0.0  -1,-1,0.0  -1,-1,0.0  -1,-1,0.0 
  10   -1,-1,0.0  -1,-1,0.0  -1,-1,0.0  -1,-1,0.0  -1,-1,0.0  -1,-1,0.0  -1,-1,0.0  -1,-1,0.0  -1,-1,0.0  -1,-1,0.0 
   9   -1,-1,0.0  -1,-1,0.0  -1,-1,0.0  -1,-1,0.0  -1,-1,0.0  -1,-1,0.0  -1,-1,0.0  -1,-1,0.0  -1,-1,0.0  -1,-1,0.0 
   8   -1,-1,0.0  -1,-1,0.0  -1,-1,0.0  -1,-1,0.0  -1,-1,0.0  -1,-1,0.0  -1,-1,0.0  -1,-1,0.0  -1,-1,0.0  -1,-1,0.0 
   7   -1,-1,0.0  -1,-1,0.0  -1,-1,0.0  -1,-1,0.0  -1,-1,0.0  -1,-1,0.0  -1,-1,0.0  -1,-1,0.0  -1,-1,0.0  -1,-1,0.0 
   6   -1,-1,0.0  -1,-1,0.0  -1,-1,0.0  -1,-1,0.0  -1,-1,0.0  -1,-1,0.0  -1,-1,0.0  -1,-1,0.0  -1,-1,0.0  -1,-1,0.0 
   5   -1,-1,0.0  -1,-1,0.0  -1,-1,0.0  -1,-1,0.0  -1,-1,0.0  -1,-1,0.0  -1,-1,0.0  -1,-1,0.0  -1,-1,0.0  -1,-1,0.0 
   4   -1,-1,0.0  -1,-1,0.0  -1,-1,0.0  -1,-1,0.0  -1,-1,0.0  -1,-1,0.0  -1,-1,0.0  -1,-1,0.0  -1,-1,0.0  -1,-1,0.0 
   3   -1,-1,0.0  -1,-1,0.0  -1,-1,0.0  -1,-1,0.0  -1,-1,0.0  -1,-1,0.0  -1,-1,0.0  -1,-1,0.0  -1,-1,0.0  -1,-1,0.0 
   2   -1,-1,0.0  -1,-1,0.0  -1,-1,0.0  -1,-1,0.0  -1,-1,0.0  -1,-1,0.0  -1,-1,0.0  -1,-1,0.0  -1,-1,0.0  -1,-1,0.0 
   1   -1,-1,0.0  -1,-1,0.0  -1,-1,0.0  -1,-1,0.0  -1,-1,0.0  -1,-1,0.0  -1,-1,0.0  -1,-1,0.0  -1,-1,0.0  -1,-1,0.0 



         11
  11   -1,-1,0.0 
  10   -1,-1,0.0 
   9   -1,-1,0.0 
   8   -1,-1,0.0 
   7   -1,-1,0.0 
   6   -1,-1,0.0 
   5   -1,-1,0.0 
   4   -1,-1,0.0 
   3   -1,-1,0.0 
   2   -1,-1,0.0 
   1   -1,-1,0.0 

                                                            K =  2

          1          2          3          4          5          6          7          8          9         10
  11   -1,-1,0.0  -1,-1,0.0  -1,-1,0.0  -1,-1,0.0  -1,-1,0.0  -1,-1,0.0  -1,-1,0.0  -1,-1,0.0  -1,-1,0.0  -1,-1,0.0 
  10   -1,-1,0.0  -1,-1,0.0  -1,-1,0.0  -1,-1,0.0  -1,-1,0.0  -1,-1,0.0  -1,-1,0.0  -1,-1,0.0  -1,-1,0.0  -1,-1,0.0 
   9   -1,-1,0.0  -1,-1,0.0  -1,-1,0.0  -1,-1,0.0  -1,-1,0.0  -1,-1,0.0  -1,-1,0.0  -1,-1,0.0  -1,-1,0.0  -1,-1,0.0 
   8   -1,-1,0.0  -1,-1,0.0  -1,-1,0.0  -1,-1,0.0  -1,-1,0.0  -1,-1,0.0  -1,-1,0.0  -1,-1,0.0  -1,-1,0.0  -1,-1,0.0 
   7   -1,-1,0.0  -1,-1,0.0  -1,-1,0.0  -1,-1,0.0  -1,-1,0.0  -1,-1,0.0  -1,-1,0.0  -1,-1,0.0  -1,-1,0.0  -1,-1,0.0 
   6   -1,-1,0.0  -1,-1,0.0  -1,-1,0.0  -1,-1,0.0  -1,-1,0.0  -1,-1,0.0  -1,-1,0.0  -1,-1,0.0  -1,-1,0.0  -1,-1,0.0 
   5   -1,-1,0.0  -1,-1,0.0  -1,-1,0.0  -1,-1,0.0  -1,-1,0.0  -1,-1,0.0  -1,-1,0.0  -1,-1,0.0  -1,-1,0.0  -1,-1,0.0 
   4   -1,-1,0.0  -1,-1,0.0  -1,-1,0.0  -1,-1,0.0  -1,-1,0.0  -1,-1,0.0  -1,-1,0.0  -1,-1,0.0  -1,-1,0.0  -1,-1,0.0 
   3   -1,-1,0.0  -1,-1,0.0  -1,-1,0.0  -1,-1,0.0  -1,-1,0.0  -1,-1,0.0  -1,-1,0.0  -1,-1,0.0  -1,-1,0.0  -1,-1,0.0 
   2   -1,-1,0.0  -1,-1,0.0  -1,-1,0.0  -1,-1,0.0  -1,-1,0.0  -1,-1,0.0  -1,-1,0.0  -1,-1,0.0  -1,-1,0.0  -1,-1,0.0 
   1   -1,-1,0.0  -1,-1,0.0  -1,-1,0.0  -1,-1,0.0  -1,-1,0.0  -1,-1,0.0  -1,-1,0.0  -1,-1,0.0  -1,-1,0.0  -1,-1,0.0 



         11
  11   -1,-1,0.0 
  10   -1,-1,0.0 
   9   -1,-1,0.0 
   8   -1,-1,0.0 
   7   -1,-1,0.0 
   6   -1,-1,0.0 
   5   -1,-1,0.0 
   4   -1,-1,0.0 
   3   -1,-1,0.0 
   2   -1,-1,0.0 
   1   -1,-1,0.0 



                              Initial Exchange Indices and Mixing Fraction

                    Areal Layers

                                                            K =  1

          1          2          3          4          5          6          7          8          9         10
  11   -1,-1,0.0  -1,-1,0.0  -1,-1,0.0  -1,-1,0.0  -1,-1,0.0  -1,-1,0.0  -1,-1,0.0  -1,-1,0.0  -1,-1,0.0  -1,-1,0.0 
  10   -1,-1,0.0  -1,-1,0.0  -1,-1,0.0  -1,-1,0.0  -1,-1,0.0  -1,-1,0.0  -1,-1,0.0  -1,-1,0.0  -1,-1,0.0  -1,-1,0.0 
   9   -1,-1,0.0  -1,-1,0.0  -1,-1,0.0  -1,-1,0.0  -1,-1,0.0  -1,-1,0.0  -1,-1,0.0  -1,-1,0.0  -1,-1,0.0  -1,-1,0.0 
   8   -1,-1,0.0  -1,-1,0.0  -1,-1,0.0  -1,-1,0.0  -1,-1,0.0  -1,-1,0.0  -1,-1,0.0  -1,-1,0.0  -1,-1,0.0  -1,-1,0.0 
   7   -1,-1,0.0  -1,-1,0.0  -1,-1,0.0  -1,-1,0.0  -1,-1,0.0  -1,-1,0.0  -1,-1,0.0  -1,-1,0.0  -1,-1,0.0  -1,-1,0.0 
   6   -1,-1,0.0  -1,-1,0.0  -1,-1,0.0  -1,-1,0.0  -1,-1,0.0  -1,-1,0.0  -1,-1,0.0  -1,-1,0.0  -1,-1,0.0  -1,-1,0.0 
   5   -1,-1,0.0  -1,-1,0.0  -1,-1,0.0  -1,-1,0.0  -1,-1,0.0  -1,-1,0.0  -1,-1,0.0  -1,-1,0.0  -1,-1,0.0  -1,-1,0.0 
   4   -1,-1,0.0  -1,-1,0.0  -1,-1,0.0  -1,-1,0.0  -1,-1,0.0  -1,-1,0.0  -1,-1,0.0  -1,-1,0.0  -1,-1,0.0  -1,-1,0.0 
   3   -1,-1,0.0  -1,-1,0.0  -1,-1,0.0  -1,-1,0.0  -1,-1,0.0  -1,-1,0.0  -1,-1,0.0  -1,-1,0.0  -1,-1,0.0  -1,-1,0.0 
   2   -1,-1,0.0  -1,-1,0.0  -1,-1,0.0  -1,-1,0.0  -1,-1,0.0  -1,-1,0.0  -1,-1,0.0  -1,-1,0.0  -1,-1,0.0  -1,-1,0.0 
   1   -1,-1,0.0  -1,-1,0.0  -1,-1,0.0  -1,-1,0.0  -1,-1,0.0  -1,-1,0.0  -1,-1,0.0  -1,-1,0.0  -1,-1,0.0  -1,-1,0.0 



         11
  11   -1,-1,0.0 
  10   -1,-1,0.0 
   9   -1,-1,0.0 
   8   -1,-1,0.0 
   7   -1,-1,0.0 
   6   -1,-1,0.0 
   5   -1,-1,0.0 
   4   -1,-1,0.0 
   3   -1,-1,0.0 
   2   -1,-1,0.0 
   1   -1,-1,0.0 

                                                            K =  2

          1          2          3          4          5          6          7          8          9         10
  11   -1,-1,0.0  -1,-1,0.0  -1,-1,0.0  -1,-1,0.0  -1,-1,0.0  -1,-1,0.0  -1,-1,0.0  -1,-1,0.0  -1,-1,0.0  -1,-1,0.0 
  10   -1,-1,0.0  -1,-1,0.0  -1,-1,0.0  -1,-1,0.0  -1,-1,0.0  -1,-1,0.0  -1,-1,0.0  -1,-1,0.0  -1,-1,0.0  -1,-1,0.0 
   9   -1,-1,0.0  -1,-1,0.0  -1,-1,0.0  -1,-1,0.0  -1,-1,0.0  -1,-1,0.0  -1,-1,0.0  -1,-1,0.0  -1,-1,0.0  -1,-1,0.0 
   8   -1,-1,0.0  -1,-1,0.0  -1,-1,0.0  -1,-1,0.0  -1,-1,0.0  -1,-1,0.0  -1,-1,0.0  -1,-1,0.0  -1,-1,0.0  -1,-1,0.0 
   7   -1,-1,0.0  -1,-1,0.0  -1,-1,0.0  -1,-1,0.0  -1,-1,0.0  -1,-1,0.0  -1,-1,0.0  -1,-1,0.0  -1,-1,0.0  -1,-1,0.0 
   6   -1,-1,0.0  -1,-1,0.0  -1,-1,0.0  -1,-1,0.0  -1,-1,0.0  -1,-1,0.0  -1,-1,0.0  -1,-1,0.0  -1,-1,0.0  -1,-1,0.0 
   5   -1,-1,0.0  -1,-1,0.0  -1,-1,0.0  -1,-1,0.0  -1,-1,0.0  -1,-1,0.0  -1,-1,0.0  -1,-1,0.0  -1,-1,0.0  -1,-1,0.0 
   4   -1,-1,0.0  -1,-1,0.0  -1,-1,0.0  -1,-1,0.0  -1,-1,0.0  -1,-1,0.0  -1,-1,0.0  -1,-1,0.0  -1,-1,0.0  -1,-1,0.0 
   3   -1,-1,0.0  -1,-1,0.0  -1,-1,0.0  -1,-1,0.0  -1,-1,0.0  -1,-1,0.0  -1,-1,0.0  -1,-1,0.0  -1,-1,0.0  -1,-1,0.0 
   2   -1,-1,0.0  -1,-1,0.0  -1,-1,0.0  -1,-1,0.0  -1,-1,0.0  -1,-1,0.0  -1,-1,0.0  -1,-1,0.0  -1,-1,0.0  -1,-1,0.0 
   1   -1,-1,0.0  -1,-1,0.0  -1,-1,0.0  -1,-1,0.0  -1,-1,0.0  -1,-1,0.0  -1,-1,0.0  -1,-1,0.0  -1,-1,0.0  -1,-1,0.0 



         11
  11   -1,-1,0.0 
  10   -1,-1,0.0 
   9   -1,-1,0.0 
   8   -1,-1,0.0 
   7   -1,-1,0.0 
   6   -1,-1,0.0 
   5   -1,-1,0.0 
   4   -1,-1,0.0 
   3   -1,-1,0.0 
   2   -1,-1,0.0 
   1   -1,-1,0.0 



                              Initial Surface Indices and Mixing Fraction

                    Areal Layers

                                                            K =  1

          1          2          3          4          5          6          7          8          9         10
  11   -1,-1,0.0  -1,-1,0.0  -1,-1,0.0  -1,-1,0.0  -1,-1,0.0  -1,-1,0.0  -1,-1,0.0  -1,-1,0.0  -1,-1,0.0  -1,-1,0.0 
  10   -1,-1,0.0  -1,-1,0.0  -1,-1,0.0  -1,-1,0.0  -1,-1,0.0  -1,-1,0.0  -1,-1,0.0  -1,-1,0.0  -1,-1,0.0  -1,-1,0.0 
   9   -1,-1,0.0  -1,-1,0.0  -1,-1,0.0  -1,-1,0.0  -1,-1,0.0  -1,-1,0.0  -1,-1,0.0  -1,-1,0.0  -1,-1,0.0  -1,-1,0.0 
   8   -1,-1,0.0  -1,-1,0.0  -1,-1,0.0  -1,-1,0.0  -1,-1,0.0  -1,-1,0.0  -1,-1,0.0  -1,-1,0.0  -1,-1,0.0  -1,-1,0.0 
   7   -1,-1,0.0  -1,-1,0.0  -1,-1,0.0  -1,-1,0.0  -1,-1,0.0  -1,-1,0.0  -1,-1,0.0  -1,-1,0.0  -1,-1,0.0  -1,-1,0.0 
   6   -1,-1,0.0  -1,-1,0.0  -1,-1,0.0  -1,-1,0.0  -1,-1,0.0  -1,-1,0.0  -1,-1,0.0  -1,-1,0.0  -1,-1,0.0  -1,-1,0.0 
   5   -1,-1,0.0  -1,-1,0.0  -1,-1,0.0  -1,-1,0.0  -1,-1,0.0  -1,-1,0.0  -1,-1,0.0  -1,-1,0.0  -1,-1,0.0  -1,-1,0.0 
   4   -1,-1,0.0  -1,-1,0.0  -1,-1,0.0  -1,-1,0.0  -1,-1,0.0  -1,-1,0.0  -1,-1,0.0  -1,-1,0.0  -1,-1,0.0  -1,-1,0.0 
   3   -1,-1,0.0  -1,-1,0.0  -1,-1,0.0  -1,-1,0.0  -1,-1,0.0  -1,-1,0.0  -1,-1,0.0  -1,-1,0.0  -1,-1,0.0  -1,-1,0.0 
   2   -1,-1,0.0  -1,-1,0.0  -1,-1,0.0  -1,-1,0.0  -1,-1,0.0  -1,-1,0.0  -1,-1,0.0  -1,-1,0.0  -1,-1,0.0  -1,-1,0.0 
   1   -1,-1,0.0  -1,-1,0.0  -1,-1,0.0  -1,-1,0.0  -1,-1,0.0  -1,-1,0.0  -1,-1,0.0  -1,-1,0.0  -1,-1,0.0  -1,-1,0.0 



         11
  11   -1,-1,0.0 
  10   -1,-1,0.0 
   9   -1,-1,0.0 
   8   -1,-1,0.0 
   7   -1,-1,0.0 
   6   -1,-1,0.0 
   5   -1,-1,0.0 
   4   -1,-1,0.0 
   3   -1,-1,0.0 
   2   -1,-1,0.0 
   1   -1,-1,0.0 

                                                            K =  2

          1          2          3          4          5          6          7          8          9         10
  11   -1,-1,0.0  -1,-1,0.0  -1,-1,0.0  -1,-1,0.0  -1,-1,0.0  -1,-1,0.0  -1,-1,0.0  -1,-1,0.0  -1,-1,0.0  -1,-1,0.0 
  10   -1,-1,0.0  -1,-1,0.0  -1,-1,0.0  -1,-1,0.0  -1,-1,0.0  -1,-1,0.0  -1,-1,0.0  -1,-1,0.0  -1,-1,0.0  -1,-1,0.0 
   9   -1,-1,0.0  -1,-1,0.0  -1,-1,0.0  -1,-1,0.0  -1,-1,0.0  -1,-1,0.0  -1,-1,0.0  -1,-1,0.0  -1,-1,0.0  -1,-1,0.0 
   8   -1,-1,0.0  -1,-1,0.0  -1,-1,0.0  -1,-1,0.0  -1,-1,0.0  -1,-1,0.0  -1,-1,0.0  -1,-1,0.0  -1,-1,0.0  -1,-1,0.0 
   7   -1,-1,0.0  -1,-1,0.0  -1,-1,0.0  -1,-1,0.0  -1,-1,0.0  -1,-1,0.0  -1,-1,0.0  -1,-1,0.0  -1,-1,0.0  -1,-1,0.0 
   6   -1,-1,0.0  -1,-1,0.0  -1,-1,0.0  -1,-1,0.0  -1,-1,0.0  -1,-1,0.0  -1,-1,0.0  -1,-1,0.0  -1,-1,0.0  -1,-1,0.0 
   5   -1,-1,0.0  -1,-1,0.0  -1,-1,0.0  -1,-1,0.0  -1,-1,0.0  -1,-1,0.0  -1,-1,0.0  -1,-1,0.0  -1,-1,0.0  -1,-1,0.0 
   4   -1,-1,0.0  -1,-1,0.0  -1,-1,0.0  -1,-1,0.0  -1,-1,0.0  -1,-1,0.0  -1,-1,0.0  -1,-1,0.0  -1,-1,0.0  -1,-1,0.0 
   3   -1,-1,0.0  -1,-1,0.0  -1,-1,0.0  -1,-1,0.0  -1,-1,0.0  -1,-1,0.0  -1,-1,0.0  -1,-1,0.0  -1,-1,0.0  -1,-1,0.0 
   2   -1,-1,0.0  -1,-1,0.0  -1,-1,0.0  -1,-1,0.0  -1,-1,0.0  -1,-1,0.0  -1,-1,0.0  -1,-1,0.0  -1,-1,0.0  -1,-1,0.0 
   1   -1,-1,0.0  -1,-1,0.0  -1,-1,0.0  -1,-1,0.0  -1,-1,0.0  -1,-1,0.0  -1,-1,0.0  -1,-1,0.0  -1,-1,0.0  -1,-1,0.0 



         11
  11   -1,-1,0.0 
  10   -1,-1,0.0 
   9   -1,-1,0.0 
   8   -1,-1,0.0 
   7   -1,-1,0.0 
   6   -1,-1,0.0 
   5   -1,-1,0.0 
   4   -1,-1,0.0 
   3   -1,-1,0.0 
   2   -1,-1,0.0 
   1   -1,-1,0.0 



                              Initial Gas-Phase Indices and Mixing Fraction

                    Areal Layers

                                                            K =  1

          1          2          3          4          5          6          7          8          9         10
  11   -1,-1,0.0  -1,-1,0.0  -1,-1,0.0  -1,-1,0.0  -1,-1,0.0  -1,-1,0.0  -1,-1,0.0  -1,-1,0.0  -1,-1,0.0  -1,-1,0.0 
  10   -1,-1,0.0  -1,-1,0.0  -1,-1,0.0  -1,-1,0.0  -1,-1,0.0  -1,-1,0.0  -1,-1,0.0  -1,-1,0.0  -1,-1,0.0  -1,-1,0.0 
   9   -1,-1,0.0  -1,-1,0.0  -1,-1,0.0  -1,-1,0.0  -1,-1,0.0  -1,-1,0.0  -1,-1,0.0  -1,-1,0.0  -1,-1,0.0  -1,-1,0.0 
   8   -1,-1,0.0  -1,-1,0.0  -1,-1,0.0  -1,-1,0.0  -1,-1,0.0  -1,-1,0.0  -1,-1,0.0  -1,-1,0.0  -1,-1,0.0  -1,-1,0.0 
   7   -1,-1,0.0  -1,-1,0.0  -1,-1,0.0  -1,-1,0.0  -1,-1,0.0  -1,-1,0.0  -1,-1,0.0  -1,-1,0.0  -1,-1,0.0  -1,-1,0.0 
   6   -1,-1,0.0  -1,-1,0.0  -1,-1,0.0  -1,-1,0.0  -1,-1,0.0  -1,-1,0.0  -1,-1,0.0  -1,-1,0.0  -1,-1,0.0  -1,-1,0.0 
   5   -1,-1,0.0  -1,-1,0.0  -1,-1,0.0  -1,-1,0.0  -1,-1,0.0  -1,-1,0.0  -1,-1,0.0  -1,-1,0.0  -1,-1,0.0  -1,-1,0.0 
   4   -1,-1,0.0  -1,-1,0.0  -1,-1,0.0  -1,-1,0.0  -1,-1,0.0  -1,-1,0.0  -1,-1,0.0  -1,-1,0.0  -1,-1,0.0  -1,-1,0.0 
   3   -1,-1,0.0  -1,-1,0.0  -1,-1,0.0  -1,-1,0.0  -1,-1,0.0  -1,-1,0.0  -1,-1,0.0  -1,-1,0.0  -1,-1,0.0  -1,-1,0.0 
   2   -1,-1,0.0  -1,-1,0.0  -1,-1,0.0  -1,-1,0.0  -1,-1,0.0  -1,-1,0.0  -1,-1,0.0  -1,-1,0.0  -1,-1,0.0  -1,-1,0.0 
   1   -1,-1,0.0  -1,-1,0.0  -1,-1,0.0  -1,-1,0.0  -1,-1,0.0  -1,-1,0.0  -1,-1,0.0  -1,-1,0.0  -1,-1,0.0  -1,-1,0.0 



         11
  11   -1,-1,0.0 
  10   -1,-1,0.0 
   9   -1,-1,0.0 
   8   -1,-1,0.0 
   7   -1,-1,0.0 
   6   -1,-1,0.0 
   5   -1,-1,0.0 
   4   -1,-1,0.0 
   3   -1,-1,0.0 
   2   -1,-1,0.0 
   1   -1,-1,0.0 

                                                            K =  2

          1          2          3          4          5          6          7          8          9         10
  11   -1,-1,0.0  -1,-1,0.0  -1,-1,0.0  -1,-1,0.0  -1,-1,0.0  -1,-1,0.0  -1,-1,0.0  -1,-1,0.0  -1,-1,0.0  -1,-1,0.0 
  10   -1,-1,0.0  -1,-1,0.0  -1,-1,0.0  -1,-1,0.0  -1,-1,0.0  -1,-1,0.0  -1,-1,0.0  -1,-1,0.0  -1,-1,0.0  -1,-1,0.0 
   9   -1,-1,0.0  -1,-1,0.0  -1,-1,0.0  -1,-1,0.0  -1,-1,0.0  -1,-1,0.0  -1,-1,0.0  -1,-1,0.0  -1,-1,0.0  -1,-1,0.0 
   8   -1,-1,0.0  -1,-1,0.0  -1,-1,0.0  -1,-1,0.0  -1,-1,0.0  -1,-1,0.0  -1,-1,0.0  -1,-1,0.0  -1,-1,0.0  -1,-1,0.0 
   7   -1,-1,0.0  -1,-1,0.0  -1,-1,0.0  -1,-1,0.0  -1,-1,0.0  -1,-1,0.0  -1,-1,0.0  -1,-1,0.0  -1,-1,0.0  -1,-1,0.0 
   6   -1,-1,0.0  -1,-1,0.0  -1,-1,0.0  -1,-1,0.0  -1,-1,0.0  -1,-1,0.0  -1,-1,0.0  -1,-1,0.0  -1,-1,0.0  -1,-1,0.0 
   5   -1,-1,0.0  -1,-1,0.0  -1,-1,0.0  -1,-1,0.0  -1,-1,0.0  -1,-1,0.0  -1,-1,0.0  -1,-1,0.0  -1,-1,0.0  -1,-1,0.0 
   4   -1,-1,0.0  -1,-1,0.0  -1,-1,0.0  -1,-1,0.0  -1,-1,0.0  -1,-1,0.0  -1,-1,0.0  -1,-1,0.0  -1,-1,0.0  -1,-1,0.0 
   3   -1,-1,0.0  -1,-1,0.0  -1,-1,0.0  -1,-1,0.0  -1,-1,0.0  -1,-1,0.0  -1,-1,0.0  -1,-1,0.0  -1,-1,0.0  -1,-1,0.0 
   2   -1,-1,0.0  -1,-1,0.0  -1,-1,0.0  -1,-1,0.0  -1,-1,0.0  -1,-1,0.0  -1,-1,0.0  -1,-1,0.0  -1,-1,0.0  -1,-1,0.0 
   1   -1,-1,0.0  -1,-1,0.0  -1,-1,0.0  -1,-1,0.0  -1,-1,0.0  -1,-1,0.0  -1,-1,0.0  -1,-1,0.0  -1,-1,0.0  -1,-1,0.0 



         11
  11   -1,-1,0.0 
  10   -1,-1,0.0 
   9   -1,-1,0.0 
   8   -1,-1,0.0 
   7   -1,-1,0.0 
   6   -1,-1,0.0 
   5   -1,-1,0.0 
   4   -1,-1,0.0 
   3   -1,-1,0.0 
   2   -1,-1,0.0 
   1   -1,-1,0.0 



                              Initial Solid-Solution Indices and Mixing Fraction

                    Areal Layers

                                                            K =  1

          1          2          3          4          5          6          7          8          9         10
  11   -1,-1,0.0  -1,-1,0.0  -1,-1,0.0  -1,-1,0.0  -1,-1,0.0  -1,-1,0.0  -1,-1,0.0  -1,-1,0.0  -1,-1,0.0  -1,-1,0.0 
  10   -1,-1,0.0  -1,-1,0.0  -1,-1,0.0  -1,-1,0.0  -1,-1,0.0  -1,-1,0.0  -1,-1,0.0  -1,-1,0.0  -1,-1,0.0  -1,-1,0.0 
   9   -1,-1,0.0  -1,-1,0.0  -1,-1,0.0  -1,-1,0.0  -1,-1,0.0  -1,-1,0.0  -1,-1,0.0  -1,-1,0.0  -1,-1,0.0  -1,-1,0.0 
   8   -1,-1,0.0  -1,-1,0.0  -1,-1,0.0  -1,-1,0.0  -1,-1,0.0  -1,-1,0.0  -1,-1,0.0  -1,-1,0.0  -1,-1,0.0  -1,-1,0.0 
   7   -1,-1,0.0  -1,-1,0.0  -1,-1,0.0  -1,-1,0.0  -1,-1,0.0  -1,-1,0.0  -1,-1,0.0  -1,-1,0.0  -1,-1,0.0  -1,-1,0.0 
   6   -1,-1,0.0  -1,-1,0.0  -1,-1,0.0  -1,-1,0.0  -1,-1,0.0  -1,-1,0.0  -1,-1,0.0  -1,-1,0.0  -1,-1,0.0  -1,-1,0.0 
   5   -1,-1,0.0  -1,-1,0.0  -1,-1,0.0  -1,-1,0.0  -1,-1,0.0  -1,-1,0.0  -1,-1,0.0  -1,-1,0.0  -1,-1,0.0  -1,-1,0.0 
   4   -1,-1,0.0  -1,-1,0.0  -1,-1,0.0  -1,-1,0.0  -1,-1,0.0  -1,-1,0.0  -1,-1,0.0  -1,-1,0.0  -1,-1,0.0  -1,-1,0.0 
   3   -1,-1,0.0  -1,-1,0.0  -1,-1,0.0  -1,-1,0.0  -1,-1,0.0  -1,-1,0.0  -1,-1,0.0  -1,-1,0.0  -1,-1,0.0  -1,-1,0.0 
   2   -1,-1,0.0  -1,-1,0.0  -1,-1,0.0  -1,-1,0.0  -1,-1,0.0  -1,-1,0.0  -1,-1,0.0  -1,-1,0.0  -1,-1,0.0  -1,-1,0.0 
   1   -1,-1,0.0  -1,-1,0.0  -1,-1,0.0  -1,-1,0.0  -1,-1,0.0  -1,-1,0.0  -1,-1,0.0  -1,-1,0.0  -1,-1,0.0  -1,-1,0.0 



         11
  11   -1,-1,0.0 
  10   -1,-1,0.0 
   9   -1,-1,0.0 
   8   -1,-1,0.0 
   7   -1,-1,0.0 
   6   -1,-1,0.0 
   5   -1,-1,0.0 
   4   -1,-1,0.0 
   3   -1,-1,0.0 
   2   -1,-1,0.0 
   1   -1,-1,0.0 

                                                            K =  2

          1          2          3          4          5          6          7          8          9         10
  11   -1,-1,0.0  -1,-1,0.0  -1,-1,0.0  -1,-1,0.0  -1,-1,0.0  -1,-1,0.0  -1,-1,0.0  -1,-1,0.0  -1,-1,0.0  -1,-1,0.0 
  10   -1,-1,0.0  -1,-1,0.0  -1,-1,0.0  -1,-1,0.0  -1,-1,0.0  -1,-1,0.0  -1,-1,0.0  -1,-1,0.0  -1,-1,0.0  -1,-1,0.0 
   9   -1,-1,0.0  -1,-1,0.0  -1,-1,0.0  -1,-1,0.0  -1,-1,0.0  -1,-1,0.0  -1,-1,0.0  -1,-1,0.0  -1,-1,0.0  -1,-1,0.0 
   8   -1,-1,0.0  -1,-1,0.0  -1,-1,0.0  -1,-1,0.0  -1,-1,0.0  -1,-1,0.0  -1,-1,0.0  -1,-1,0.0  -1,-1,0.0  -1,-1,0.0 
   7   -1,-1,0.0  -1,-1,0.0  -1,-1,0.0  -1,-1,0.0  -1,-1,0.0  -1,-1,0.0  -1,-1,0.0  -1,-1,0.0  -1,-1,0.0  -1,-1,0.0 
   6   -1,-1,0.0  -1,-1,0.0  -1,-1,0.0  -1,-1,0.0  -1,-1,0.0  -1,-1,0.0  -1,-1,0.0  -1,-1,0.0  -1,-1,0.0  -1,-1,0.0 
   5   -1,-1,0.0  -1,-1,0.0  -1,-1,0.0  -1,-1,0.0  -1,-1,0.0  -1,-1,0.0  -1,-1,0.0  -1,-1,0.0  -1,-1,0.0  -1,-1,0.0 
   4   -1,-1,0.0  -1,-1,0.0  -1,-1,0.0  -1,-1,0.0  -1,-1,0.0  -1,-1,0.0  -1,-1,0.0  -1,-1,0.0  -1,-1,0.0  -1,-1,0.0 
   3   -1,-1,0.0  -1,-1,0.0  -1,-1,0.0  -1,-1,0.0  -1,-1,0.0  -1,-1,0.0  -1,-1,0.0  -1,-1,0.0  -1,-1,0.0  -1,-1,0.0 
   2   -1,-1,0.0  -1,-1,0.0  -1,-1,0.0  -1,-1,0.0  -1,-1,0.0  -1,-1,0.0  -1,-1,0.0  -1,-1,0.0  -1,-1,0.0  -1,-1,0.0 
   1   -1,-1,0.0  -1,-1,0.0  -1,-1,0.0  -1,-1,0.0  -1,-1,0.0  -1,-1,0.0  -1,-1,0.0  -1,-1,0.0  -1,-1,0.0  -1,-1,0.0 



         11
  11   -1,-1,0.0 
  10   -1,-1,0.0 
   9   -1,-1,0.0 
   8   -1,-1,0.0 
   7   -1,-1,0.0 
   6   -1,-1,0.0 
   5   -1,-1,0.0 
   4   -1,-1,0.0 
   3   -1,-1,0.0 
   2   -1,-1,0.0 
   1   -1,-1,0.0 



                              Initial Kinetic-Reaction Indices and Mixing Fraction

                    Areal Layers

                                                            K =  1

          1          2          3          4          5          6          7          8          9         10
  11   -1,-1,0.0  -1,-1,0.0  -1,-1,0.0  -1,-1,0.0  -1,-1,0.0  -1,-1,0.0  -1,-1,0.0  -1,-1,0.0  -1,-1,0.0  -1,-1,0.0 
  10   -1,-1,0.0  -1,-1,0.0  -1,-1,0.0  -1,-1,0.0  -1,-1,0.0  -1,-1,0.0  -1,-1,0.0  -1,-1,0.0  -1,-1,0.0  -1,-1,0.0 
   9   -1,-1,0.0  -1,-1,0.0  -1,-1,0.0  -1,-1,0.0  -1,-1,0.0  -1,-1,0.0  -1,-1,0.0  -1,-1,0.0  -1,-1,0.0  -1,-1,0.0 
   8   -1,-1,0.0  -1,-1,0.0  -1,-1,0.0  -1,-1,0.0  -1,-1,0.0  -1,-1,0.0  -1,-1,0.0  -1,-1,0.0  -1,-1,0.0  -1,-1,0.0 
   7   -1,-1,0.0  -1,-1,0.0  -1,-1,0.0  -1,-1,0.0  -1,-1,0.0  -1,-1,0.0  -1,-1,0.0  -1,-1,0.0  -1,-1,0.0  -1,-1,0.0 
   6   -1,-1,0.0  -1,-1,0.0  -1,-1,0.0  -1,-1,0.0  -1,-1,0.0  -1,-1,0.0  -1,-1,0.0  -1,-1,0.0  -1,-1,0.0  -1,-1,0.0 
   5   -1,-1,0.0  -1,-1,0.0  -1,-1,0.0  -1,-1,0.0  -1,-1,0.0  -1,-1,0.0  -1,-1,0.0  -1,-1,0.0  -1,-1,0.0  -1,-1,0.0 
   4   -1,-1,0.0  -1,-1,0.0  -1,-1,0.0  -1,-1,0.0  -1,-1,0.0  -1,-1,0.0  -1,-1,0.0  -1,-1,0.0  -1,-1,0.0  -1,-1,0.0 
   3   -1,-1,0.0  -1,-1,0.0  -1,-1,0.0  -1,-1,0.0  -1,-1,0.0  -1,-1,0.0  -1,-1,0.0  -1,-1,0.0  -1,-1,0.0  -1,-1,0.0 
   2   -1,-1,0.0  -1,-1,0.0  -1,-1,0.0  -1,-1,0.0  -1,-1,0.0  -1,-1,0.0  -1,-1,0.0  -1,-1,0.0  -1,-1,0.0  -1,-1,0.0 
   1   -1,-1,0.0  -1,-1,0.0  -1,-1,0.0  -1,-1,0.0  -1,-1,0.0  -1,-1,0.0  -1,-1,0.0  -1,-1,0.0  -1,-1,0.0  -1,-1,0.0 



         11
  11   -1,-1,0.0 
  10   -1,-1,0.0 
   9   -1,-1,0.0 
   8   -1,-1,0.0 
   7   -1,-1,0.0 
   6   -1,-1,0.0 
   5   -1,-1,0.0 
   4   -1,-1,0.0 
   3   -1,-1,0.0 
   2   -1,-1,0.0 
   1   -1,-1,0.0 

                                                            K =  2

          1          2          3          4          5          6          7          8          9         10
  11   -1,-1,0.0  -1,-1,0.0  -1,-1,0.0  -1,-1,0.0  -1,-1,0.0  -1,-1,0.0  -1,-1,0.0  -1,-1,0.0  -1,-1,0.0  -1,-1,0.0 
  10   -1,-1,0.0  -1,-1,0.0  -1,-1,0.0  -1,-1,0.0  -1,-1,0.0  -1,-1,0.0  -1,-1,0.0  -1,-1,0.0  -1,-1,0.0  -1,-1,0.0 
   9   -1,-1,0.0  -1,-1,0.0  -1,-1,0.0  -1,-1,0.0  -1,-1,0.0  -1,-1,0.0  -1,-1,0.0  -1,-1,0.0  -1,-1,0.0  -1,-1,0.0 
   8   -1,-1,0.0  -1,-1,0.0  -1,-1,0.0  -1,-1,0.0  -1,-1,0.0  -1,-1,0.0  -1,-1,0.0  -1,-1,0.0  -1,-1,0.0  -1,-1,0.0 
   7   -1,-1,0.0  -1,-1,0.0  -1,-1,0.0  -1,-1,0.0  -1,-1,0.0  -1,-1,0.0  -1,-1,0.0  -1,-1,0.0  -1,-1,0.0  -1,-1,0.0 
   6   -1,-1,0.0  -1,-1,0.0  -1,-1,0.0  -1,-1,0.0  -1,-1,0.0  -1,-1,0.0  -1,-1,0.0  -1,-1,0.0  -1,-1,0.0  -1,-1,0.0 
   5   -1,-1,0.0  -1,-1,0.0  -1,-1,0.0  -1,-1,0.0  -1,-1,0.0  -1,-1,0.0  -1,-1,0.0  -1,-1,0.0  -1,-1,0.0  -1,-1,0.0 
   4   -1,-1,0.0  -1,-1,0.0  -1,-1,0.0  -1,-1,0.0  -1,-1,0.0  -1,-1,0.0  -1,-1,0.0  -1,-1,0.0  -1,-1,0.0  -1,-1,0.0 
   3   -1,-1,0.0  -1,-1,0.0  -1,-1,0.0  -1,-1,0.0  -1,-1,0.0  -1,-1,0.0  -1,-1,0.0  -1,-1,0.0  -1,-1,0.0  -1,-1,0.0 
   2   -1,-1,0.0  -1,-1,0.0  -1,-1,0.0  -1,-1,0.0  -1,-1,0.0  -1,-1,0.0  -1,-1,0.0  -1,-1,0.0  -1,-1,0.0  -1,-1,0.0 
   1   -1,-1,0.0  -1,-1,0.0  -1,-1,0.0  -1,-1,0.0  -1,-1,0.0  -1,-1,0.0  -1,-1,0.0  -1,-1,0.0  -1,-1,0.0  -1,-1,0.0 



         11
  11   -1,-1,0.0 
  10   -1,-1,0.0 
   9   -1,-1,0.0 
   8   -1,-1,0.0 
   7   -1,-1,0.0 
   6   -1,-1,0.0 
   5   -1,-1,0.0 
   4   -1,-1,0.0 
   3   -1,-1,0.0 
   2   -1,-1,0.0 
   1   -1,-1,0.0 



                              Initial Molality (mol/kgw)

                              Component: H         

                    Areal Layers

                                                            K =  1

           1           2           3           4           5           6           7           8           9          10
 11  2.0727e-07  2.0755e-07  2.0783e-07  2.0811e-07  2.0839e-07  2.0868e-07  2.0896e-07  2.0924e-07  2.0952e-07  2.0981e-07
 10  2.0727e-07  2.0755e-07  2.0783e-07  2.0811e-07  2.0839e-07  2.0868e-07  2.0896e-07  2.0924e-07  2.0952e-07  2.0981e-07
  9  2.0727e-07  2.0755e-07  2.0783e-07  2.0811e-07  2.0839e-07  2.0868e-07  2.0896e-07  2.0924e-07  2.0952e-07  2.0981e-07
  8  2.0727e-07  2.0755e-07  2.0783e-07  2.0811e-07  2.0839e-07  2.0868e-07  2.0896e-07  2.0924e-07  2.0952e-07  2.0981e-07
  7  2.0727e-07  2.0755e-07  2.0783e-07  2.0811e-07  2.0839e-07  2.0868e-07  2.0896e-07  2.0924e-07  2.0952e-07  2.0981e-07
  6  2.0727e-07  2.0755e-07  2.0783e-07  2.0811e-07  2.0839e-07  2.0868e-07  2.0896e-07  2.0924e-07  2.0952e-07  2.0981e-07
  5  2.0727e-07  2.0755e-07  2.0783e-07  2.0811e-07  2.0839e-07  2.0868e-07  2.0896e-07  2.0924e-07  2.0952e-07  2.0981e-07
  4  2.0727e-07  2.0755e-07  2.0783e-07  2.0811e-07  2.0839e-07  2.0868e-07  2.0896e-07  2.0924e-07  2.0952e-07  2.0981e-07
  3  2.0727e-07  2.0755e-07  2.0783e-07  2.0811e-07  2.0839e-07  2.0868e-07  2.0896e-07  2.0924e-07  2.0952e-07  2.0981e-07
  2  2.0727e-07  2.0755e-07  2.0783e-07  2.0811e-07  2.0839e-07  2.0868e-07  2.0896e-07  2.0924e-07  2.0952e-07  2.0981e-07
  1  2.0727e-07  2.0755e-07  2.0783e-07  2.0811e-07  2.0839e-07  2.0868e-07  2.0896e-07  2.0924e-07  2.0952e-07  2.0981e-07



          11
 11  2.1009e-07
 10  2.1009e-07
  9  2.1009e-07
  8  2.1009e-07
  7  2.1009e-07
  6  2.1009e-07
  5  2.1009e-07
  4  2.1009e-07
  3  2.1009e-07
  2  2.1009e-07
  1  2.1009e-07

                                                            K =  2

           1           2           3           4           5           6           7           8           9          10
 11  2.0727e-07  2.0755e-07  2.0783e-07  2.0811e-07  2.0839e-07  2.0868e-07  2.0896e-07  2.0924e-07  2.0952e-07  2.0981e-07
 10  2.0727e-07  2.0755e-07  2.0783e-07  2.0811e-07  2.0839e-07  2.0868e-07  2.0896e-07  2.0924e-07  2.0952e-07  2.0981e-07
  9  2.0727e-07  2.0755e-07  2.0783e-07  2.0811e-07  2.0839e-07  2.0868e-07  2.0896e-07  2.0924e-07  2.0952e-07  2.0981e-07
  8  2.0727e-07  2.0755e-07  2.0783e-07  2.0811e-07  2.0839e-07  2.0868e-07  2.0896e-07  2.0924e-07  2.0952e-07  2.0981e-07
  7  2.0727e-07  2.0755e-07  2.0783e-07  2.0811e-07  2.0839e-07  2.0868e-07  2.0896e-07  2.0924e-07  2.0952e-07  2.0981e-07
  6  2.0727e-07  2.0755e-07  2.0783e-07  2.0811e-07  2.0839e-07  2.0868e-07  2.0896e-07  2.0924e-07  2.0952e-07  2.0981e-07
  5  2.0727e-07  2.0755e-07  2.0783e-07  2.0811e-07  2.0839e-07  2.0868e-07  2.0896e-07  2.0924e-07  2.0952e-07  2.0981e-07
  4  2.0727e-07  2.0755e-07  2.0783e-07  2.0811e-07  2.0839e-07  2.0868e-07  2.0896e-07  2.0924e-07  2.0952e-07  2.0981e-07
  3  2.0727e-07  2.0755e-07  2.0783e-07  2.0811e-07  2.0839e-07  2.0868e-07  2.0896e-07  2.0924e-07  2.0952e-07  2.0981e-07
  2  2.0727e-07  2.0755e-07  2.0783e-07  2.0811e-07  2.0839e-07  2.0868e-07  2.0896e-07  2.0924e-07  2.0952e-07  2.0981e-07
  1  2.0727e-07  2.0755e-07  2.0783e-07  2.0811e-07  2.0839e-07  2.0868e-07  2.0896e-07  2.0924e-07  2.0952e-07  2.0981e-07



          11
 11  2.1009e-07
 10  2.1009e-07
  9  2.1009e-07
  8  2.1009e-07
  7  2.1009e-07
  6  2.1009e-07
  5  2.1009e-07
  4  2.1009e-07
  3  2.1009e-07
  2  2.1009e-07
  1  2.1009e-07



                              Initial Molality (mol/kgw)

                              Component: O         

                    Areal Layers

                                                            K =  1

           1           2           3           4           5           6           7           8           9          10
 11  1.0382e-07  1.0397e-07  1.0412e-07  1.0428e-07  1.0443e-07  1.0458e-07  1.0474e-07  1.0489e-07  1.0504e-07  1.0520e-07
 10  1.0382e-07  1.0397e-07  1.0412e-07  1.0428e-07  1.0443e-07  1.0458e-07  1.0474e-07  1.0489e-07  1.0504e-07  1.0520e-07
  9  1.0382e-07  1.0397e-07  1.0412e-07  1.0428e-07  1.0443e-07  1.0458e-07  1.0474e-07  1.0489e-07  1.0504e-07  1.0520e-07
  8  1.0382e-07  1.0397e-07  1.0412e-07  1.0428e-07  1.0443e-07  1.0458e-07  1.0474e-07  1.0489e-07  1.0504e-07  1.0520e-07
  7  1.0382e-07  1.0397e-07  1.0412e-07  1.0428e-07  1.0443e-07  1.0458e-07  1.0474e-07  1.0489e-07  1.0504e-07  1.0520e-07
  6  1.0382e-07  1.0397e-07  1.0412e-07  1.0428e-07  1.0443e-07  1.0458e-07  1.0474e-07  1.0489e-07  1.0504e-07  1.0520e-07
  5  1.0382e-07  1.0397e-07  1.0412e-07  1.0428e-07  1.0443e-07  1.0458e-07  1.0474e-07  1.0489e-07  1.0504e-07  1.0520e-07
  4  1.0382e-07  1.0397e-07  1.0412e-07  1.0428e-07  1.0443e-07  1.0458e-07  1.0474e-07  1.0489e-07  1.0504e-07  1.0520e-07
  3  1.0382e-07  1.0397e-07  1.0412e-07  1.0428e-07  1.0443e-07  1.0458e-07  1.0474e-07  1.0489e-07  1.0504e-07  1.0520e-07
  2  1.0382e-07  1.0397e-07  1.0412e-07  1.0428e-07  1.0443e-07  1.0458e-07  1.0474e-07  1.0489e-07  1.0504e-07  1.0520e-07
  1  1.0382e-07  1.0397e-07  1.0412e-07  1.0428e-07  1.0443e-07  1.0458e-07  1.0474e-07  1.0489e-07  1.0504e-07  1.0520e-07



          11
 11  1.0535e-07
 10  1.0535e-07
  9  1.0535e-07
  8  1.0535e-07
  7  1.0535e-07
  6  1.0535e-07
  5  1.0535e-07
  4  1.0535e-07
  3  1.0535e-07
  2  1.0535e-07
  1  1.0535e-07

                                                            K =  2

           1           2           3           4           5           6           7           8           9          10
 11  1.0382e-07  1.0397e-07  1.0412e-07  1.0428e-07  1.0443e-07  1.0458e-07  1.0474e-07  1.0489e-07  1.0504e-07  1.0520e-07
 10  1.0382e-07  1.0397e-07  1.0412e-07  1.0428e-07  1.0443e-07  1.0458e-07  1.0474e-07  1.0489e-07  1.0504e-07  1.0520e-07
  9  1.0382e-07  1.0397e-07  1.0412e-07  1.0428e-07  1.0443e-07  1.0458e-07  1.0474e-07  1.0489e-07  1.0504e-07  1.0520e-07
  8  1.0382e-07  1.0397e-07  1.0412e-07  1.0428e-07  1.0443e-07  1.0458e-07  1.0474e-07  1.0489e-07  1.0504e-07  1.0520e-07
  7  1.0382e-07  1.0397e-07  1.0412e-07  1.0428e-07  1.0443e-07  1.0458e-07  1.0474e-07  1.0489e-07  1.0504e-07  1.0520e-07
  6  1.0382e-07  1.0397e-07  1.0412e-07  1.0428e-07  1.0443e-07  1.0458e-07  1.0474e-07  1.0489e-07  1.0504e-07  1.0520e-07
  5  1.0382e-07  1.0397e-07  1.0412e-07  1.0428e-07  1.0443e-07  1.0458e-07  1.0474e-07  1.0489e-07  1.0504e-07  1.0520e-07
  4  1.0382e-07  1.0397e-07  1.0412e-07  1.0428e-07  1.0443e-07  1.0458e-07  1.0474e-07  1.0489e-07  1.0504e-07  1.0520e-07
  3  1.0382e-07  1.0397e-07  1.0412e-07  1.0428e-07  1.0443e-07  1.0458e-07  1.0474e-07  1.0489e-07  1.0504e-07  1.0520e-07
  2  1.0382e-07  1.0397e-07  1.0412e-07  1.0428e-07  1.0443e-07  1.0458e-07  1.0474e-07  1.0489e-07  1.0504e-07  1.0520e-07
  1  1.0382e-07  1.0397e-07  1.0412e-07  1.0428e-07  1.0443e-07  1.0458e-07  1.0474e-07  1.0489e-07  1.0504e-07  1.0520e-07



          11
 11  1.0535e-07
 10  1.0535e-07
  9  1.0535e-07
  8  1.0535e-07
  7  1.0535e-07
  6  1.0535e-07
  5  1.0535e-07
  4  1.0535e-07
  3  1.0535e-07
  2  1.0535e-07
  1  1.0535e-07



                              Initial Molality (mol/kgw)

                              Component: Cl        

                    Areal Layers

                                                            K =  1

           1           2           3           4           5           6           7           8           9          10
 11  1.0000e-03  1.1000e-03  1.2000e-03  1.3000e-03  1.4000e-03  1.5000e-03  1.6000e-03  1.7000e-03  1.8000e-03  1.9000e-03
 10  1.0000e-03  1.1000e-03  1.2000e-03  1.3000e-03  1.4000e-03  1.5000e-03  1.6000e-03  1.7000e-03  1.8000e-03  1.9000e-03
  9  1.0000e-03  1.1000e-03  1.2000e-03  1.3000e-03  1.4000e-03  1.5000e-03  1.6000e-03  1.7000e-03  1.8000e-03  1.9000e-03
  8  1.0000e-03  1.1000e-03  1.2000e-03  1.3000e-03  1.4000e-03  1.5000e-03  1.6000e-03  1.7000e-03  1.8000e-03  1.9000e-03
  7  1.0000e-03  1.1000e-03  1.2000e-03  1.3000e-03  1.4000e-03  1.5000e-03  1.6000e-03  1.7000e-03  1.8000e-03  1.9000e-03
  6  1.0000e-03  1.1000e-03  1.2000e-03  1.3000e-03  1.4000e-03  1.5000e-03  1.6000e-03  1.7000e-03  1.8000e-03  1.9000e-03
  5  1.0000e-03  1.1000e-03  1.2000e-03  1.3000e-03  1.4000e-03  1.5000e-03  1.6000e-03  1.7000e-03  1.8000e-03  1.9000e-03
  4  1.0000e-03  1.1000e-03  1.2000e-03  1.3000e-03  1.4000e-03  1.5000e-03  1.6000e-03  1.7000e-03  1.8000e-03  1.9000e-03
  3  1.0000e-03  1.1000e-03  1.2000e-03  1.3000e-03  1.4000e-03  1.5000e-03  1.6000e-03  1.7000e-03  1.8000e-03  1.9000e-03
  2  1.0000e-03  1.1000e-03  1.2000e-03  1.3000e-03  1.4000e-03  1.5000e-03  1.6000e-03  1.7000e-03  1.8000e-03  1.9000e-03
  1  1.0000e-03  1.1000e-03  1.2000e-03  1.3000e-03  1.4000e-03  1.5000e-03  1.6000e-03  1.7000e-03  1.8000e-03  1.9000e-03



          11
 11  2.0000e-03
 10  2.0000e-03
  9  2.0000e-03
  8  2.0000e-03
  7  2.0000e-03
  6  2.0000e-03
  5  2.0000e-03
  4  2.0000e-03
  3  2.0000e-03
  2  2.0000e-03
  1  2.0000e-03

                                                            K =  2

           1           2           3           4           5           6           7           8           9          10
 11  1.0000e-03  1.1000e-03  1.2000e-03  1.3000e-03  1.4000e-03  1.5000e-03  1.6000e-03  1.7000e-03  1.8000e-03  1.9000e-03
 10  1.0000e-03  1.1000e-03  1.2000e-03  1.3000e-03  1.4000e-03  1.5000e-03  1.6000e-03  1.7000e-03  1.8000e-03  1.9000e-03
  9  1.0000e-03  1.1000e-03  1.2000e-03  1.3000e-03  1.4000e-03  1.5000e-03  1.6000e-03  1.7000e-03  1.8000e-03  1.9000e-03
  8  1.0000e-03  1.1000e-03  1.2000e-03  1.3000e-03  1.4000e-03  1.5000e-03  1.6000e-03  1.7000e-03  1.8000e-03  1.9000e-03
  7  1.0000e-03  1.1000e-03  1.2000e-03  1.3000e-03  1.4000e-03  1.5000e-03  1.6000e-03  1.7000e-03  1.8000e-03  1.9000e-03
  6  1.0000e-03  1.1000e-03  1.2000e-03  1.3000e-03  1.4000e-03  1.5000e-03  1.6000e-03  1.7000e-03  1.8000e-03  1.9000e-03
  5  1.0000e-03  1.1000e-03  1.2000e-03  1.3000e-03  1.4000e-03  1.5000e-03  1.6000e-03  1.7000e-03  1.8000e-03  1.9000e-03
  4  1.0000e-03  1.1000e-03  1.2000e-03  1.3000e-03  1.4000e-03  1.5000e-03  1.6000e-03  1.7000e-03  1.8000e-03  1.9000e-03
  3  1.0000e-03  1.1000e-03  1.2000e-03  1.3000e-03  1.4000e-03  1.5000e-03  1.6000e-03  1.7000e-03  1.8000e-03  1.9000e-03
  2  1.0000e-03  1.1000e-03  1.2000e-03  1.3000e-03  1.4000e-03  1.5000e-03  1.6000e-03  1.7000e-03  1.8000e-03  1.9000e-03
  1  1.0000e-03  1.1000e-03  1.2000e-03  1.3000e-03  1.4000e-03  1.5000e-03  1.6000e-03  1.7000e-03  1.8000e-03  1.9000e-03



          11
 11  2.0000e-03
 10  2.0000e-03
  9  2.0000e-03
  8  2.0000e-03
  7  2.0000e-03
  6  2.0000e-03
  5  2.0000e-03
  4  2.0000e-03
  3  2.0000e-03
  2  2.0000e-03
  1  2.0000e-03



                              Initial Molality (mol/kgw)

                              Component: Na        

                    Areal Layers

                                                            K =  1

           1           2           3           4           5           6           7           8           9          10
 11  1.0000e-03  1.1000e-03  1.2000e-03  1.3000e-03  1.4000e-03  1.5000e-03  1.6000e-03  1.7000e-03  1.8000e-03  1.9000e-03
 10  1.0000e-03  1.1000e-03  1.2000e-03  1.3000e-03  1.4000e-03  1.5000e-03  1.6000e-03  1.7000e-03  1.8000e-03  1.9000e-03
  9  1.0000e-03  1.1000e-03  1.2000e-03  1.3000e-03  1.4000e-03  1.5000e-03  1.6000e-03  1.7000e-03  1.8000e-03  1.9000e-03
  8  1.0000e-03  1.1000e-03  1.2000e-03  1.3000e-03  1.4000e-03  1.5000e-03  1.6000e-03  1.7000e-03  1.8000e-03  1.9000e-03
  7  1.0000e-03  1.1000e-03  1.2000e-03  1.3000e-03  1.4000e-03  1.5000e-03  1.6000e-03  1.7000e-03  1.8000e-03  1.9000e-03
  6  1.0000e-03  1.1000e-03  1.2000e-03  1.3000e-03  1.4000e-03  1.5000e-03  1.6000e-03  1.7000e-03  1.8000e-03  1.9000e-03
  5  1.0000e-03  1.1000e-03  1.2000e-03  1.3000e-03  1.4000e-03  1.5000e-03  1.6000e-03  1.7000e-03  1.8000e-03  1.9000e-03
  4  1.0000e-03  1.1000e-03  1.2000e-03  1.3000e-03  1.4000e-03  1.5000e-03  1.6000e-03  1.7000e-03  1.8000e-03  1.9000e-03
  3  1.0000e-03  1.1000e-03  1.2000e-03  1.3000e-03  1.4000e-03  1.5000e-03  1.6000e-03  1.7000e-03  1.8000e-03  1.9000e-03
  2  1.0000e-03  1.1000e-03  1.2000e-03  1.3000e-03  1.4000e-03  1.5000e-03  1.6000e-03  1.7000e-03  1.8000e-03  1.9000e-03
  1  1.0000e-03  1.1000e-03  1.2000e-03  1.3000e-03  1.4000e-03  1.5000e-03  1.6000e-03  1.7000e-03  1.8000e-03  1.9000e-03



          11
 11  2.0000e-03
 10  2.0000e-03
  9  2.0000e-03
  8  2.0000e-03
  7  2.0000e-03
  6  2.0000e-03
  5  2.0000e-03
  4  2.0000e-03
  3  2.0000e-03
  2  2.0000e-03
  1  2.0000e-03

                                                            K =  2

           1           2           3           4           5           6           7           8           9          10
 11  1.0000e-03  1.1000e-03  1.2000e-03  1.3000e-03  1.4000e-03  1.5000e-03  1.6000e-03  1.7000e-03  1.8000e-03  1.9000e-03
 10  1.0000e-03  1.1000e-03  1.2000e-03  1.3000e-03  1.4000e-03  1.5000e-03  1.6000e-03  1.7000e-03  1.8000e-03  1.9000e-03
  9  1.0000e-03  1.1000e-03  1.2000e-03  1.3000e-03  1.4000e-03  1.5000e-03  1.6000e-03  1.7000e-03  1.8000e-03  1.9000e-03
  8  1.0000e-03  1.1000e-03  1.2000e-03  1.3000e-03  1.4000e-03  1.5000e-03  1.6000e-03  1.7000e-03  1.8000e-03  1.9000e-03
  7  1.0000e-03  1.1000e-03  1.2000e-03  1.3000e-03  1.4000e-03  1.5000e-03  1.6000e-03  1.7000e-03  1.8000e-03  1.9000e-03
  6  1.0000e-03  1.1000e-03  1.2000e-03  1.3000e-03  1.4000e-03  1.5000e-03  1.6000e-03  1.7000e-03  1.8000e-03  1.9000e-03
  5  1.0000e-03  1.1000e-03  1.2000e-03  1.3000e-03  1.4000e-03  1.5000e-03  1.6000e-03  1.7000e-03  1.8000e-03  1.9000e-03
  4  1.0000e-03  1.1000e-03  1.2000e-03  1.3000e-03  1.4000e-03  1.5000e-03  1.6000e-03  1.7000e-03  1.8000e-03  1.9000e-03
  3  1.0000e-03  1.1000e-03  1.2000e-03  1.3000e-03  1.4000e-03  1.5000e-03  1.6000e-03  1.7000e-03  1.8000e-03  1.9000e-03
  2  1.0000e-03  1.1000e-03  1.2000e-03  1.3000e-03  1.4000e-03  1.5000e-03  1.6000e-03  1.7000e-03  1.8000e-03  1.9000e-03
  1  1.0000e-03  1.1000e-03  1.2000e-03  1.3000e-03  1.4000e-03  1.5000e-03  1.6000e-03  1.7000e-03  1.8000e-03  1.9000e-03



          11
 11  2.0000e-03
 10  2.0000e-03
  9  2.0000e-03
  8  2.0000e-03
  7  2.0000e-03
  6  2.0000e-03
  5  2.0000e-03
  4  2.0000e-03
  3  2.0000e-03
  2  2.0000e-03
  1  2.0000e-03



                              Initial Molality (mol/kgw)

                              Component: Charge    

                    Areal Layers

                                                            K =  1

           1           2           3           4           5           6           7           8           9          10
 11 -3.6579e-10 -3.8977e-10 -4.1375e-10 -4.3772e-10 -4.6170e-10 -4.8568e-10 -5.0966e-10 -5.3363e-10 -5.5761e-10 -5.8159e-10
 10 -3.6579e-10 -3.8977e-10 -4.1375e-10 -4.3772e-10 -4.6170e-10 -4.8568e-10 -5.0966e-10 -5.3363e-10 -5.5761e-10 -5.8159e-10
  9 -3.6579e-10 -3.8977e-10 -4.1375e-10 -4.3772e-10 -4.6170e-10 -4.8568e-10 -5.0966e-10 -5.3363e-10 -5.5761e-10 -5.8159e-10
  8 -3.6579e-10 -3.8977e-10 -4.1375e-10 -4.3772e-10 -4.6170e-10 -4.8568e-10 -5.0966e-10 -5.3363e-10 -5.5761e-10 -5.8159e-10
  7 -3.6579e-10 -3.8977e-10 -4.1375e-10 -4.3772e-10 -4.6170e-10 -4.8568e-10 -5.0966e-10 -5.3363e-10 -5.5761e-10 -5.8159e-10
  6 -3.6579e-10 -3.8977e-10 -4.1375e-10 -4.3772e-10 -4.6170e-10 -4.8568e-10 -5.0966e-10 -5.3363e-10 -5.5761e-10 -5.8159e-10
  5 -3.6579e-10 -3.8977e-10 -4.1375e-10 -4.3772e-10 -4.6170e-10 -4.8568e-10 -5.0966e-10 -5.3363e-10 -5.5761e-10 -5.8159e-10
  4 -3.6579e-10 -3.8977e-10 -4.1375e-10 -4.3772e-10 -4.6170e-10 -4.8568e-10 -5.0966e-10 -5.3363e-10 -5.5761e-10 -5.8159e-10
  3 -3.6579e-10 -3.8977e-10 -4.1375e-10 -4.3772e-10 -4.6170e-10 -4.8568e-10 -5.0966e-10 -5.3363e-10 -5.5761e-10 -5.8159e-10
  2 -3.6579e-10 -3.8977e-10 -4.1375e-10 -4.3772e-10 -4.6170e-10 -4.8568e-10 -5.0966e-10 -5.3363e-10 -5.5761e-10 -5.8159e-10
  1 -3.6579e-10 -3.8977e-10 -4.1375e-10 -4.3772e-10 -4.6170e-10 -4.8568e-10 -5.0966e-10 -5.3363e-10 -5.5761e-10 -5.8159e-10



          11
 11 -6.0556e-10
 10 -6.0556e-10
  9 -6.0556e-10
  8 -6.0556e-10
  7 -6.0556e-10
  6 -6.0556e-10
  5 -6.0556e-10
  4 -6.0556e-10
  3 -6.0556e-10
  2 -6.0556e-10
  1 -6.0556e-10

                                                            K =  2

           1           2           3           4           5           6           7           8           9          10
 11 -3.6579e-10 -3.8977e-10 -4.1375e-10 -4.3772e-10 -4.6170e-10 -4.8568e-10 -5.0966e-10 -5.3363e-10 -5.5761e-10 -5.8159e-10
 10 -3.6579e-10 -3.8977e-10 -4.1375e-10 -4.3772e-10 -4.6170e-10 -4.8568e-10 -5.0966e-10 -5.3363e-10 -5.5761e-10 -5.8159e-10
  9 -3.6579e-10 -3.8977e-10 -4.1375e-10 -4.3772e-10 -4.6170e-10 -4.8568e-10 -5.0966e-10 -5.3363e-10 -5.5761e-10 -5.8159e-10
  8 -3.6579e-10 -3.8977e-10 -4.1375e-10 -4.3772e-10 -4.6170e-10 -4.8568e-10 -5.0966e-10 -5.3363e-10 -5.5761e-10 -5.8159e-10
  7 -3.6579e-10 -3.8977e-10 -4.1375e-10 -4.3772e-10 -4.6170e-10 -4.8568e-10 -5.0966e-10 -5.3363e-10 -5.5761e-10 -5.8159e-10
  6 -3.6579e-10 -3.8977e-10 -4.1375e-10 -4.3772e-10 -4.6170e-10 -4.8568e-10 -5.0966e-10 -5.3363e-10 -5.5761e-10 -5.8159e-10
  5 -3.6579e-10 -3.8977e-10 -4.1375e-10 -4.3772e-10 -4.6170e-10 -4.8568e-10 -5.0966e-10 -5.3363e-10 -5.5761e-10 -5.8159e-10
  4 -3.6579e-10 -3.8977e-10 -4.1375e-10 -4.3772e-10 -4.6170e-10 -4.8568e-10 -5.0966e-10 -5.3363e-10 -5.5761e-10 -5.8159e-10
  3 -3.6579e-10 -3.8977e-10 -4.1375e-10 -4.3772e-10 -4.6170e-10 -4.8568e-10 -5.0966e-10 -5.3363e-10 -5.5761e-10 -5.8159e-10
  2 -3.6579e-10 -3.8977e-10 -4.1375e-10 -4.3772e-10 -4.6170e-10 -4.8568e-10 -5.0966e-10 -5.3363e-10 -5.5761e-10 -5.8159e-10
  1 -3.6579e-10 -3.8977e-10 -4.1375e-10 -4.3772e-10 -4.6170e-10 -4.8568e-10 -5.0966e-10 -5.3363e-10 -5.5761e-10 -5.8159e-10



          11
 11 -6.0556e-10
 10 -6.0556e-10
  9 -6.0556e-10
  8 -6.0556e-10
  7 -6.0556e-10
  6 -6.0556e-10
  5 -6.0556e-10
  4 -6.0556e-10
  3 -6.0556e-10
  2 -6.0556e-10
  1 -6.0556e-10



                              *** Output at End of Time Step No.     1 ***

     Time .......................................................   0.500      (s)
     Maximum change in H         molality ....  2.6331e-10 (mol/kgw)   at location ( 0.000e+00,  10.0    , 0.000e+00)(m )

                              Molality (mol/kgw)

                              Component: H         

                    Areal Layers

                                                            K =  1

           1           2           3           4           5           6           7           8           9          10
 11 2.07529e-07 2.07538e-07 2.07816e-07 2.08098e-07 2.08381e-07 2.08663e-07 2.08945e-07 2.09228e-07 2.09510e-07 2.09792e-07
 10 2.07529e-07 2.07538e-07 2.07816e-07 2.08098e-07 2.08381e-07 2.08663e-07 2.08945e-07 2.09228e-07 2.09510e-07 2.09792e-07
  9 2.07529e-07 2.07538e-07 2.07816e-07 2.08098e-07 2.08381e-07 2.08663e-07 2.08945e-07 2.09228e-07 2.09510e-07 2.09792e-07
  8 2.07529e-07 2.07538e-07 2.07816e-07 2.08098e-07 2.08381e-07 2.08663e-07 2.08945e-07 2.09228e-07 2.09510e-07 2.09792e-07
  7 2.07529e-07 2.07538e-07 2.07816e-07 2.08098e-07 2.08381e-07 2.08663e-07 2.08945e-07 2.09228e-07 2.09510e-07 2.09792e-07
  6 2.07392e-07 2.07536e-07 2.07816e-07 2.08098e-07 2.08381e-07 2.08663e-07 2.08945e-07 2.09228e-07 2.09510e-07 2.09792e-07
  5 2.07255e-07 2.07534e-07 2.07816e-07 2.08098e-07 2.08381e-07 2.08663e-07 2.08945e-07 2.09228e-07 2.09510e-07 2.09792e-07
  4 2.07255e-07 2.07534e-07 2.07816e-07 2.08098e-07 2.08381e-07 2.08663e-07 2.08945e-07 2.09228e-07 2.09510e-07 2.09792e-07
  3 2.07255e-07 2.07534e-07 2.07816e-07 2.08098e-07 2.08381e-07 2.08663e-07 2.08945e-07 2.09228e-07 2.09510e-07 2.09792e-07
  2 2.07255e-07 2.07534e-07 2.07816e-07 2.08098e-07 2.08381e-07 2.08663e-07 2.08945e-07 2.09228e-07 2.09510e-07 2.09792e-07
  1 2.07255e-07 2.07534e-07 2.07816e-07 2.08098e-07 2.08381e-07 2.08663e-07 2.08945e-07 2.09228e-07 2.09510e-07 2.09792e-07



          11
 11 2.10072e-07
 10 2.10072e-07
  9 2.10072e-07
  8 2.10072e-07
  7 2.10072e-07
  6 2.10072e-07
  5 2.10072e-07
  4 2.10072e-07
  3 2.10072e-07
  2 2.10072e-07
  1 2.10072e-07

                                                            K =  2

           1           2           3           4           5           6           7           8           9          10
 11 2.07529e-07 2.07538e-07 2.07816e-07 2.08098e-07 2.08381e-07 2.08663e-07 2.08945e-07 2.09228e-07 2.09510e-07 2.09792e-07
 10 2.07529e-07 2.07538e-07 2.07816e-07 2.08098e-07 2.08381e-07 2.08663e-07 2.08945e-07 2.09228e-07 2.09510e-07 2.09792e-07
  9 2.07529e-07 2.07538e-07 2.07816e-07 2.08098e-07 2.08381e-07 2.08663e-07 2.08945e-07 2.09228e-07 2.09510e-07 2.09792e-07
  8 2.07529e-07 2.07538e-07 2.07816e-07 2.08098e-07 2.08381e-07 2.08663e-07 2.08945e-07 2.09228e-07 2.09510e-07 2.09792e-07
  7 2.07529e-07 2.07538e-07 2.07816e-07 2.08098e-07 2.08381e-07 2.08663e-07 2.08945e-07 2.09228e-07 2.09510e-07 2.09792e-07
  6 2.07392e-07 2.07536e-07 2.07816e-07 2.08098e-07 2.08381e-07 2.08663e-07 2.08945e-07 2.09228e-07 2.09510e-07 2.09792e-07
  5 2.07255e-07 2.07534e-07 2.07816e-07 2.08098e-07 2.08381e-07 2.08663e-07 2.08945e-07 2.09228e-07 2.09510e-07 2.09792e-07
  4 2.07255e-07 2.07534e-07 2.07816e-07 2.08098e-07 2.08381e-07 2.08663e-07 2.08945e-07 2.09228e-07 2.09510e-07 2.09792e-07
  3 2.07255e-07 2.07534e-07 2.07816e-07 2.08098e-07 2.08381e-07 2.08663e-07 2.08945e-07 2.09228e-07 2.09510e-07 2.09792e-07
  2 2.07255e-07 2.07534e-07 2.07816e-07 2.08098e-07 2.08381e-07 2.08663e-07 2.08945e-07 2.09228e-07 2.09510e-07 2.09792e-07
  1 2.07255e-07 2.07534e-07 2.07816e-07 2.08098e-07 2.08381e-07 2.08663e-07 2.08945e-07 2.09228e-07 2.09510e-07 2.09792e-07



          11
 11 2.10072e-07
 10 2.10072e-07
  9 2.10072e-07
  8 2.10072e-07
  7 2.10072e-07
  6 2.10072e-07
  5 2.10072e-07
  4 2.10072e-07
  3 2.10072e-07
  2 2.10072e-07
  1 2.10072e-07


     Maximum change in O         molality ....  1.4284e-10 (mol/kgw)   at location ( 0.000e+00,  10.0    , 0.000e+00)(m )

                              Molality (mol/kgw)

                              Component: O         

                    Areal Layers

                                                            K =  1

           1           2           3           4           5           6           7           8           9          10
 11 1.03959e-07 1.03963e-07 1.04114e-07 1.04267e-07 1.04421e-07 1.04574e-07 1.04728e-07 1.04880e-07 1.05034e-07 1.05187e-07
 10 1.03959e-07 1.03963e-07 1.04114e-07 1.04267e-07 1.04421e-07 1.04574e-07 1.04728e-07 1.04880e-07 1.05034e-07 1.05187e-07
  9 1.03959e-07 1.03963e-07 1.04114e-07 1.04267e-07 1.04421e-07 1.04574e-07 1.04728e-07 1.04880e-07 1.05034e-07 1.05187e-07
  8 1.03958e-07 1.03963e-07 1.04114e-07 1.04267e-07 1.04421e-07 1.04574e-07 1.04728e-07 1.04880e-07 1.05034e-07 1.05187e-07
  7 1.03958e-07 1.03963e-07 1.04114e-07 1.04267e-07 1.04421e-07 1.04574e-07 1.04728e-07 1.04880e-07 1.05034e-07 1.05187e-07
  6 1.03884e-07 1.03962e-07 1.04114e-07 1.04267e-07 1.04421e-07 1.04574e-07 1.04728e-07 1.04880e-07 1.05034e-07 1.05187e-07
  5 1.03810e-07 1.03961e-07 1.04114e-07 1.04267e-07 1.04421e-07 1.04574e-07 1.04728e-07 1.04880e-07 1.05034e-07 1.05187e-07
  4 1.03810e-07 1.03961e-07 1.04114e-07 1.04267e-07 1.04421e-07 1.04574e-07 1.04728e-07 1.04880e-07 1.05034e-07 1.05187e-07
  3 1.03810e-07 1.03961e-07 1.04114e-07 1.04267e-07 1.04421e-07 1.04574e-07 1.04728e-07 1.04880e-07 1.05034e-07 1.05187e-07
  2 1.03810e-07 1.03961e-07 1.04114e-07 1.04267e-07 1.04421e-07 1.04574e-07 1.04728e-07 1.04880e-07 1.05034e-07 1.05187e-07
  1 1.03810e-07 1.03961e-07 1.04114e-07 1.04267e-07 1.04421e-07 1.04574e-07 1.04728e-07 1.04880e-07 1.05034e-07 1.05187e-07



          11
 11 1.05348e-07
 10 1.05348e-07
  9 1.05348e-07
  8 1.05348e-07
  7 1.05348e-07
  6 1.05348e-07
  5 1.05348e-07
  4 1.05348e-07
  3 1.05348e-07
  2 1.05348e-07
  1 1.05348e-07

                                                            K =  2

           1           2           3           4           5           6           7           8           9          10
 11 1.03959e-07 1.03963e-07 1.04114e-07 1.04267e-07 1.04421e-07 1.04574e-07 1.04728e-07 1.04880e-07 1.05034e-07 1.05187e-07
 10 1.03959e-07 1.03963e-07 1.04114e-07 1.04267e-07 1.04421e-07 1.04574e-07 1.04728e-07 1.04880e-07 1.05034e-07 1.05187e-07
  9 1.03959e-07 1.03963e-07 1.04114e-07 1.04267e-07 1.04421e-07 1.04574e-07 1.04728e-07 1.04880e-07 1.05034e-07 1.05187e-07
  8 1.03958e-07 1.03963e-07 1.04114e-07 1.04267e-07 1.04421e-07 1.04574e-07 1.04728e-07 1.04880e-07 1.05034e-07 1.05187e-07
  7 1.03958e-07 1.03963e-07 1.04114e-07 1.04267e-07 1.04421e-07 1.04574e-07 1.04728e-07 1.04880e-07 1.05034e-07 1.05187e-07
  6 1.03884e-07 1.03962e-07 1.04114e-07 1.04267e-07 1.04421e-07 1.04574e-07 1.04728e-07 1.04880e-07 1.05034e-07 1.05187e-07
  5 1.03810e-07 1.03961e-07 1.04114e-07 1.04267e-07 1.04421e-07 1.04574e-07 1.04728e-07 1.04880e-07 1.05034e-07 1.05187e-07
  4 1.03810e-07 1.03961e-07 1.04114e-07 1.04267e-07 1.04421e-07 1.04574e-07 1.04728e-07 1.04880e-07 1.05034e-07 1.05187e-07
  3 1.03810e-07 1.03961e-07 1.04114e-07 1.04267e-07 1.04421e-07 1.04574e-07 1.04728e-07 1.04880e-07 1.05034e-07 1.05187e-07
  2 1.03810e-07 1.03961e-07 1.04114e-07 1.04267e-07 1.04421e-07 1.04574e-07 1.04728e-07 1.04880e-07 1.05034e-07 1.05187e-07
  1 1.03810e-07 1.03961e-07 1.04114e-07 1.04267e-07 1.04421e-07 1.04574e-07 1.04728e-07 1.04880e-07 1.05034e-07 1.05187e-07



          11
 11 1.05348e-07
 10 1.05348e-07
  9 1.05348e-07
  8 1.05348e-07
  7 1.05348e-07
  6 1.05348e-07
  5 1.05348e-07
  4 1.05348e-07
  3 1.05348e-07
  2 1.05348e-07
  1 1.05348e-07


     Maximum change in Cl        molality ....  9.3272e-05 (mol/kgw)   at location ( 0.000e+00,  10.0    , 0.000e+00)(m )

                              Molality (mol/kgw)

                              Component: Cl        

                    Areal Layers

                                                            K =  1

           1           2           3           4           5           6           7           8           9          10
 11 1.09327e-03 1.09647e-03 1.19502e-03 1.29500e-03 1.39500e-03 1.49500e-03 1.59500e-03 1.69500e-03 1.79500e-03 1.89501e-03
 10 1.09327e-03 1.09647e-03 1.19502e-03 1.29500e-03 1.39500e-03 1.49500e-03 1.59500e-03 1.69500e-03 1.79500e-03 1.89501e-03
  9 1.09327e-03 1.09647e-03 1.19502e-03 1.29500e-03 1.39500e-03 1.49500e-03 1.59500e-03 1.69500e-03 1.79500e-03 1.89501e-03
  8 1.09327e-03 1.09647e-03 1.19502e-03 1.29500e-03 1.39500e-03 1.49500e-03 1.59500e-03 1.69500e-03 1.79500e-03 1.89501e-03
  7 1.09316e-03 1.09646e-03 1.19502e-03 1.29500e-03 1.39500e-03 1.49500e-03 1.59500e-03 1.69500e-03 1.79500e-03 1.89501e-03
  6 1.04474e-03 1.09574e-03 1.19501e-03 1.29500e-03 1.39500e-03 1.49500e-03 1.59500e-03 1.69500e-03 1.79500e-03 1.89501e-03
  5 9.96330e-04 1.09502e-03 1.19500e-03 1.29500e-03 1.39500e-03 1.49500e-03 1.59500e-03 1.69500e-03 1.79500e-03 1.89501e-03
  4 9.96214e-04 1.09502e-03 1.19500e-03 1.29500e-03 1.39500e-03 1.49500e-03 1.59500e-03 1.69500e-03 1.79500e-03 1.89501e-03
  3 9.96213e-04 1.09502e-03 1.19500e-03 1.29500e-03 1.39500e-03 1.49500e-03 1.59500e-03 1.69500e-03 1.79500e-03 1.89501e-03
  2 9.96213e-04 1.09502e-03 1.19500e-03 1.29500e-03 1.39500e-03 1.49500e-03 1.59500e-03 1.69500e-03 1.79500e-03 1.89501e-03
  1 9.96213e-04 1.09502e-03 1.19500e-03 1.29500e-03 1.39500e-03 1.49500e-03 1.59500e-03 1.69500e-03 1.79500e-03 1.89501e-03



          11
 11 1.99403e-03
 10 1.99403e-03
  9 1.99403e-03
  8 1.99403e-03
  7 1.99403e-03
  6 1.99403e-03
  5 1.99403e-03
  4 1.99403e-03
  3 1.99403e-03
  2 1.99403e-03
  1 1.99403e-03

                                                            K =  2

           1           2           3           4           5           6           7           8           9          10
 11 1.09327e-03 1.09647e-03 1.19502e-03 1.29500e-03 1.39500e-03 1.49500e-03 1.59500e-03 1.69500e-03 1.79500e-03 1.89501e-03
 10 1.09327e-03 1.09647e-03 1.19502e-03 1.29500e-03 1.39500e-03 1.49500e-03 1.59500e-03 1.69500e-03 1.79500e-03 1.89501e-03
  9 1.09327e-03 1.09647e-03 1.19502e-03 1.29500e-03 1.39500e-03 1.49500e-03 1.59500e-03 1.69500e-03 1.79500e-03 1.89501e-03
  8 1.09327e-03 1.09647e-03 1.19502e-03 1.29500e-03 1.39500e-03 1.49500e-03 1.59500e-03 1.69500e-03 1.79500e-03 1.89501e-03
  7 1.09316e-03 1.09646e-03 1.19502e-03 1.29500e-03 1.39500e-03 1.49500e-03 1.59500e-03 1.69500e-03 1.79500e-03 1.89501e-03
  6 1.04474e-03 1.09574e-03 1.19501e-03 1.29500e-03 1.39500e-03 1.49500e-03 1.59500e-03 1.69500e-03 1.79500e-03 1.89501e-03
  5 9.96330e-04 1.09502e-03 1.19500e-03 1.29500e-03 1.39500e-03 1.49500e-03 1.59500e-03 1.69500e-03 1.79500e-03 1.89501e-03
  4 9.96214e-04 1.09502e-03 1.19500e-03 1.29500e-03 1.39500e-03 1.49500e-03 1.59500e-03 1.69500e-03 1.79500e-03 1.89501e-03
  3 9.96213e-04 1.09502e-03 1.19500e-03 1.29500e-03 1.39500e-03 1.49500e-03 1.59500e-03 1.69500e-03 1.79500e-03 1.89501e-03
  2 9.96213e-04 1.09502e-03 1.19500e-03 1.29500e-03 1.39500e-03 1.49500e-03 1.59500e-03 1.69500e-03 1.79500e-03 1.89501e-03
  1 9.96213e-04 1.09502e-03 1.19500e-03 1.29500e-03 1.39500e-03 1.49500e-03 1.59500e-03 1.69500e-03 1.79500e-03 1.89501e-03



          11
 11 1.99403e-03
 10 1.99403e-03
  9 1.99403e-03
  8 1.99403e-03
  7 1.99403e-03
  6 1.99403e-03
  5 1.99403e-03
  4 1.99403e-03
  3 1.99403e-03
  2 1.99403e-03
  1 1.99403e-03


     Maximum change in Na        molality ....  9.3272e-05 (mol/kgw)   at location ( 0.000e+00,  10.0    , 0.000e+00)(m )

                              Molality (mol/kgw)

                              Component: Na        

                    Areal Layers

                                                            K =  1

           1           2           3           4           5           6           7           8           9          10
 11 1.09327e-03 1.09647e-03 1.19502e-03 1.29500e-03 1.39500e-03 1.49500e-03 1.59500e-03 1.69500e-03 1.79500e-03 1.89501e-03
 10 1.09327e-03 1.09647e-03 1.19502e-03 1.29500e-03 1.39500e-03 1.49500e-03 1.59500e-03 1.69500e-03 1.79500e-03 1.89501e-03
  9 1.09327e-03 1.09647e-03 1.19502e-03 1.29500e-03 1.39500e-03 1.49500e-03 1.59500e-03 1.69500e-03 1.79500e-03 1.89501e-03
  8 1.09327e-03 1.09647e-03 1.19502e-03 1.29500e-03 1.39500e-03 1.49500e-03 1.59500e-03 1.69500e-03 1.79500e-03 1.89501e-03
  7 1.09316e-03 1.09646e-03 1.19502e-03 1.29500e-03 1.39500e-03 1.49500e-03 1.59500e-03 1.69500e-03 1.79500e-03 1.89501e-03
  6 1.04474e-03 1.09574e-03 1.19501e-03 1.29500e-03 1.39500e-03 1.49500e-03 1.59500e-03 1.69500e-03 1.79500e-03 1.89501e-03
  5 9.96330e-04 1.09502e-03 1.19500e-03 1.29500e-03 1.39500e-03 1.49500e-03 1.59500e-03 1.69500e-03 1.79500e-03 1.89501e-03
  4 9.96214e-04 1.09502e-03 1.19500e-03 1.29500e-03 1.39500e-03 1.49500e-03 1.59500e-03 1.69500e-03 1.79500e-03 1.89501e-03
  3 9.96213e-04 1.09502e-03 1.19500e-03 1.29500e-03 1.39500e-03 1.49500e-03 1.59500e-03 1.69500e-03 1.79500e-03 1.89501e-03
  2 9.96213e-04 1.09502e-03 1.19500e-03 1.29500e-03 1.39500e-03 1.49500e-03 1.59500e-03 1.69500e-03 1.79500e-03 1.89501e-03
  1 9.96213e-04 1.09502e-03 1.19500e-03 1.29500e-03 1.39500e-03 1.49500e-03 1.59500e-03 1.69500e-03 1.79500e-03 1.89501e-03



          11
 11 1.99403e-03
 10 1.99403e-03
  9 1.99403e-03
  8 1.99403e-03
  7 1.99403e-03
  6 1.99403e-03
  5 1.99403e-03
  4 1.99403e-03
  3 1.99403e-03
  2 1.99403e-03
  1 1.99403e-03

                                                            K =  2

           1           2           3           4           5           6           7           8           9          10
 11 1.09327e-03 1.09647e-03 1.19502e-03 1.29500e-03 1.39500e-03 1.49500e-03 1.59500e-03 1.69500e-03 1.79500e-03 1.89501e-03
 10 1.09327e-03 1.09647e-03 1.19502e-03 1.29500e-03 1.39500e-03 1.49500e-03 1.59500e-03 1.69500e-03 1.79500e-03 1.89501e-03
  9 1.09327e-03 1.09647e-03 1.19502e-03 1.29500e-03 1.39500e-03 1.49500e-03 1.59500e-03 1.69500e-03 1.79500e-03 1.89501e-03
  8 1.09327e-03 1.09647e-03 1.19502e-03 1.29500e-03 1.39500e-03 1.49500e-03 1.59500e-03 1.69500e-03 1.79500e-03 1.89501e-03
  7 1.09316e-03 1.09646e-03 1.19502e-03 1.29500e-03 1.39500e-03 1.49500e-03 1.59500e-03 1.69500e-03 1.79500e-03 1.89501e-03
  6 1.04474e-03 1.09574e-03 1.19501e-03 1.29500e-03 1.39500e-03 1.49500e-03 1.59500e-03 1.69500e-03 1.79500e-03 1.89501e-03
  5 9.96330e-04 1.09502e-03 1.19500e-03 1.29500e-03 1.39500e-03 1.49500e-03 1.59500e-03 1.69500e-03 1.79500e-03 1.89501e-03
  4 9.96214e-04 1.09502e-03 1.19500e-03 1.29500e-03 1.39500e-03 1.49500e-03 1.59500e-03 1.69500e-03 1.79500e-03 1.89501e-03
  3 9.96213e-04 1.09502e-03 1.19500e-03 1.29500e-03 1.39500e-03 1.49500e-03 1.59500e-03 1.69500e-03 1.79500e-03 1.89501e-03
  2 9.96213e-04 1.09502e-03 1.19500e-03 1.29500e-03 1.39500e-03 1.49500e-03 1.59500e-03 1.69500e-03 1.79500e-03 1.89501e-03
  1 9.96213e-04 1.09502e-03 1.19500e-03 1.29500e-03 1.39500e-03 1.49500e-03 1.59500e-03 1.69500e-03 1.79500e-03 1.89501e-03



          11
 11 1.99403e-03
 10 1.99403e-03
  9 1.99403e-03
  8 1.99403e-03
  7 1.99403e-03
  6 1.99403e-03
  5 1.99403e-03
  4 1.99403e-03
  3 1.99403e-03
  2 1.99403e-03
  1 1.99403e-03


     Maximum change in Charge    molality .... -2.2364e-11 (mol/kgw)   at location ( 0.000e+00,  10.0    , 0.000e+00)(m )

                              Molality (mol/kgw)

                              Component: Charge    

                    Areal Layers

                                                            K =  1

           1           2           3           4           5           6           7           8           9          10
 11-3.88157e-10-3.88991e-10-4.12695e-10-4.36673e-10-4.60655e-10-4.84636e-10-5.08618e-10-5.32599e-10-5.56581e-10-5.80563e-10
 10-3.88157e-10-3.88991e-10-4.12695e-10-4.36673e-10-4.60655e-10-4.84636e-10-5.08618e-10-5.32599e-10-5.56581e-10-5.80563e-10
  9-3.88157e-10-3.88991e-10-4.12695e-10-4.36673e-10-4.60655e-10-4.84636e-10-5.08618e-10-5.32599e-10-5.56581e-10-5.80563e-10
  8-3.88157e-10-3.88991e-10-4.12695e-10-4.36673e-10-4.60655e-10-4.84636e-10-5.08618e-10-5.32599e-10-5.56581e-10-5.80563e-10
  7-3.88129e-10-3.88991e-10-4.12695e-10-4.36673e-10-4.60655e-10-4.84636e-10-5.08618e-10-5.32599e-10-5.56581e-10-5.80563e-10
  6-3.76521e-10-3.88849e-10-4.12693e-10-4.36673e-10-4.60655e-10-4.84636e-10-5.08618e-10-5.32599e-10-5.56581e-10-5.80563e-10
  5-3.64983e-10-3.88712e-10-4.12691e-10-4.36673e-10-4.60655e-10-4.84636e-10-5.08618e-10-5.32599e-10-5.56581e-10-5.80563e-10
  4-3.64959e-10-3.88712e-10-4.12691e-10-4.36673e-10-4.60655e-10-4.84636e-10-5.08618e-10-5.32599e-10-5.56581e-10-5.80563e-10
  3-3.64959e-10-3.88712e-10-4.12691e-10-4.36673e-10-4.60655e-10-4.84636e-10-5.08618e-10-5.32599e-10-5.56581e-10-5.80563e-10
  2-3.64959e-10-3.88712e-10-4.12691e-10-4.36673e-10-4.60655e-10-4.84636e-10-5.08618e-10-5.32599e-10-5.56581e-10-5.80563e-10
  1-3.64959e-10-3.88712e-10-4.12691e-10-4.36673e-10-4.60655e-10-4.84636e-10-5.08618e-10-5.32599e-10-5.56581e-10-5.80563e-10



          11
 11-6.04370e-10
 10-6.04370e-10
  9-6.04370e-10
  8-6.04370e-10
  7-6.04370e-10
  6-6.04370e-10
  5-6.04370e-10
  4-6.04370e-10
  3-6.04370e-10
  2-6.04370e-10
  1-6.04370e-10

                                                            K =  2

           1           2           3           4           5           6           7           8           9          10
 11-3.88157e-10-3.88991e-10-4.12695e-10-4.36673e-10-4.60655e-10-4.84636e-10-5.08618e-10-5.32599e-10-5.56581e-10-5.80563e-10
 10-3.88157e-10-3.88991e-10-4.12695e-10-4.36673e-10-4.60655e-10-4.84636e-10-5.08618e-10-5.32599e-10-5.56581e-10-5.80563e-10
  9-3.88157e-10-3.88991e-10-4.12695e-10-4.36673e-10-4.60655e-10-4.84636e-10-5.08618e-10-5.32599e-10-5.56581e-10-5.80563e-10
  8-3.88157e-10-3.88991e-10-4.12695e-10-4.36673e-10-4.60655e-10-4.84636e-10-5.08618e-10-5.32599e-10-5.56581e-10-5.80563e-10
  7-3.88129e-10-3.88991e-10-4.12695e-10-4.36673e-10-4.60655e-10-4.84636e-10-5.08618e-10-5.32599e-10-5.56581e-10-5.80563e-10
  6-3.76521e-10-3.88849e-10-4.12693e-10-4.36673e-10-4.60655e-10-4.84636e-10-5.08618e-10-5.32599e-10-5.56581e-10-5.80563e-10
  5-3.64983e-10-3.88712e-10-4.12691e-10-4.36673e-10-4.60655e-10-4.84636e-10-5.08618e-10-5.32599e-10-5.56581e-10-5.80563e-10
  4-3.64959e-10-3.88712e-10-4.12691e-10-4.36673e-10-4.60655e-10-4.84636e-10-5.08618e-10-5.32599e-10-5.56581e-10-5.80563e-10
  3-3.64959e-10-3.88712e-10-4.12691e-10-4.36673e-10-4.60655e-10-4.84636e-10-5.08618e-10-5.32599e-10-5.56581e-10-5.80563e-10
  2-3.64959e-10-3.88712e-10-4.12691e-10-4.36673e-10-4.60655e-10-4.84636e-10-5.08618e-10-5.32599e-10-5.56581e-10-5.80563e-10
  1-3.64959e-10-3.88712e-10-4.12691e-10-4.36673e-10-4.60655e-10-4.84636e-10-5.08618e-10-5.32599e-10-5.56581e-10-5.80563e-10



          11
 11-6.04370e-10
 10-6.04370e-10
  9-6.04370e-10
  8-6.04370e-10
  7-6.04370e-10
  6-6.04370e-10
  5-6.04370e-10
  4-6.04370e-10
  3-6.04370e-10
  2-6.04370e-10
  1-6.04370e-10




                                       ***** Simulation Completed *****
               Last time value calculated ...................................... 0.5000     (s)
               Last time step index ............................................       1
