

                          .        One dimensional confined flow with leakage boundary condition          
                          .        Hand calculation and HST                                               


                              X-Direction Node Coordinates    (m)

           1           2           3           4           5
              0     100.00      200.00      300.00      400.00




                              Y-Direction Node Coordinates   (m)

           1           2           3           4           5
              0     100.00      200.00      300.00      400.00




                              Z-Direction Node Coordinates   (m)

           1           2           3           4           5
              0     100.00      200.00      300.00      400.00




                              *** Output at End of Time Step No.     2 ***

                         Time .......................................................   8.640E+04  (s  )

                         X-direction - interstitial pore velocity between X(I) and X(I+1) (m /s  )

                    Vertical Slices

                                                            J =  1

           1           2           3           4
  5       0          0          0          0   
  4       0          0          0          0   
  3  9.1581E-20 -9.1581E-20       0          0   
  2 -9.1581E-20       0          0          0   
  1  1.8316E-19       0          0          0   

                                                            J =  2

           1           2           3           4
  5       0          0          0          0   
  4       0          0          0          0   
  3       0    -9.1581E-20       0          0   
  2       0          0          0          0   
  1       0          0          0          0   

                                                            J =  3

           1           2           3           4
  5       0          0          0          0   
  4       0          0    -1.8316E-19       0   
  3       0          0    -9.1581E-20  9.1581E-20
  2       0          0          0     9.1581E-20
  1 -1.8316E-19  1.8316E-19       0          0   

                                                            J =  4

           1           2           3           4
  5       0          0          0          0   
  4       0          0          0          0   
  3       0          0    -9.1581E-20       0   
  2       0          0          0          0   
  1       0          0          0          0   

                                                            J =  5

           1           2           3           4
  5       0          0          0          0   
  4       0          0          0          0   
  3       0          0    -9.1581E-20       0   
  2       0          0          0          0   
  1       0    -1.8316E-19  1.8316E-19       0   



                         Y-direction - interstitial pore velocity between Y(J) and Y(J+1) (m /s  )

                    Vertical Slices

                                                            J =  1

           1           2           3           4           5
  5       0          0          0          0          0   
  4       0          0          0          0          0   
  3  9.1581E-20       0          0          0          0   
  2 -9.1581E-20       0          0          0          0   
  1  1.8316E-19       0          0          0          0   

                                                            J =  2

           1           2           3           4           5
  5       0          0          0          0          0   
  4       0          0          0    -1.8316E-19 -1.8316E-19
  3       0          0     9.1581E-20       0     9.1581E-20
  2       0          0          0          0     9.1581E-20
  1       0    -1.8316E-19       0          0          0   

                                                            J =  3

           1           2           3           4           5
  5       0          0          0          0          0   
  4       0          0          0     1.8316E-19  1.8316E-19
  3       0          0          0          0    -9.1581E-20
  2       0          0          0          0    -9.1581E-20
  1       0     1.8316E-19       0          0          0   

                                                            J =  4

           1           2           3           4           5
  5       0          0          0          0          0   
  4       0          0          0          0          0   
  3       0          0          0          0          0   
  2       0          0          0          0          0   
  1       0          0    -1.8316E-19       0          0   



                         Z-direction - interstitial pore velocity between Z(K) and Z(K+1) (m /s  )

                    Vertical Slices

                                                            J =  1

           1           2           3           4           5
  4  1.5429E-04  1.5429E-04  1.5429E-04  1.5429E-04  1.5429E-04
  3  1.5429E-04  1.5429E-04  1.5429E-04  1.5429E-04  1.5429E-04
  2  1.5429E-04  1.5429E-04  1.5429E-04  1.5429E-04  1.5429E-04
  1  1.5429E-04  1.5429E-04  1.5429E-04  1.5429E-04  1.5429E-04

                                                            J =  2

           1           2           3           4           5
  4  1.5429E-04  1.5429E-04  1.5429E-04  1.5429E-04  1.5429E-04
  3  1.5429E-04  1.5429E-04  1.5429E-04  1.5429E-04  1.5429E-04
  2  1.5429E-04  1.5429E-04  1.5429E-04  1.5429E-04  1.5429E-04
  1  1.5429E-04  1.5429E-04  1.5429E-04  1.5429E-04  1.5429E-04

                                                            J =  3

           1           2           3           4           5
  4  1.5429E-04  1.5429E-04  1.5429E-04  1.5429E-04  1.5429E-04
  3  1.5429E-04  1.5429E-04  1.5429E-04  1.5429E-04  1.5429E-04
  2  1.5429E-04  1.5429E-04  1.5429E-04  1.5429E-04  1.5429E-04
  1  1.5429E-04  1.5429E-04  1.5429E-04  1.5429E-04  1.5429E-04

                                                            J =  4

           1           2           3           4           5
  4  1.5429E-04  1.5429E-04  1.5429E-04  1.5429E-04  1.5429E-04
  3  1.5429E-04  1.5429E-04  1.5429E-04  1.5429E-04  1.5429E-04
  2  1.5429E-04  1.5429E-04  1.5429E-04  1.5429E-04  1.5429E-04
  1  1.5429E-04  1.5429E-04  1.5429E-04  1.5429E-04  1.5429E-04

                                                            J =  5

           1           2           3           4           5
  4  1.5429E-04  1.5429E-04  1.5429E-04  1.5429E-04  1.5429E-04
  3  1.5429E-04  1.5429E-04  1.5429E-04  1.5429E-04  1.5429E-04
  2  1.5429E-04  1.5429E-04  1.5429E-04  1.5429E-04  1.5429E-04
  1  1.5429E-04  1.5429E-04  1.5429E-04  1.5429E-04  1.5429E-04



                         X-direction - interstitial pore velocity at nodes (m /s  )

                    Vertical Slices

                                                            J =  1

           1           2           3           4           5
  5       0          0          0          0          0   
  4       0          0          0          0          0   
  3       0          0    -4.5791E-20       0          0   
  2       0    -4.5791E-20       0          0          0   
  1       0     9.1581E-20       0          0          0   

                                                            J =  2

           1           2           3           4           5
  5       0          0          0          0          0   
  4       0          0          0          0          0   
  3       0    -4.5791E-20 -4.5791E-20       0          0   
  2       0          0          0          0          0   
  1       0          0          0          0          0   

                                                            J =  3

           1           2           3           4           5
  5       0          0          0          0          0   
  4       0          0    -9.1581E-20 -9.1581E-20       0   
  3       0          0    -4.5791E-20       0          0   
  2       0          0          0     4.5791E-20       0   
  1       0          0     9.1581E-20       0          0   

                                                            J =  4

           1           2           3           4           5
  5       0          0          0          0          0   
  4       0          0          0          0          0   
  3       0          0    -4.5791E-20 -4.5791E-20       0   
  2       0          0          0          0          0   
  1       0          0          0          0          0   

                                                            J =  5

           1           2           3           4           5
  5       0          0          0          0          0   
  4       0          0          0          0          0   
  3       0          0    -4.5791E-20 -4.5791E-20       0   
  2       0          0          0          0          0   
  1       0    -9.1581E-20       0     9.1581E-20       0   



                         Y-direction - interstitial pore velocity at nodes (m /s  )

                    Vertical Slices

                                                            J =  1

           1           2           3           4           5
  5       0          0          0          0          0   
  4       0          0          0          0          0   
  3       0          0          0          0          0   
  2       0          0          0          0          0   
  1       0          0          0          0          0   

                                                            J =  2

           1           2           3           4           5
  5       0          0          0          0          0   
  4       0          0          0    -9.1581E-20 -9.1581E-20
  3  4.5791E-20       0     4.5791E-20       0     4.5791E-20
  2 -4.5791E-20       0          0          0     4.5791E-20
  1  9.1581E-20 -9.1581E-20       0          0          0   

                                                            J =  3

           1           2           3           4           5
  5       0          0          0          0          0   
  4       0          0          0          0          0   
  3       0          0     4.5791E-20       0          0   
  2       0          0          0          0          0   
  1       0          0          0          0          0   

                                                            J =  4

           1           2           3           4           5
  5       0          0          0          0          0   
  4       0          0          0     9.1581E-20  9.1581E-20
  3       0          0          0          0    -4.5791E-20
  2       0          0          0          0    -4.5791E-20
  1       0     9.1581E-20 -9.1581E-20       0          0   

                                                            J =  5

           1           2           3           4           5
  5       0          0          0          0          0   
  4       0          0          0          0          0   
  3       0          0          0          0          0   
  2       0          0          0          0          0   
  1       0          0          0          0          0   



                         Z-direction - interstitial pore velocity at nodes (m /s  )

                    Vertical Slices

                                                            J =  1

           1           2           3           4           5
  5  1.5429E-04  1.5429E-04  1.5429E-04  1.5429E-04  1.5429E-04
  4  1.5429E-04  1.5429E-04  1.5429E-04  1.5429E-04  1.5429E-04
  3  1.5429E-04  1.5429E-04  1.5429E-04  1.5429E-04  1.5429E-04
  2  1.5429E-04  1.5429E-04  1.5429E-04  1.5429E-04  1.5429E-04
  1  1.5429E-04  1.5429E-04  1.5429E-04  1.5429E-04  1.5429E-04

                                                            J =  2

           1           2           3           4           5
  5  1.5429E-04  1.5429E-04  1.5429E-04  1.5429E-04  1.5429E-04
  4  1.5429E-04  1.5429E-04  1.5429E-04  1.5429E-04  1.5429E-04
  3  1.5429E-04  1.5429E-04  1.5429E-04  1.5429E-04  1.5429E-04
  2  1.5429E-04  1.5429E-04  1.5429E-04  1.5429E-04  1.5429E-04
  1  1.5429E-04  1.5429E-04  1.5429E-04  1.5429E-04  1.5429E-04

                                                            J =  3

           1           2           3           4           5
  5  1.5429E-04  1.5429E-04  1.5429E-04  1.5429E-04  1.5429E-04
  4  1.5429E-04  1.5429E-04  1.5429E-04  1.5429E-04  1.5429E-04
  3  1.5429E-04  1.5429E-04  1.5429E-04  1.5429E-04  1.5429E-04
  2  1.5429E-04  1.5429E-04  1.5429E-04  1.5429E-04  1.5429E-04
  1  1.5429E-04  1.5429E-04  1.5429E-04  1.5429E-04  1.5429E-04

                                                            J =  4

           1           2           3           4           5
  5  1.5429E-04  1.5429E-04  1.5429E-04  1.5429E-04  1.5429E-04
  4  1.5429E-04  1.5429E-04  1.5429E-04  1.5429E-04  1.5429E-04
  3  1.5429E-04  1.5429E-04  1.5429E-04  1.5429E-04  1.5429E-04
  2  1.5429E-04  1.5429E-04  1.5429E-04  1.5429E-04  1.5429E-04
  1  1.5429E-04  1.5429E-04  1.5429E-04  1.5429E-04  1.5429E-04

                                                            J =  5

           1           2           3           4           5
  5  1.5429E-04  1.5429E-04  1.5429E-04  1.5429E-04  1.5429E-04
  4  1.5429E-04  1.5429E-04  1.5429E-04  1.5429E-04  1.5429E-04
  3  1.5429E-04  1.5429E-04  1.5429E-04  1.5429E-04  1.5429E-04
  2  1.5429E-04  1.5429E-04  1.5429E-04  1.5429E-04  1.5429E-04
  1  1.5429E-04  1.5429E-04  1.5429E-04  1.5429E-04  1.5429E-04




                                       ***** Simulation Completed *****
               Last time value calculated ...................................... 8.6400E+04 (s)
               Last time step index ............................................       2
