

                          .                                                                               
                          .                                                                               


                              X-Direction Node Coordinates    (m)

           1           2           3           4           5           6           7           8           9          10
           0.00        0.02        0.04        0.06        0.08        0.10        0.12        0.14        0.16        0.18



          11          12          13          14          15          16          17          18          19          20
           0.20        0.22        0.24        0.26        0.28        0.30        0.32        0.34        0.36        0.38



          21          22          23          24          25          26          27          28          29          30
           0.40        0.42        0.44        0.46        0.48        0.50        0.52        0.54        0.56        0.58



          31          32          33          34          35          36          37          38          39          40
           0.60        0.62        0.64        0.66        0.68        0.70        0.72        0.74        0.76        0.78



          41          42          43          44          45          46          47          48          49          50
           0.80        0.82        0.84        0.86        0.88        0.90        0.92        0.94        0.96        0.98



          51          52          53          54          55          56          57          58          59          60
           1.00        1.02        1.04        1.06        1.08        1.10        1.12        1.14        1.16        1.18



          61          62          63          64          65          66          67          68          69          70
           1.20        1.22        1.24        1.26        1.28        1.30        1.32        1.34        1.36        1.38



          71          72          73          74          75          76          77          78          79          80
           1.40        1.42        1.44        1.46        1.48        1.50        1.52        1.54        1.56        1.58



          81          82          83          84          85          86          87          88          89          90
           1.60        1.62        1.64        1.66        1.68        1.70        1.72        1.74        1.76        1.78



          91          92          93          94          95          96          97          98          99         100
           1.80        1.82        1.84        1.86        1.88        1.90        1.92        1.94        1.96        1.98



         101         102         103         104         105         106
           2.00        2.02        2.04        2.06        2.08        2.10




                              Y-Direction Node Coordinates   (m)

           1           2
           0.00        1.00




                              Z-Direction Node Coordinates   (m)

           1           2
           0.00        1.00




                              *** Output at End of Time Step No.     0 ***

                         Time .......................................................    0.00      (s  )

                         X-direction - interstitial pore velocity between X(I) and X(I+1) (m /s  )

                    Areal Layers

                                                            K =  1

           1           2           3           4           5           6           7           8           9          10
  2  2.2000E-02  2.2000E-02  2.2000E-02  2.2000E-02  2.2000E-02  2.2000E-02  2.2000E-02  2.2000E-02  2.2000E-02  2.2000E-02
  1  2.2000E-02  2.2000E-02  2.2000E-02  2.2000E-02  2.2000E-02  2.2000E-02  2.2000E-02  2.2000E-02  2.2000E-02  2.2000E-02



          11          12          13          14          15          16          17          18          19          20
  2  2.2000E-02  2.2000E-02  2.2000E-02  2.2000E-02  2.2000E-02  2.2000E-02  2.2000E-02  2.2000E-02  2.2000E-02  2.2000E-02
  1  2.2000E-02  2.2000E-02  2.2000E-02  2.2000E-02  2.2000E-02  2.2000E-02  2.2000E-02  2.2000E-02  2.2000E-02  2.2000E-02



          21          22          23          24          25          26          27          28          29          30
  2  2.2000E-02  2.2000E-02  2.2000E-02  2.2000E-02  2.2000E-02  2.2000E-02  2.2000E-02  2.2000E-02  2.2000E-02  2.2000E-02
  1  2.2000E-02  2.2000E-02  2.2000E-02  2.2000E-02  2.2000E-02  2.2000E-02  2.2000E-02  2.2000E-02  2.2000E-02  2.2000E-02



          31          32          33          34          35          36          37          38          39          40
  2  2.2000E-02  2.2000E-02  2.2000E-02  2.2000E-02  2.2000E-02  2.2000E-02  2.2000E-02  2.2000E-02  2.2000E-02  2.2000E-02
  1  2.2000E-02  2.2000E-02  2.2000E-02  2.2000E-02  2.2000E-02  2.2000E-02  2.2000E-02  2.2000E-02  2.2000E-02  2.2000E-02



          41          42          43          44          45          46          47          48          49          50
  2  2.2000E-02  2.2000E-02  2.2000E-02  2.2000E-02  2.2000E-02  2.2000E-02  2.2000E-02  2.2000E-02  2.2000E-02  2.2000E-02
  1  2.2000E-02  2.2000E-02  2.2000E-02  2.2000E-02  2.2000E-02  2.2000E-02  2.2000E-02  2.2000E-02  2.2000E-02  2.2000E-02



          51          52          53          54          55          56          57          58          59          60
  2  1.1000E-02  1.1000E-02  1.1000E-02  1.1000E-02  1.1000E-02  2.2000E-02  2.2000E-02  2.2000E-02  2.2000E-02  2.2000E-02
  1  1.1000E-02  1.1000E-02  1.1000E-02  1.1000E-02  1.1000E-02  2.2000E-02  2.2000E-02  2.2000E-02  2.2000E-02  2.2000E-02



          61          62          63          64          65          66          67          68          69          70
  2  2.2000E-02  2.2000E-02  2.2000E-02  2.2000E-02  2.2000E-02  2.2000E-02  2.2000E-02  2.2000E-02  2.2000E-02  2.2000E-02
  1  2.2000E-02  2.2000E-02  2.2000E-02  2.2000E-02  2.2000E-02  2.2000E-02  2.2000E-02  2.2000E-02  2.2000E-02  2.2000E-02



          71          72          73          74          75          76          77          78          79          80
  2  2.2000E-02  2.2000E-02  2.2000E-02  2.2000E-02  2.2000E-02  2.2000E-02  2.2000E-02  2.2000E-02  2.2000E-02  2.2000E-02
  1  2.2000E-02  2.2000E-02  2.2000E-02  2.2000E-02  2.2000E-02  2.2000E-02  2.2000E-02  2.2000E-02  2.2000E-02  2.2000E-02



          81          82          83          84          85          86          87          88          89          90
  2  2.2000E-02  2.2000E-02  2.2000E-02  2.2000E-02  2.2000E-02  2.2000E-02  2.2000E-02  2.2000E-02  2.2000E-02  2.2000E-02
  1  2.2000E-02  2.2000E-02  2.2000E-02  2.2000E-02  2.2000E-02  2.2000E-02  2.2000E-02  2.2000E-02  2.2000E-02  2.2000E-02



          91          92          93          94          95          96          97          98          99         100
  2  2.2000E-02  2.2000E-02  2.2000E-02  2.2000E-02  2.2000E-02  2.2000E-02  2.2000E-02  2.2000E-02  2.2000E-02  2.2000E-02
  1  2.2000E-02  2.2000E-02  2.2000E-02  2.2000E-02  2.2000E-02  2.2000E-02  2.2000E-02  2.2000E-02  2.2000E-02  2.2000E-02



         101         102         103         104         105
  2  2.2000E-02  2.2000E-02  2.2000E-02  2.2000E-02  2.2000E-02
  1  2.2000E-02  2.2000E-02  2.2000E-02  2.2000E-02  2.2000E-02

                                                            K =  2

           1           2           3           4           5           6           7           8           9          10
  2  2.2000E-02  2.2000E-02  2.2000E-02  2.2000E-02  2.2000E-02  2.2000E-02  2.2000E-02  2.2000E-02  2.2000E-02  2.2000E-02
  1  2.2000E-02  2.2000E-02  2.2000E-02  2.2000E-02  2.2000E-02  2.2000E-02  2.2000E-02  2.2000E-02  2.2000E-02  2.2000E-02



          11          12          13          14          15          16          17          18          19          20
  2  2.2000E-02  2.2000E-02  2.2000E-02  2.2000E-02  2.2000E-02  2.2000E-02  2.2000E-02  2.2000E-02  2.2000E-02  2.2000E-02
  1  2.2000E-02  2.2000E-02  2.2000E-02  2.2000E-02  2.2000E-02  2.2000E-02  2.2000E-02  2.2000E-02  2.2000E-02  2.2000E-02



          21          22          23          24          25          26          27          28          29          30
  2  2.2000E-02  2.2000E-02  2.2000E-02  2.2000E-02  2.2000E-02  2.2000E-02  2.2000E-02  2.2000E-02  2.2000E-02  2.2000E-02
  1  2.2000E-02  2.2000E-02  2.2000E-02  2.2000E-02  2.2000E-02  2.2000E-02  2.2000E-02  2.2000E-02  2.2000E-02  2.2000E-02



          31          32          33          34          35          36          37          38          39          40
  2  2.2000E-02  2.2000E-02  2.2000E-02  2.2000E-02  2.2000E-02  2.2000E-02  2.2000E-02  2.2000E-02  2.2000E-02  2.2000E-02
  1  2.2000E-02  2.2000E-02  2.2000E-02  2.2000E-02  2.2000E-02  2.2000E-02  2.2000E-02  2.2000E-02  2.2000E-02  2.2000E-02



          41          42          43          44          45          46          47          48          49          50
  2  2.2000E-02  2.2000E-02  2.2000E-02  2.2000E-02  2.2000E-02  2.2000E-02  2.2000E-02  2.2000E-02  2.2000E-02  2.2000E-02
  1  2.2000E-02  2.2000E-02  2.2000E-02  2.2000E-02  2.2000E-02  2.2000E-02  2.2000E-02  2.2000E-02  2.2000E-02  2.2000E-02



          51          52          53          54          55          56          57          58          59          60
  2  1.1000E-02  1.1000E-02  1.1000E-02  1.1000E-02  1.1000E-02  2.2000E-02  2.2000E-02  2.2000E-02  2.2000E-02  2.2000E-02
  1  1.1000E-02  1.1000E-02  1.1000E-02  1.1000E-02  1.1000E-02  2.2000E-02  2.2000E-02  2.2000E-02  2.2000E-02  2.2000E-02



          61          62          63          64          65          66          67          68          69          70
  2  2.2000E-02  2.2000E-02  2.2000E-02  2.2000E-02  2.2000E-02  2.2000E-02  2.2000E-02  2.2000E-02  2.2000E-02  2.2000E-02
  1  2.2000E-02  2.2000E-02  2.2000E-02  2.2000E-02  2.2000E-02  2.2000E-02  2.2000E-02  2.2000E-02  2.2000E-02  2.2000E-02



          71          72          73          74          75          76          77          78          79          80
  2  2.2000E-02  2.2000E-02  2.2000E-02  2.2000E-02  2.2000E-02  2.2000E-02  2.2000E-02  2.2000E-02  2.2000E-02  2.2000E-02
  1  2.2000E-02  2.2000E-02  2.2000E-02  2.2000E-02  2.2000E-02  2.2000E-02  2.2000E-02  2.2000E-02  2.2000E-02  2.2000E-02



          81          82          83          84          85          86          87          88          89          90
  2  2.2000E-02  2.2000E-02  2.2000E-02  2.2000E-02  2.2000E-02  2.2000E-02  2.2000E-02  2.2000E-02  2.2000E-02  2.2000E-02
  1  2.2000E-02  2.2000E-02  2.2000E-02  2.2000E-02  2.2000E-02  2.2000E-02  2.2000E-02  2.2000E-02  2.2000E-02  2.2000E-02



          91          92          93          94          95          96          97          98          99         100
  2  2.2000E-02  2.2000E-02  2.2000E-02  2.2000E-02  2.2000E-02  2.2000E-02  2.2000E-02  2.2000E-02  2.2000E-02  2.2000E-02
  1  2.2000E-02  2.2000E-02  2.2000E-02  2.2000E-02  2.2000E-02  2.2000E-02  2.2000E-02  2.2000E-02  2.2000E-02  2.2000E-02



         101         102         103         104         105
  2  2.2000E-02  2.2000E-02  2.2000E-02  2.2000E-02  2.2000E-02
  1  2.2000E-02  2.2000E-02  2.2000E-02  2.2000E-02  2.2000E-02



                         Y-direction - interstitial pore velocity between Y(J) and Y(J+1) (m /s  )

                    Areal Layers

                                                            K =  1

           1           2           3           4           5           6           7           8           9          10
  1 -4.7484E-16   0.000     -4.7484E-16   0.000     -4.7484E-16   0.000       0.000     -4.7484E-16   0.000       0.000    



          11          12          13          14          15          16          17          18          19          20
  1 -4.7484E-16 -4.7484E-16   0.000       0.000       0.000       0.000       0.000       0.000       0.000      4.7484E-16



          21          22          23          24          25          26          27          28          29          30
  1   0.000       0.000       0.000      4.7484E-16   0.000      4.7484E-16   0.000      4.7484E-16  4.7484E-16  9.4968E-16



          31          32          33          34          35          36          37          38          39          40
  1  4.7484E-16  4.7484E-16  4.7484E-16  4.7484E-16  4.7484E-16  9.4968E-16  9.4968E-16  9.4968E-16  1.4245E-15  9.4968E-16



          41          42          43          44          45          46          47          48          49          50
  1  1.4245E-15  9.4968E-16  1.4245E-15  1.4245E-15  1.4245E-15  1.4245E-15  1.4245E-15  1.4245E-15  1.4245E-15  1.4245E-15



          51          52          53          54          55          56          57          58          59          60
  1  4.7532E-16  5.9355E-19  5.9355E-19  4.7484E-19  4.7484E-19  2.6737E-16  8.0872E-16  8.0130E-16  8.1614E-16  8.1614E-16



          61          62          63          64          65          66          67          68          69          70
  1  8.1614E-16  8.2355E-16  8.0872E-16  8.0872E-16  7.9388E-16  7.8646E-16  7.7162E-16  7.6420E-16  7.3452E-16  7.0484E-16



          71          72          73          74          75          76          77          78          79          80
  1  6.7517E-16  6.5291E-16  6.2323E-16  5.9355E-16  5.5646E-16  5.1194E-16  4.7484E-16  4.3033E-16  4.0065E-16  3.6355E-16



          81          82          83          84          85          86          87          88          89          90
  1  3.2645E-16  2.8194E-16  2.3742E-16  2.0774E-16  1.7065E-16  1.4839E-16  1.1129E-16  7.4194E-17  4.4516E-17  2.9678E-17



          91          92          93          94          95          96          97          98          99         100
  1  7.4194E-18 -7.4194E-18 -2.2258E-17 -3.7097E-17 -4.4516E-17 -5.1936E-17 -5.1936E-17 -5.9355E-17 -5.1936E-17 -4.4516E-17



         101         102         103         104         105         106
  1 -5.1936E-17 -3.7097E-17 -2.9678E-17 -2.2258E-17 -7.4194E-18   0.000    

                                                            K =  2

           1           2           3           4           5           6           7           8           9          10
  1  5.6981E-15  5.2233E-15  5.6981E-15  5.2233E-15  5.6981E-15  5.2233E-15  5.6981E-15  5.2233E-15  5.6981E-15  5.6981E-15



          11          12          13          14          15          16          17          18          19          20
  1  5.2233E-15  5.2233E-15  5.2233E-15  5.2233E-15  5.2233E-15  5.2233E-15  4.7484E-15  4.7484E-15  4.7484E-15  4.7484E-15



          21          22          23          24          25          26          27          28          29          30
  1  4.2736E-15  4.2736E-15  3.7987E-15  3.3239E-15  3.7987E-15  3.3239E-15  3.3239E-15  2.8491E-15  2.8491E-15  2.8491E-15



          31          32          33          34          35          36          37          38          39          40
  1  2.3742E-15  2.3742E-15  1.8994E-15  1.8994E-15  1.8994E-15  1.8994E-15  1.4245E-15  1.4245E-15  1.4245E-15  1.4245E-15



          41          42          43          44          45          46          47          48          49          50
  1  9.4968E-16  9.4968E-16  9.4968E-16  9.4968E-16  9.4968E-16  9.4968E-16  9.4968E-16  4.7484E-16  4.7484E-16  9.4968E-16



          51          52          53          54          55          56          57          58          59          60
  1  1.5844E-16  3.5613E-19  2.3742E-19  2.3742E-19  5.9355E-20 -5.3226E-17 -1.6323E-16 -1.6694E-16 -1.6694E-16 -1.5952E-16



          61          62          63          64          65          66          67          68          69          70
  1 -1.4839E-16 -1.4097E-16 -1.3355E-16 -1.2984E-16 -1.2242E-16 -1.0016E-16 -7.7904E-17 -5.1936E-17 -3.3387E-17 -1.4839E-17



          71          72          73          74          75          76          77          78          79          80
  1   0.000      3.1533E-17  6.1210E-17  9.2743E-17  1.1686E-16  1.4097E-16  1.5766E-16  1.8549E-16  2.1516E-16  2.3742E-16



          81          82          83          84          85          86          87          88          89          90
  1  2.5782E-16  2.7452E-16  2.8565E-16  3.0049E-16  3.1533E-16  3.2645E-16  3.3016E-16  3.3480E-16  3.3109E-16  3.2831E-16



          91          92          93          94          95          96          97          98          99         100
  1  3.2645E-16  3.1996E-16  3.0791E-16  2.9678E-16  2.7823E-16  2.5968E-16  2.4206E-16  2.2026E-16  1.9569E-16  1.7157E-16



         101         102         103         104         105         106
  1  1.4375E-16  1.1639E-16  8.9033E-17  5.9123E-17  2.9562E-17   0.000    



                         Z-direction - interstitial pore velocity between Z(K) and Z(K+1) (m /s  )

                    Areal Layers

                                                            K =  1

           1           2           3           4           5           6           7           8           9          10
  2  2.9455E-15  2.4707E-15  2.9455E-15  2.4707E-15  2.9455E-15  2.4707E-15  2.4707E-15  2.4707E-15  2.4707E-15  2.4707E-15
  1 -3.2274E-15 -2.7526E-15 -3.2274E-15 -2.7526E-15 -3.2274E-15 -2.7526E-15 -3.2274E-15 -3.2274E-15 -3.2274E-15 -3.2274E-15



          11          12          13          14          15          16          17          18          19          20
  2  2.4707E-15  2.4707E-15  1.9958E-15  1.9958E-15  1.9958E-15  1.9958E-15  1.5210E-15  1.5210E-15  1.5210E-15  1.0461E-15
  1 -3.2274E-15 -3.2274E-15 -3.2274E-15 -3.2274E-15 -3.2274E-15 -3.2274E-15 -3.2274E-15 -3.2274E-15 -3.2274E-15 -3.2274E-15



          21          22          23          24          25          26          27          28          29          30
  2  1.0461E-15  1.0461E-15  5.7129E-16  9.6452E-17  5.7129E-16  9.6452E-17  9.6452E-17 -3.7839E-16 -8.5323E-16 -8.5323E-16
  1 -3.2274E-15 -3.2274E-15 -3.2274E-15 -2.7526E-15 -3.2274E-15 -2.7526E-15 -3.2274E-15 -2.7526E-15 -3.2274E-15 -2.7526E-15



          31          32          33          34          35          36          37          38          39          40
  2 -8.5323E-16 -8.5323E-16 -1.3281E-15 -1.3281E-15 -1.3281E-15 -1.8029E-15 -2.2778E-15 -1.8029E-15 -2.2778E-15 -2.2778E-15
  1 -2.7526E-15 -2.7526E-15 -2.7526E-15 -2.7526E-15 -2.7526E-15 -2.7526E-15 -2.7526E-15 -2.2778E-15 -2.2778E-15 -2.7526E-15



          41          42          43          44          45          46          47          48          49          50
  2 -2.7526E-15 -2.2778E-15 -2.7526E-15 -2.7526E-15 -2.7526E-15 -2.7526E-15 -2.7526E-15 -2.7526E-15 -3.2274E-15 -2.7526E-15
  1 -2.2778E-15 -2.2778E-15 -2.2778E-15 -2.2778E-15 -2.2778E-15 -2.2778E-15 -2.2778E-15 -1.8029E-15 -2.2778E-15 -2.2778E-15



          51          52          53          54          55          56          57          58          59          60
  2 -1.0769E-15 -1.0202E-18 -6.6404E-19 -2.4855E-19  1.8549E-20  2.5004E-16  7.4936E-16  7.4936E-16  7.4936E-16  7.6420E-16
  1 -7.6001E-16 -7.8275E-19 -3.0791E-19 -1.1129E-20  4.3404E-19  5.7187E-16  1.7139E-15  1.7213E-15  1.7361E-15  1.7436E-15



          61          62          63          64          65          66          67          68          69          70
  2  7.7904E-16  7.7904E-16  7.9388E-16  8.0130E-16  8.2355E-16  8.3097E-16  8.5323E-16  8.6807E-16  8.9033E-16  9.0517E-16
  1  1.7436E-15  1.7436E-15  1.7436E-15  1.7436E-15  1.7361E-15  1.7139E-15  1.6990E-15  1.6842E-15  1.6545E-15  1.6249E-15



          71          72          73          74          75          76          77          78          79          80
  2  9.2743E-16  9.3485E-16  9.5710E-16  9.7194E-16  9.8678E-16  1.0016E-15  1.0090E-15  1.0165E-15  1.0165E-15  1.0239E-15
  1  1.5952E-15  1.5581E-15  1.5136E-15  1.4765E-15  1.4245E-15  1.3726E-15  1.3281E-15  1.2613E-15  1.2094E-15  1.1500E-15



          81          82          83          84          85          86          87          88          89          90
  2  1.0313E-15  1.0313E-15  1.0239E-15  1.0016E-15  1.0016E-15  9.7936E-16  9.5710E-16  9.4227E-16  9.2001E-16  8.7549E-16
  1  1.0981E-15  1.0387E-15  9.7194E-16  9.1259E-16  8.5323E-16  8.0130E-16  7.4194E-16  6.8259E-16  6.3065E-16  5.7871E-16



          91          92          93          94          95          96          97          98          99         100
  2  8.4581E-16  8.0872E-16  7.6420E-16  7.1968E-16  6.7517E-16  6.2323E-16  5.6388E-16  5.1194E-16  4.5258E-16  3.8581E-16
  1  5.2678E-16  4.8226E-16  4.3033E-16  3.9323E-16  3.5613E-16  3.1162E-16  2.6710E-16  2.3000E-16  2.0774E-16  1.7065E-16



         101         102         103         104         105         106
  2  3.3387E-16  2.6710E-16  2.0032E-16  1.3355E-16  6.6775E-17   0.000    
  1  1.3355E-16  1.1129E-16  8.1614E-17  5.1936E-17  2.9678E-17   0.000    



                         X-direction - interstitial pore velocity at nodes (m /s  )

                    Areal Layers

                                                            K =  1

           1           2           3           4           5           6           7           8           9          10
  2  2.2000E-02  2.2000E-02  2.2000E-02  2.2000E-02  2.2000E-02  2.2000E-02  2.2000E-02  2.2000E-02  2.2000E-02  2.2000E-02
  1  2.2000E-02  2.2000E-02  2.2000E-02  2.2000E-02  2.2000E-02  2.2000E-02  2.2000E-02  2.2000E-02  2.2000E-02  2.2000E-02



          11          12          13          14          15          16          17          18          19          20
  2  2.2000E-02  2.2000E-02  2.2000E-02  2.2000E-02  2.2000E-02  2.2000E-02  2.2000E-02  2.2000E-02  2.2000E-02  2.2000E-02
  1  2.2000E-02  2.2000E-02  2.2000E-02  2.2000E-02  2.2000E-02  2.2000E-02  2.2000E-02  2.2000E-02  2.2000E-02  2.2000E-02



          21          22          23          24          25          26          27          28          29          30
  2  2.2000E-02  2.2000E-02  2.2000E-02  2.2000E-02  2.2000E-02  2.2000E-02  2.2000E-02  2.2000E-02  2.2000E-02  2.2000E-02
  1  2.2000E-02  2.2000E-02  2.2000E-02  2.2000E-02  2.2000E-02  2.2000E-02  2.2000E-02  2.2000E-02  2.2000E-02  2.2000E-02



          31          32          33          34          35          36          37          38          39          40
  2  2.2000E-02  2.2000E-02  2.2000E-02  2.2000E-02  2.2000E-02  2.2000E-02  2.2000E-02  2.2000E-02  2.2000E-02  2.2000E-02
  1  2.2000E-02  2.2000E-02  2.2000E-02  2.2000E-02  2.2000E-02  2.2000E-02  2.2000E-02  2.2000E-02  2.2000E-02  2.2000E-02



          41          42          43          44          45          46          47          48          49          50
  2  2.2000E-02  2.2000E-02  2.2000E-02  2.2000E-02  2.2000E-02  2.2000E-02  2.2000E-02  2.2000E-02  2.2000E-02  2.2000E-02
  1  2.2000E-02  2.2000E-02  2.2000E-02  2.2000E-02  2.2000E-02  2.2000E-02  2.2000E-02  2.2000E-02  2.2000E-02  2.2000E-02



          51          52          53          54          55          56          57          58          59          60
  2  1.6500E-02  1.1000E-02  1.1000E-02  1.1000E-02  1.1000E-02  1.6500E-02  2.2000E-02  2.2000E-02  2.2000E-02  2.2000E-02
  1  1.6500E-02  1.1000E-02  1.1000E-02  1.1000E-02  1.1000E-02  1.6500E-02  2.2000E-02  2.2000E-02  2.2000E-02  2.2000E-02



          61          62          63          64          65          66          67          68          69          70
  2  2.2000E-02  2.2000E-02  2.2000E-02  2.2000E-02  2.2000E-02  2.2000E-02  2.2000E-02  2.2000E-02  2.2000E-02  2.2000E-02
  1  2.2000E-02  2.2000E-02  2.2000E-02  2.2000E-02  2.2000E-02  2.2000E-02  2.2000E-02  2.2000E-02  2.2000E-02  2.2000E-02



          71          72          73          74          75          76          77          78          79          80
  2  2.2000E-02  2.2000E-02  2.2000E-02  2.2000E-02  2.2000E-02  2.2000E-02  2.2000E-02  2.2000E-02  2.2000E-02  2.2000E-02
  1  2.2000E-02  2.2000E-02  2.2000E-02  2.2000E-02  2.2000E-02  2.2000E-02  2.2000E-02  2.2000E-02  2.2000E-02  2.2000E-02



          81          82          83          84          85          86          87          88          89          90
  2  2.2000E-02  2.2000E-02  2.2000E-02  2.2000E-02  2.2000E-02  2.2000E-02  2.2000E-02  2.2000E-02  2.2000E-02  2.2000E-02
  1  2.2000E-02  2.2000E-02  2.2000E-02  2.2000E-02  2.2000E-02  2.2000E-02  2.2000E-02  2.2000E-02  2.2000E-02  2.2000E-02



          91          92          93          94          95          96          97          98          99         100
  2  2.2000E-02  2.2000E-02  2.2000E-02  2.2000E-02  2.2000E-02  2.2000E-02  2.2000E-02  2.2000E-02  2.2000E-02  2.2000E-02
  1  2.2000E-02  2.2000E-02  2.2000E-02  2.2000E-02  2.2000E-02  2.2000E-02  2.2000E-02  2.2000E-02  2.2000E-02  2.2000E-02



         101         102         103         104         105         106
  2  2.2000E-02  2.2000E-02  2.2000E-02  2.2000E-02  2.2000E-02  2.2000E-02
  1  2.2000E-02  2.2000E-02  2.2000E-02  2.2000E-02  2.2000E-02  2.2000E-02

                                                            K =  2

           1           2           3           4           5           6           7           8           9          10
  2  2.2000E-02  2.2000E-02  2.2000E-02  2.2000E-02  2.2000E-02  2.2000E-02  2.2000E-02  2.2000E-02  2.2000E-02  2.2000E-02
  1  2.2000E-02  2.2000E-02  2.2000E-02  2.2000E-02  2.2000E-02  2.2000E-02  2.2000E-02  2.2000E-02  2.2000E-02  2.2000E-02



          11          12          13          14          15          16          17          18          19          20
  2  2.2000E-02  2.2000E-02  2.2000E-02  2.2000E-02  2.2000E-02  2.2000E-02  2.2000E-02  2.2000E-02  2.2000E-02  2.2000E-02
  1  2.2000E-02  2.2000E-02  2.2000E-02  2.2000E-02  2.2000E-02  2.2000E-02  2.2000E-02  2.2000E-02  2.2000E-02  2.2000E-02



          21          22          23          24          25          26          27          28          29          30
  2  2.2000E-02  2.2000E-02  2.2000E-02  2.2000E-02  2.2000E-02  2.2000E-02  2.2000E-02  2.2000E-02  2.2000E-02  2.2000E-02
  1  2.2000E-02  2.2000E-02  2.2000E-02  2.2000E-02  2.2000E-02  2.2000E-02  2.2000E-02  2.2000E-02  2.2000E-02  2.2000E-02



          31          32          33          34          35          36          37          38          39          40
  2  2.2000E-02  2.2000E-02  2.2000E-02  2.2000E-02  2.2000E-02  2.2000E-02  2.2000E-02  2.2000E-02  2.2000E-02  2.2000E-02
  1  2.2000E-02  2.2000E-02  2.2000E-02  2.2000E-02  2.2000E-02  2.2000E-02  2.2000E-02  2.2000E-02  2.2000E-02  2.2000E-02



          41          42          43          44          45          46          47          48          49          50
  2  2.2000E-02  2.2000E-02  2.2000E-02  2.2000E-02  2.2000E-02  2.2000E-02  2.2000E-02  2.2000E-02  2.2000E-02  2.2000E-02
  1  2.2000E-02  2.2000E-02  2.2000E-02  2.2000E-02  2.2000E-02  2.2000E-02  2.2000E-02  2.2000E-02  2.2000E-02  2.2000E-02



          51          52          53          54          55          56          57          58          59          60
  2  1.6500E-02  1.1000E-02  1.1000E-02  1.1000E-02  1.1000E-02  1.6500E-02  2.2000E-02  2.2000E-02  2.2000E-02  2.2000E-02
  1  1.6500E-02  1.1000E-02  1.1000E-02  1.1000E-02  1.1000E-02  1.6500E-02  2.2000E-02  2.2000E-02  2.2000E-02  2.2000E-02



          61          62          63          64          65          66          67          68          69          70
  2  2.2000E-02  2.2000E-02  2.2000E-02  2.2000E-02  2.2000E-02  2.2000E-02  2.2000E-02  2.2000E-02  2.2000E-02  2.2000E-02
  1  2.2000E-02  2.2000E-02  2.2000E-02  2.2000E-02  2.2000E-02  2.2000E-02  2.2000E-02  2.2000E-02  2.2000E-02  2.2000E-02



          71          72          73          74          75          76          77          78          79          80
  2  2.2000E-02  2.2000E-02  2.2000E-02  2.2000E-02  2.2000E-02  2.2000E-02  2.2000E-02  2.2000E-02  2.2000E-02  2.2000E-02
  1  2.2000E-02  2.2000E-02  2.2000E-02  2.2000E-02  2.2000E-02  2.2000E-02  2.2000E-02  2.2000E-02  2.2000E-02  2.2000E-02



          81          82          83          84          85          86          87          88          89          90
  2  2.2000E-02  2.2000E-02  2.2000E-02  2.2000E-02  2.2000E-02  2.2000E-02  2.2000E-02  2.2000E-02  2.2000E-02  2.2000E-02
  1  2.2000E-02  2.2000E-02  2.2000E-02  2.2000E-02  2.2000E-02  2.2000E-02  2.2000E-02  2.2000E-02  2.2000E-02  2.2000E-02



          91          92          93          94          95          96          97          98          99         100
  2  2.2000E-02  2.2000E-02  2.2000E-02  2.2000E-02  2.2000E-02  2.2000E-02  2.2000E-02  2.2000E-02  2.2000E-02  2.2000E-02
  1  2.2000E-02  2.2000E-02  2.2000E-02  2.2000E-02  2.2000E-02  2.2000E-02  2.2000E-02  2.2000E-02  2.2000E-02  2.2000E-02



         101         102         103         104         105         106
  2  2.2000E-02  2.2000E-02  2.2000E-02  2.2000E-02  2.2000E-02  2.2000E-02
  1  2.2000E-02  2.2000E-02  2.2000E-02  2.2000E-02  2.2000E-02  2.2000E-02



                         Y-direction - interstitial pore velocity at nodes (m /s  )

                    Areal Layers

                                                            K =  1

           1           2           3           4           5           6           7           8           9          10
  2   0.000       0.000       0.000       0.000       0.000       0.000       0.000       0.000       0.000       0.000    
  1   0.000       0.000       0.000       0.000       0.000       0.000       0.000       0.000       0.000       0.000    



          11          12          13          14          15          16          17          18          19          20
  2   0.000       0.000       0.000       0.000       0.000       0.000       0.000       0.000       0.000       0.000    
  1   0.000       0.000       0.000       0.000       0.000       0.000       0.000       0.000       0.000       0.000    



          21          22          23          24          25          26          27          28          29          30
  2   0.000       0.000       0.000       0.000       0.000       0.000       0.000       0.000       0.000       0.000    
  1   0.000       0.000       0.000       0.000       0.000       0.000       0.000       0.000       0.000       0.000    



          31          32          33          34          35          36          37          38          39          40
  2   0.000       0.000       0.000       0.000       0.000       0.000       0.000       0.000       0.000       0.000    
  1   0.000       0.000       0.000       0.000       0.000       0.000       0.000       0.000       0.000       0.000    



          41          42          43          44          45          46          47          48          49          50
  2   0.000       0.000       0.000       0.000       0.000       0.000       0.000       0.000       0.000       0.000    
  1   0.000       0.000       0.000       0.000       0.000       0.000       0.000       0.000       0.000       0.000    



          51          52          53          54          55          56          57          58          59          60
  2   0.000       0.000       0.000       0.000       0.000       0.000       0.000       0.000       0.000       0.000    
  1   0.000       0.000       0.000       0.000       0.000       0.000       0.000       0.000       0.000       0.000    



          61          62          63          64          65          66          67          68          69          70
  2   0.000       0.000       0.000       0.000       0.000       0.000       0.000       0.000       0.000       0.000    
  1   0.000       0.000       0.000       0.000       0.000       0.000       0.000       0.000       0.000       0.000    



          71          72          73          74          75          76          77          78          79          80
  2   0.000       0.000       0.000       0.000       0.000       0.000       0.000       0.000       0.000       0.000    
  1   0.000       0.000       0.000       0.000       0.000       0.000       0.000       0.000       0.000       0.000    



          81          82          83          84          85          86          87          88          89          90
  2   0.000       0.000       0.000       0.000       0.000       0.000       0.000       0.000       0.000       0.000    
  1   0.000       0.000       0.000       0.000       0.000       0.000       0.000       0.000       0.000       0.000    



          91          92          93          94          95          96          97          98          99         100
  2   0.000       0.000       0.000       0.000       0.000       0.000       0.000       0.000       0.000       0.000    
  1   0.000       0.000       0.000       0.000       0.000       0.000       0.000       0.000       0.000       0.000    



         101         102         103         104         105         106
  2   0.000       0.000       0.000       0.000       0.000       0.000    
  1   0.000       0.000       0.000       0.000       0.000       0.000    

                                                            K =  2

           1           2           3           4           5           6           7           8           9          10
  2   0.000       0.000       0.000       0.000       0.000       0.000       0.000       0.000       0.000       0.000    
  1   0.000       0.000       0.000       0.000       0.000       0.000       0.000       0.000       0.000       0.000    



          11          12          13          14          15          16          17          18          19          20
  2   0.000       0.000       0.000       0.000       0.000       0.000       0.000       0.000       0.000       0.000    
  1   0.000       0.000       0.000       0.000       0.000       0.000       0.000       0.000       0.000       0.000    



          21          22          23          24          25          26          27          28          29          30
  2   0.000       0.000       0.000       0.000       0.000       0.000       0.000       0.000       0.000       0.000    
  1   0.000       0.000       0.000       0.000       0.000       0.000       0.000       0.000       0.000       0.000    



          31          32          33          34          35          36          37          38          39          40
  2   0.000       0.000       0.000       0.000       0.000       0.000       0.000       0.000       0.000       0.000    
  1   0.000       0.000       0.000       0.000       0.000       0.000       0.000       0.000       0.000       0.000    



          41          42          43          44          45          46          47          48          49          50
  2   0.000       0.000       0.000       0.000       0.000       0.000       0.000       0.000       0.000       0.000    
  1   0.000       0.000       0.000       0.000       0.000       0.000       0.000       0.000       0.000       0.000    



          51          52          53          54          55          56          57          58          59          60
  2   0.000       0.000       0.000       0.000       0.000       0.000       0.000       0.000       0.000       0.000    
  1   0.000       0.000       0.000       0.000       0.000       0.000       0.000       0.000       0.000       0.000    



          61          62          63          64          65          66          67          68          69          70
  2   0.000       0.000       0.000       0.000       0.000       0.000       0.000       0.000       0.000       0.000    
  1   0.000       0.000       0.000       0.000       0.000       0.000       0.000       0.000       0.000       0.000    



          71          72          73          74          75          76          77          78          79          80
  2   0.000       0.000       0.000       0.000       0.000       0.000       0.000       0.000       0.000       0.000    
  1   0.000       0.000       0.000       0.000       0.000       0.000       0.000       0.000       0.000       0.000    



          81          82          83          84          85          86          87          88          89          90
  2   0.000       0.000       0.000       0.000       0.000       0.000       0.000       0.000       0.000       0.000    
  1   0.000       0.000       0.000       0.000       0.000       0.000       0.000       0.000       0.000       0.000    



          91          92          93          94          95          96          97          98          99         100
  2   0.000       0.000       0.000       0.000       0.000       0.000       0.000       0.000       0.000       0.000    
  1   0.000       0.000       0.000       0.000       0.000       0.000       0.000       0.000       0.000       0.000    



         101         102         103         104         105         106
  2   0.000       0.000       0.000       0.000       0.000       0.000    
  1   0.000       0.000       0.000       0.000       0.000       0.000    



                         Z-direction - interstitial pore velocity at nodes (m /s  )

                    Areal Layers

                                                            K =  1

           1           2           3           4           5           6           7           8           9          10
  2   0.000       0.000       0.000       0.000       0.000       0.000       0.000       0.000       0.000       0.000    
  1   0.000       0.000       0.000       0.000       0.000       0.000       0.000       0.000       0.000       0.000    



          11          12          13          14          15          16          17          18          19          20
  2   0.000       0.000       0.000       0.000       0.000       0.000       0.000       0.000       0.000       0.000    
  1   0.000       0.000       0.000       0.000       0.000       0.000       0.000       0.000       0.000       0.000    



          21          22          23          24          25          26          27          28          29          30
  2   0.000       0.000       0.000       0.000       0.000       0.000       0.000       0.000       0.000       0.000    
  1   0.000       0.000       0.000       0.000       0.000       0.000       0.000       0.000       0.000       0.000    



          31          32          33          34          35          36          37          38          39          40
  2   0.000       0.000       0.000       0.000       0.000       0.000       0.000       0.000       0.000       0.000    
  1   0.000       0.000       0.000       0.000       0.000       0.000       0.000       0.000       0.000       0.000    



          41          42          43          44          45          46          47          48          49          50
  2   0.000       0.000       0.000       0.000       0.000       0.000       0.000       0.000       0.000       0.000    
  1   0.000       0.000       0.000       0.000       0.000       0.000       0.000       0.000       0.000       0.000    



          51          52          53          54          55          56          57          58          59          60
  2   0.000       0.000       0.000       0.000       0.000       0.000       0.000       0.000       0.000       0.000    
  1   0.000       0.000       0.000       0.000       0.000       0.000       0.000       0.000       0.000       0.000    



          61          62          63          64          65          66          67          68          69          70
  2   0.000       0.000       0.000       0.000       0.000       0.000       0.000       0.000       0.000       0.000    
  1   0.000       0.000       0.000       0.000       0.000       0.000       0.000       0.000       0.000       0.000    



          71          72          73          74          75          76          77          78          79          80
  2   0.000       0.000       0.000       0.000       0.000       0.000       0.000       0.000       0.000       0.000    
  1   0.000       0.000       0.000       0.000       0.000       0.000       0.000       0.000       0.000       0.000    



          81          82          83          84          85          86          87          88          89          90
  2   0.000       0.000       0.000       0.000       0.000       0.000       0.000       0.000       0.000       0.000    
  1   0.000       0.000       0.000       0.000       0.000       0.000       0.000       0.000       0.000       0.000    



          91          92          93          94          95          96          97          98          99         100
  2   0.000       0.000       0.000       0.000       0.000       0.000       0.000       0.000       0.000       0.000    
  1   0.000       0.000       0.000       0.000       0.000       0.000       0.000       0.000       0.000       0.000    



         101         102         103         104         105         106
  2   0.000       0.000       0.000       0.000       0.000       0.000    
  1   0.000       0.000       0.000       0.000       0.000       0.000    

                                                            K =  2

           1           2           3           4           5           6           7           8           9          10
  2   0.000       0.000       0.000       0.000       0.000       0.000       0.000       0.000       0.000       0.000    
  1   0.000       0.000       0.000       0.000       0.000       0.000       0.000       0.000       0.000       0.000    



          11          12          13          14          15          16          17          18          19          20
  2   0.000       0.000       0.000       0.000       0.000       0.000       0.000       0.000       0.000       0.000    
  1   0.000       0.000       0.000       0.000       0.000       0.000       0.000       0.000       0.000       0.000    



          21          22          23          24          25          26          27          28          29          30
  2   0.000       0.000       0.000       0.000       0.000       0.000       0.000       0.000       0.000       0.000    
  1   0.000       0.000       0.000       0.000       0.000       0.000       0.000       0.000       0.000       0.000    



          31          32          33          34          35          36          37          38          39          40
  2   0.000       0.000       0.000       0.000       0.000       0.000       0.000       0.000       0.000       0.000    
  1   0.000       0.000       0.000       0.000       0.000       0.000       0.000       0.000       0.000       0.000    



          41          42          43          44          45          46          47          48          49          50
  2   0.000       0.000       0.000       0.000       0.000       0.000       0.000       0.000       0.000       0.000    
  1   0.000       0.000       0.000       0.000       0.000       0.000       0.000       0.000       0.000       0.000    



          51          52          53          54          55          56          57          58          59          60
  2   0.000       0.000       0.000       0.000       0.000       0.000       0.000       0.000       0.000       0.000    
  1   0.000       0.000       0.000       0.000       0.000       0.000       0.000       0.000       0.000       0.000    



          61          62          63          64          65          66          67          68          69          70
  2   0.000       0.000       0.000       0.000       0.000       0.000       0.000       0.000       0.000       0.000    
  1   0.000       0.000       0.000       0.000       0.000       0.000       0.000       0.000       0.000       0.000    



          71          72          73          74          75          76          77          78          79          80
  2   0.000       0.000       0.000       0.000       0.000       0.000       0.000       0.000       0.000       0.000    
  1   0.000       0.000       0.000       0.000       0.000       0.000       0.000       0.000       0.000       0.000    



          81          82          83          84          85          86          87          88          89          90
  2   0.000       0.000       0.000       0.000       0.000       0.000       0.000       0.000       0.000       0.000    
  1   0.000       0.000       0.000       0.000       0.000       0.000       0.000       0.000       0.000       0.000    



          91          92          93          94          95          96          97          98          99         100
  2   0.000       0.000       0.000       0.000       0.000       0.000       0.000       0.000       0.000       0.000    
  1   0.000       0.000       0.000       0.000       0.000       0.000       0.000       0.000       0.000       0.000    



         101         102         103         104         105         106
  2   0.000       0.000       0.000       0.000       0.000       0.000    
  1   0.000       0.000       0.000       0.000       0.000       0.000    




                      ***** Flow and Transport Simulation Completed *****
               Last time value calculated ......................................  6000.     (s)
               Last time step index ............................................    3000
