

                          .                                                                               
                          .                                                                               


                              X-Direction Node Coordinates    (m)

           1           2           3           4           5           6           7           8           9          10
              0     6000.00    12000.00    18000.00    24000.00    30000.00    36000.00    42000.00    48000.00    54000.00



          11          12          13          14          15          16
       60000.00    66000.00    72000.00    78000.00    84000.00    90000.00




                              Y-Direction Node Coordinates   (m)

           1           2
              0    48000.00




                              Z-Direction Node Coordinates   (m)

           1           2
              0      400.00




                              *** Output at End of Time Step No.     0 ***

                         Time .......................................................   0.000e+00  (yr )

                         X-direction - interstitial pore velocity between X(I) and X(I+1) (m /yr )

                    Areal Layers

                                                            K =  1

           1           2           3           4           5           6           7           8           9          10
  2  -3.921      -3.810      -3.706      -3.611      -3.523      -3.441      -3.365      -3.293      -3.226      -3.162    
  1  -3.921      -3.810      -3.706      -3.611      -3.523      -3.441      -3.365      -3.293      -3.226      -3.162    



          11          12          13          14          15
  2  -3.103      -3.046      -2.993      -2.942      -2.899    
  1  -3.103      -3.046      -2.993      -2.942      -2.899    

                                                            K =  2

           1           2           3           4           5           6           7           8           9          10
  2  -3.920      -3.808      -3.705      -3.610      -3.522      -3.440      -3.363      -3.292      -3.225      -3.161    
  1  -3.920      -3.808      -3.705      -3.610      -3.522      -3.440      -3.363      -3.292      -3.225      -3.161    



          11          12          13          14          15
  2  -3.102      -3.045      -2.992      -2.941      -2.889    
  1  -3.102      -3.045      -2.992      -2.941      -2.889    



                         Y-direction - interstitial pore velocity between Y(J) and Y(J+1) (m /yr )

                    Areal Layers

                                                            K =  1

           1           2           3           4           5           6           7           8           9          10
  1  0.0000e+00  0.0000e+00  0.0000e+00  0.0000e+00  0.0000e+00  0.0000e+00  0.0000e+00  0.0000e+00  0.0000e+00  0.0000e+00



          11          12          13          14          15          16
  1  0.0000e+00  0.0000e+00  0.0000e+00  0.0000e+00  0.0000e+00  0.0000e+00

                                                            K =  2

           1           2           3           4           5           6           7           8           9          10
  1  0.0000e+00  0.0000e+00  1.3304e-16  6.6518e-17  4.9888e-17  0.0000e+00  1.3304e-16  0.0000e+00  0.0000e+00 -2.6607e-16



          11          12          13          14          15          16
  1  0.0000e+00  0.0000e+00  0.0000e+00  0.0000e+00  0.0000e+00  0.0000e+00



                         Z-direction - interstitial pore velocity between Z(K) and Z(K+1) (m /yr )

                    Areal Layers

                                                            K =  1

           1           2           3           4           5           6           7           8           9          10
  2 -3.7964e-03 -3.7162e-03 -3.4349e-03 -3.1720e-03 -2.9398e-03 -2.7344e-03 -2.5519e-03 -2.3888e-03 -2.2424e-03 -2.1103e-03
  1 -3.7964e-03 -3.7162e-03 -3.4349e-03 -3.1720e-03 -2.9398e-03 -2.7344e-03 -2.5519e-03 -2.3888e-03 -2.2424e-03 -2.1103e-03



          11          12          13          14          15          16
  2 -1.9907e-03 -1.8819e-03 -1.7811e-03 -1.6749e-03 -1.4454e-03  1.2659e-15
  1 -1.9907e-03 -1.8819e-03 -1.7811e-03 -1.6749e-03 -1.4454e-03  1.2659e-15



                         X-direction - interstitial pore velocity at nodes (m /yr )

                    Areal Layers

                                                            K =  1

           1           2           3           4           5           6           7           8           9          10
  2  -3.978      -3.865      -3.758      -3.659      -3.567      -3.482      -3.403      -3.329      -3.259      -3.194    
  1  -3.978      -3.865      -3.758      -3.659      -3.567      -3.482      -3.403      -3.329      -3.259      -3.194    



          11          12          13          14          15          16
  2  -3.132      -3.074      -3.019      -2.968      -2.921      -2.899    
  1  -3.132      -3.074      -3.019      -2.968      -2.921      -2.899    

                                                            K =  2

           1           2           3           4           5           6           7           8           9          10
  2                                                  -3.566      -3.481      -3.402      -3.328      -3.258      -3.193    
  1                                                  -3.566      -3.481      -3.402      -3.328      -3.258      -3.193    



          11          12          13          14          15          16
  2  -3.132      -3.074      -3.019      -2.966      -2.915      -2.851    
  1  -3.132      -3.074      -3.019      -2.966      -2.915      -2.851    



                         Y-direction - interstitial pore velocity at nodes (m /yr )

                    Areal Layers

                                                            K =  1

           1           2           3           4           5           6           7           8           9          10
  2  0.0000e+00  0.0000e+00  0.0000e+00  0.0000e+00  0.0000e+00  0.0000e+00  0.0000e+00  0.0000e+00  0.0000e+00  0.0000e+00
  1  0.0000e+00  0.0000e+00  0.0000e+00  0.0000e+00  0.0000e+00  0.0000e+00  0.0000e+00  0.0000e+00  0.0000e+00  0.0000e+00



          11          12          13          14          15          16
  2  0.0000e+00  0.0000e+00  0.0000e+00  0.0000e+00  0.0000e+00  0.0000e+00
  1  0.0000e+00  0.0000e+00  0.0000e+00  0.0000e+00  0.0000e+00  0.0000e+00

                                                            K =  2

           1           2           3           4           5           6           7           8           9          10
  2                                                  0.0000e+00  0.0000e+00  0.0000e+00  0.0000e+00  0.0000e+00  0.0000e+00
  1                                                  0.0000e+00  0.0000e+00  0.0000e+00  0.0000e+00  0.0000e+00  0.0000e+00



          11          12          13          14          15          16
  2  0.0000e+00  0.0000e+00  0.0000e+00  0.0000e+00  0.0000e+00  0.0000e+00
  1  0.0000e+00  0.0000e+00  0.0000e+00  0.0000e+00  0.0000e+00  0.0000e+00



                         Z-direction - interstitial pore velocity at nodes (m /yr )

                    Areal Layers

                                                            K =  1

           1           2           3           4           5           6           7           8           9          10
  2  0.0000e+00  0.0000e+00  0.0000e+00  0.0000e+00  0.0000e+00  0.0000e+00  0.0000e+00  0.0000e+00  0.0000e+00  0.0000e+00
  1  0.0000e+00  0.0000e+00  0.0000e+00  0.0000e+00  0.0000e+00  0.0000e+00  0.0000e+00  0.0000e+00  0.0000e+00  0.0000e+00



          11          12          13          14          15          16
  2  0.0000e+00  0.0000e+00  0.0000e+00  0.0000e+00  0.0000e+00  1.2659e-15
  1  0.0000e+00  0.0000e+00  0.0000e+00  0.0000e+00  0.0000e+00  1.2659e-15

                                                            K =  2

           1           2           3           4           5           6           7           8           9          10
  2                                                 -3.5995e-05 -1.5842e-04 -2.5177e-04 -3.2300e-04 -3.7723e-04 -4.1829e-04
  1                                                 -3.5995e-05 -1.5842e-04 -2.5177e-04 -3.2300e-04 -3.7723e-04 -4.1829e-04



          11          12          13          14          15          16
  2 -4.4907e-04 -4.7174e-04 -4.8763e-04 -4.9432e-04 -4.5521e-04  1.2659e-15
  1 -4.4907e-04 -4.7174e-04 -4.8763e-04 -4.9432e-04 -4.5521e-04  1.2659e-15




                                       ***** Simulation Completed *****
               Last time value calculated ...................................... 0.0000e+00 (yr)
               Last time step index ............................................       0
