x	y	z	t	P_uM
105.565	-281.537	8.885	2012.473	2.021
105.565	-281.537	3.097	2012.473	1.381
105.565	-281.537	3.097	2012.473	1.318
105.565	-281.537	-1.951	2012.473	0.000
105.565	-281.537	-6.587	2012.473	1.136
105.565	-281.537	-12.866	2012.473	1.632
697.632	-28.422	-20.896	2012.546	1.877
696.373	-27.501	12.558	2012.475	0.000
696.373	-27.501	11.034	2012.475	0.000
696.373	-27.501	9.510	2012.475	0.000
696.373	-27.501	9.510	2012.475	0.000
696.373	-27.501	7.995	2012.475	0.000
696.373	-27.501	7.995	2012.514	0.000
696.373	-27.501	6.471	2012.475	0.000
696.373	-27.501	4.953	2012.475	0.644
696.373	-27.501	3.429	2012.475	16.445
696.373	-27.501	1.914	2012.475	28.302
696.373	-27.501	1.914	2012.475	29.136
696.373	-27.501	0.390	2012.475	33.348
696.373	-27.501	-2.652	2012.475	3.238
696.373	-27.501	-5.697	2012.475	2.381
696.373	-27.501	-8.736	2012.475	1.313
696.373	-27.501	-11.781	2012.475	2.655
696.373	-27.501	-14.822	2012.475	3.592
696.373	-27.501	-17.867	2012.475	4.013
808.571	-268.701	0.989	2012.549	1.031
808.571	-268.701	-5.852	2012.473	1.529
808.571	-268.701	-14.801	2012.473	1.274
617.636	94.766	-15.703	2012.530	0.818
617.636	94.766	-21.400	2012.530	1.342
617.636	94.766	-27.249	2012.530	1.198
617.636	94.766	2.170	2012.333	19.133
617.636	94.766	1.561	2012.333	16.819
617.636	94.766	0.646	2012.333	14.150
617.636	94.766	-1.186	2012.333	10.027
617.636	94.766	-2.100	2012.333	10.569
617.636	94.766	-3.018	2012.333	10.853
617.636	94.766	-3.932	2012.333	10.456
617.636	94.766	-5.151	2012.333	8.287
617.636	94.766	-6.373	2012.333	5.996
617.636	94.766	-6.373	2012.333	5.783
617.636	94.766	-7.593	2012.333	4.893
617.636	94.766	-8.812	2012.333	3.708
617.636	94.766	-13.106	2012.333	1.360
617.636	94.766	-16.127	2012.333	0.821
617.636	94.766	12.311	2012.333	0.000
617.636	94.766	11.396	2012.333	0.000
617.636	94.766	10.482	2012.333	2.834
617.636	94.766	9.562	2012.333	6.742
617.636	94.766	8.647	2012.333	21.769
617.636	94.766	8.038	2012.333	23.398
617.636	94.766	7.428	2012.333	43.618
617.636	94.766	6.815	2012.333	34.045
617.636	94.766	6.206	2012.333	25.432
617.636	94.766	5.596	2012.333	25.647
617.636	94.766	5.596	2012.333	25.862
617.636	94.766	4.987	2012.333	27.035
617.636	94.766	4.377	2012.333	24.711
617.636	94.766	3.767	2012.333	23.687
617.636	94.766	3.158	2012.333	26.176
617.636	94.766	2.548	2012.333	23.225
260.080	25.269	-22.802	2012.448	5.048
260.968	22.974	-1.667	2012.393	26.862
260.968	22.974	-3.191	2012.393	1.976
260.968	22.974	-4.715	2012.393	3.255
260.968	22.974	-4.715	2012.393	3.273
260.968	22.974	-7.763	2012.393	1.689
260.968	22.974	-9.287	2012.393	1.897
260.968	22.974	-10.811	2012.393	2.079
260.968	22.974	-12.335	2012.393	3.150
260.968	22.974	-13.250	2012.393	5.380
260.968	22.974	-14.164	2012.415	8.695
260.968	22.974	-15.078	2012.393	6.864
260.968	22.974	-15.993	2012.393	6.482
260.968	22.974	-16.907	2012.393	1.636
260.968	22.974	-17.822	2012.415	6.960
260.968	22.974	-18.736	2012.393	5.498
260.578	24.224	11.143	2012.391	26.551
260.578	24.224	10.229	2012.391	23.930
260.578	24.224	9.315	2012.391	22.193
260.578	24.224	7.486	2012.391	21.025
260.578	24.224	6.571	2012.391	36.886
260.578	24.224	6.571	2012.391	36.789
260.578	24.224	5.657	2012.391	49.794
260.578	24.224	4.743	2012.391	67.518
260.578	24.224	4.743	2012.391	67.986
260.578	24.224	3.828	2012.391	83.548
260.578	24.224	2.914	2012.391	80.081
260.578	24.224	1.999	2012.391	78.085
260.578	24.224	1.085	2012.391	63.308
260.578	24.224	-0.744	2012.391	39.698
260.578	24.224	-0.744	2012.391	39.333
260.578	24.224	-1.658	2012.391	2.439
267.888	22.222	13.804	2012.393	0.000
267.888	22.222	13.551	2012.393	1.843
267.888	22.222	13.298	2012.393	15.177
267.888	22.222	13.024	2012.393	38.035
267.888	22.222	12.768	2012.393	47.382
267.888	22.222	12.515	2012.393	48.838
267.888	22.222	12.262	2012.393	47.941
267.888	22.222	12.006	2012.393	38.843
267.888	22.222	11.753	2012.393	33.302
267.888	22.222	11.500	2012.393	30.043
267.888	22.222	11.244	2012.393	26.420
267.888	22.222	10.991	2012.393	24.795
267.888	22.222	10.991	2012.393	24.571
267.888	22.222	10.738	2012.393	24.749
267.888	22.222	10.482	2012.393	25.381
267.888	22.222	10.229	2012.393	24.718
385.103	39.189	12.674	2012.514	0.000
385.103	39.189	12.094	2012.514	0.000
385.103	39.189	11.515	2012.514	9.600
385.103	39.189	10.936	2012.514	20.830
385.103	39.189	10.342	2012.514	41.454
385.103	39.189	9.763	2012.514	45.571
385.103	39.189	9.184	2012.514	45.148
385.103	39.189	8.605	2012.514	42.052
385.103	39.189	8.605	2012.514	41.855
385.103	39.189	8.025	2012.514	40.615
385.103	39.189	7.452	2012.514	37.248
385.103	39.189	6.873	2012.514	36.986
385.103	39.189	6.294	2012.514	36.334
385.103	39.189	5.715	2012.514	36.276
385.103	39.189	5.136	2012.514	40.011
385.103	39.189	4.557	2012.514	36.273
386.528	37.920	6.075	2012.514	35.575
386.528	37.920	4.551	2012.514	32.308
386.528	37.920	3.027	2012.514	12.316
386.528	37.920	-0.018	2012.514	47.027
386.528	37.920	-1.548	2012.514	65.084
386.528	37.920	-3.072	2012.514	49.826
386.528	37.920	-4.606	2012.514	39.178
386.528	37.920	-6.130	2012.514	32.502
386.528	37.920	-7.666	2012.514	2.855
386.528	37.920	-9.190	2012.514	4.884
386.528	37.920	-9.190	2012.514	4.721
386.528	37.920	-10.708	2012.514	6.249
386.528	37.920	-13.756	2012.514	8.084
386.528	37.920	-15.280	2012.514	8.527
347.983	113.254	13.951	2012.505	0.000
347.983	113.254	11.512	2012.505	13.497
347.983	113.254	9.074	2012.505	45.371
347.983	113.254	6.635	2012.505	37.096
347.983	113.254	4.197	2012.505	25.778
347.983	113.254	1.750	2012.505	47.466
347.983	113.254	1.750	2012.505	47.779
347.983	113.254	-0.695	2012.505	45.910
347.983	113.254	-3.133	2012.505	25.178
347.983	113.254	-5.572	2012.505	1.849
347.983	113.254	-8.013	2012.505	1.359
347.983	113.254	-10.461	2012.505	4.879
347.983	113.254	-12.905	2012.505	5.189
347.983	113.254	-15.341	2012.505	5.714
347.983	113.254	-17.779	2012.505	6.177
347.983	113.254	-17.779	2012.505	6.137
347.983	113.254	-20.223	2012.505	5.647
478.484	99.743	13.155	2012.464	0.000
478.484	99.743	11.930	2012.464	0.000
478.484	99.743	10.711	2012.464	22.452
478.484	99.743	9.491	2012.464	41.403
478.484	99.743	8.272	2012.464	47.395
478.484	99.743	7.053	2012.464	42.607
478.484	99.743	7.053	2012.464	41.383
478.484	99.743	5.831	2012.464	41.380
478.484	99.743	4.612	2012.464	37.248
478.484	99.743	3.392	2012.464	33.070
478.484	99.743	2.161	2012.464	22.494
478.484	99.743	1.247	2012.464	35.223
478.484	99.743	0.332	2012.464	24.064
478.484	99.743	-1.503	2012.464	16.447
478.484	99.743	-2.417	2012.464	19.636
477.284	100.111	-3.292	2012.464	16.389
477.284	100.111	-4.206	2012.464	15.220
477.284	100.111	-5.121	2012.464	15.082
477.284	100.111	-6.352	2012.464	16.242
477.284	100.111	-7.571	2012.464	16.806
477.284	100.111	-8.790	2012.464	16.332
477.284	100.111	-10.022	2012.464	11.986
477.284	100.111	-11.241	2012.464	9.654
477.284	100.111	-12.460	2012.464	7.744
477.284	100.111	-12.460	2012.464	7.881
477.284	100.111	-13.689	2012.464	6.803
477.284	100.111	-14.908	2012.464	2.849
477.284	100.111	-16.139	2012.464	1.328
477.284	100.111	-17.358	2012.464	1.375
477.284	100.111	-18.581	2012.464	1.304
477.284	100.111	-19.800	2012.464	1.410
560.103	-174.553	8.848	2012.448	0.000
560.103	-174.553	2.835	2012.448	1.247
560.103	-174.553	2.835	2012.448	1.281
560.103	-174.553	-3.258	2012.448	15.326
560.103	-174.553	-9.431	2012.448	3.356
612.753	16.318	-26.030	2012.448	1.009
611.601	17.444	-37.832	2012.448	0.932
603.882	23.318	1.786	2012.410	19.800
603.882	23.318	0.265	2012.410	34.545
603.882	23.318	0.265	2012.410	33.774
603.882	23.318	-1.259	2012.410	39.608
603.882	23.318	-2.780	2012.410	35.007
603.882	23.318	-4.304	2012.410	19.705
603.882	23.318	-5.825	2012.410	15.027
603.882	23.318	-7.349	2012.410	14.264
603.882	23.318	-8.870	2012.410	10.371
603.882	23.318	-10.394	2012.410	8.513
603.882	23.318	-11.915	2012.410	7.870
603.882	23.318	-13.439	2012.410	6.620
603.882	23.318	-14.957	2012.410	5.917
603.882	23.318	-16.481	2012.410	4.053
603.882	23.318	-17.998	2012.410	2.534
603.882	23.318	-19.522	2012.410	1.490
601.511	27.435	13.439	2012.410	0.000
601.511	27.435	12.677	2012.410	0.000
601.511	27.435	11.915	2012.410	0.000
601.511	27.435	11.147	2012.410	0.000
601.511	27.435	10.385	2012.410	0.000
601.511	27.435	10.385	2012.410	0.000
601.511	27.435	9.623	2012.410	0.000
601.511	27.435	8.861	2012.410	4.820
601.511	27.435	8.092	2012.410	15.202
601.511	27.435	7.330	2012.410	27.746
601.511	27.435	6.568	2012.410	32.113
601.511	27.435	5.806	2012.410	24.927
601.511	27.435	5.806	2012.410	24.943
601.511	27.435	5.038	2012.410	21.034
601.511	27.435	3.514	2012.410	21.667
601.511	27.435	2.752	2012.410	21.587
386.538	218.738	12.607	2012.527	4.996
386.538	218.738	9.555	2012.527	45.335
386.538	218.738	9.555	2012.527	44.570
386.538	218.738	6.511	2012.527	63.166
386.538	218.738	4.987	2012.527	32.983
386.538	218.738	3.463	2012.527	6.808
386.538	218.738	1.942	2012.527	0.583
386.538	218.738	0.418	2012.527	19.765
386.538	218.738	-2.624	2012.527	19.490
386.538	218.738	-11.756	2012.527	1.348
386.538	218.738	-17.852	2012.527	1.133
384.027	-69.214	13.716	2012.492	0.000
384.027	-69.214	13.079	2012.492	0.000
384.027	-69.214	12.442	2012.492	0.000
384.027	-69.214	11.805	2012.492	1.259
384.027	-69.214	11.171	2012.492	2.073
384.027	-69.214	10.409	2012.492	3.802
384.027	-69.214	10.409	2012.492	3.938
384.027	-69.214	9.647	2012.492	9.958
384.027	-69.214	8.885	2012.492	16.518
384.027	-69.214	8.123	2012.492	22.129
384.027	-69.214	7.346	2012.492	19.714
384.027	-69.214	6.584	2012.492	10.982
384.027	-69.214	5.822	2012.492	5.518
384.027	-69.214	5.060	2012.492	4.622
384.027	-69.214	4.289	2012.492	4.282
384.027	-69.214	3.527	2012.492	3.722
384.027	-69.214	3.527	2012.492	3.710
384.564	-68.188	2.509	2012.492	3.849
384.564	-68.188	0.975	2012.492	2.283
384.564	-68.188	-0.549	2012.492	1.799
384.564	-68.188	-2.085	2012.492	36.066
384.564	-68.188	-3.609	2012.492	41.616
384.564	-68.188	-5.142	2012.492	37.880
384.564	-68.188	-6.666	2012.492	1.585
384.564	-68.188	-8.196	2012.492	1.886
384.564	-68.188	-9.720	2012.492	3.138
384.564	-68.188	-9.720	2012.492	3.171
384.564	-68.188	-11.253	2012.492	6.621
384.564	-68.188	-12.777	2012.492	8.061
384.564	-68.188	-14.310	2012.492	7.558
384.564	-68.188	-15.834	2012.492	7.675
384.564	-68.188	-17.358	2012.492	1.939
384.564	-68.188	-18.882	2012.492	1.388
563.997	194.473	-25.087	2012.530	1.549
563.997	194.473	12.683	2012.530	0.000
563.997	194.473	11.171	2012.530	0.000
563.997	194.473	9.647	2012.530	13.604
563.997	194.473	8.126	2012.530	11.635
563.997	194.473	6.602	2012.530	7.426
563.997	194.473	6.602	2012.530	7.725
563.997	194.473	5.081	2012.530	5.479
563.997	194.473	3.557	2012.530	5.591
563.997	194.473	2.024	2012.530	7.839
563.997	194.473	0.500	2012.530	7.793
563.997	194.473	-2.548	2012.530	6.280
563.997	194.473	-5.596	2012.530	2.635
563.997	194.473	-8.647	2012.530	2.277
563.997	194.473	-11.698	2012.530	2.197
563.997	194.473	-14.746	2012.530	1.138
563.997	194.473	-17.788	2012.530	1.301
558.539	82.356	10.875	2012.530	2.666
558.539	82.356	8.733	2012.530	34.206
558.539	82.356	6.294	2012.530	33.506
558.539	82.356	3.850	2012.530	22.611
558.539	82.356	2.024	2012.530	21.251
558.539	82.356	2.024	2012.530	20.510
558.539	82.356	0.195	2012.530	22.558
558.539	82.356	-1.643	2012.530	20.420
558.539	82.356	-3.472	2012.530	17.930
558.539	82.356	-5.910	2012.530	10.441
558.539	82.356	-8.348	2012.530	11.588
558.539	82.356	-10.796	2012.530	9.525
558.539	82.356	-10.796	2012.530	9.895
558.539	82.356	-13.231	2012.530	7.648
558.539	82.356	-15.679	2012.530	5.550
558.539	82.356	-18.117	2012.530	1.140
558.539	82.356	-20.556	2012.530	0.909
491.623	-1.475	2.137	2012.426	9.395
491.623	-1.475	0.610	2012.426	11.037
491.623	-1.475	-0.914	2012.426	34.900
491.623	-1.475	-2.432	2012.426	31.379
491.623	-1.475	-2.432	2012.426	30.332
491.623	-1.475	-3.956	2012.426	34.839
491.623	-1.475	-5.474	2012.426	3.019
491.623	-1.475	-6.998	2012.426	7.721
491.623	-1.475	-8.519	2012.426	8.704
491.623	-1.475	-10.043	2012.426	8.550
491.623	-1.475	-11.570	2012.426	8.391
491.623	-1.475	-13.094	2012.426	6.168
491.623	-1.475	-14.612	2012.426	4.236
491.623	-1.475	-16.136	2012.426	2.409
491.623	-1.475	-17.657	2012.426	1.296
491.623	-1.475	-19.181	2012.426	1.589
491.936	0.451	12.512	2012.426	0.000
491.936	0.451	11.878	2012.426	0.000
491.936	0.451	11.244	2012.426	0.000
491.936	0.451	10.610	2012.426	6.860
491.936	0.451	9.976	2012.426	27.701
491.936	0.451	9.976	2012.426	27.758
491.936	0.451	9.324	2012.426	37.144
491.936	0.451	8.690	2012.426	37.638
491.936	0.451	8.056	2012.426	34.122
491.936	0.451	7.422	2012.426	30.184
491.936	0.451	6.788	2012.426	16.935
491.936	0.451	6.178	2012.426	11.458
491.936	0.451	5.544	2012.426	10.453
491.936	0.451	4.910	2012.426	9.388
491.936	0.451	4.276	2012.426	9.513
491.936	0.451	3.642	2012.426	9.950
401.444	114.244	12.759	2012.522	0.000
401.444	114.244	11.540	2012.522	0.000
401.444	114.244	10.321	2012.522	
401.444	114.244	9.107	2012.522	47.479
401.444	114.244	7.888	2012.522	50.785
401.444	114.244	6.669	2012.522	
401.444	114.244	5.450	2012.522	32.831
401.444	114.244	4.535	2012.522	28.633
401.444	114.244	4.535	2012.522	27.889
401.444	114.244	3.621	2012.522	26.830
401.444	114.244	2.408	2012.522	29.741
401.444	114.244	1.494	2012.522	58.201
401.444	114.244	0.579	2012.522	54.285
401.444	114.244	-0.335	2012.522	45.409
401.444	114.244	-1.250	2012.522	43.495
401.444	114.244	-2.164	2012.522	53.800
402.196	115.679	-2.679	2012.522	43.927
402.196	115.679	-3.600	2012.522	44.409
402.196	115.679	-4.514	2012.522	45.816
402.196	115.679	-5.428	2012.522	31.818
402.196	115.679	-6.346	2012.522	11.944
402.196	115.679	-7.260	2012.522	6.830
402.196	115.679	-8.175	2012.522	4.827
402.196	115.679	-9.394	2012.522	5.288
402.196	115.679	-9.394	2012.522	5.390
402.196	115.679	-10.308	2012.522	6.889
402.196	115.679	-11.223	2012.522	8.071
402.196	115.679	-12.442	2012.522	6.851
402.196	115.679	-13.661	2012.522	6.151
402.196	115.679	-14.880	2012.522	6.937
402.196	115.679	-16.106	2012.522	6.841
402.196	115.679	-17.630	2012.522	6.186
371.796	-194.245	12.611	2012.473	0.000
371.796	-194.245	7.323	2012.473	34.148
371.796	-194.245	1.955	2012.473	30.320
371.796	-194.245	1.955	2012.473	30.754
371.796	-194.245	-4.129	2012.473	9.639
241.004	81.255	12.553	2012.470	34.248
241.004	81.255	7.984	2012.470	34.026
241.004	81.255	3.470	2012.470	1.668
241.004	81.255	-1.145	2012.470	8.629
241.004	81.255	-5.436	2012.470	12.117
241.004	81.255	-10.377	2012.470	6.241
241.004	81.255	-14.867	2012.470	5.839
439.109	138.929	12.969	2012.527	0.000
439.109	138.929	10.522	2012.527	23.419
439.109	138.929	8.074	2012.527	41.984
439.109	138.929	5.931	2012.527	42.097
439.109	138.929	3.798	2012.527	4.697
439.109	138.929	3.798	2012.527	4.426
439.109	138.929	1.655	2012.527	47.718
439.109	138.929	-0.482	2012.527	56.422
439.109	138.929	-2.615	2012.527	36.889
439.109	138.929	-5.060	2012.527	36.373
439.109	138.929	-7.501	2012.527	11.814
439.109	138.929	-9.936	2012.527	8.446
439.109	138.929	-12.381	2012.527	8.153
439.109	138.929	-14.819	2012.527	3.001
439.109	138.929	-17.264	2012.527	1.176
439.109	138.929	-19.699	2012.527	1.253
394.540	-1.294	2.496	2012.413	8.347
394.540	-1.294	0.966	2012.413	7.074
394.540	-1.294	0.966	2012.413	7.102
394.540	-1.294	-0.558	2012.413	7.967
394.540	-1.294	-2.094	2012.413	12.618
394.540	-1.294	-3.618	2012.413	10.765
394.540	-1.294	-5.148	2012.413	13.519
394.540	-1.294	-6.672	2012.413	1.275
394.540	-1.294	-8.205	2012.413	2.218
394.540	-1.294	-9.729	2012.413	3.479
394.540	-1.294	-11.262	2012.413	7.307
394.540	-1.294	-11.262	2012.413	7.304
394.540	-1.294	-12.786	2012.413	4.907
394.540	-1.294	-14.310	2012.413	5.262
394.540	-1.294	-15.834	2012.413	5.434
394.540	-1.294	-17.361	2012.413	3.583
394.540	-1.294	-18.885	2012.413	3.648
394.638	0.222	12.546	2012.415	0.748
394.638	0.222	11.912	2012.415	2.084
394.638	0.222	11.275	2012.415	26.007
394.638	0.222	10.641	2012.415	39.701
394.638	0.222	10.007	2012.415	42.672
394.638	0.222	9.363	2012.415	36.250
394.638	0.222	8.726	2012.415	30.707
394.638	0.222	8.092	2012.415	26.356
394.638	0.222	8.092	2012.415	26.474
394.638	0.222	7.458	2012.415	23.062
394.638	0.222	6.821	2012.415	18.104
394.638	0.222	6.212	2012.415	18.023
394.638	0.222	5.578	2012.415	22.104
394.638	0.222	4.307	2012.415	22.593
394.638	0.222	3.673	2012.415	17.407
171.656	25.357	13.541	2012.434	40.938
171.656	25.357	10.587	2012.434	19.212
171.656	25.357	10.587	2012.434	19.363
171.656	25.357	7.454	2012.434	40.163
171.656	25.357	4.397	2012.434	59.964
171.656	25.357	-0.255	2012.434	39.640
171.656	25.357	-4.866	2012.434	10.317
171.656	25.357	-9.408	2012.434	4.801
171.656	25.357	-13.910	2012.434	8.669
820.986	51.448	10.955	2012.563	0.000
819.893	52.021	3.295	2012.563	0.000
818.634	52.942	-7.397	2012.563	0.508
817.541	53.515	-36.469	2012.563	1.474
216.468	25.129	12.852	2012.467	45.500
216.468	25.129	9.831	2012.467	14.598
216.468	25.129	6.838	2012.467	32.967
216.468	25.129	6.838	2012.467	32.489
216.468	25.129	3.845	2012.467	82.709
216.468	25.129	0.663	2012.467	58.459
216.468	25.129	-3.732	2012.467	9.863
216.468	25.129	-8.371	2012.467	5.303
216.468	25.129	-12.934	2012.467	10.192
552.180	-254.808	13.487	2012.448	0.000
552.180	-254.808	13.487	2012.448	0.000
553.848	-259.602	-3.368	2012.448	17.371
553.399	-257.799	-9.412	2012.448	0.983
552.843	-256.201	-24.582	2012.448	0.717
449.774	-348.525	2.454	2012.445	6.634
352.218	-389.120	5.965	2012.445	3.235
368.355	81.674	12.741	2012.503	1.228
368.355	81.674	11.537	2012.503	28.696
368.355	81.674	10.317	2012.503	41.332
368.355	81.674	9.095	2012.503	37.231
368.355	81.674	7.876	2012.503	32.844
368.355	81.674	6.657	2012.503	25.625
368.355	81.674	6.657	2012.503	26.162
368.355	81.674	5.441	2012.503	21.645
368.355	81.674	4.526	2012.503	18.963
368.355	81.674	3.612	2012.503	20.816
368.355	81.674	2.691	2012.503	16.062
368.355	81.674	1.777	2012.503	13.285
368.355	81.674	0.863	2012.503	7.805
368.355	81.674	-0.049	2012.503	6.924
368.355	81.674	-0.963	2012.503	6.862
368.355	81.674	-0.963	2012.503	6.721
368.355	81.674	-1.878	2012.503	6.064
367.858	82.719	-2.670	2012.503	5.550
367.858	82.719	-3.563	2012.503	5.240
367.858	82.719	-4.478	2012.503	5.125
367.858	82.719	-5.392	2012.503	5.386
367.858	82.719	-6.312	2012.503	6.774
367.858	82.719	-7.227	2012.503	6.525
367.858	82.719	-8.141	2012.503	5.025
367.858	82.719	-9.363	2012.503	4.738
367.858	82.719	-10.583	2012.503	11.802
367.858	82.719	-11.802	2012.503	12.278
367.858	82.719	-13.033	2012.503	10.402
367.858	82.719	-13.033	2012.503	10.484
367.858	82.719	-14.252	2012.503	8.771
367.858	82.719	-15.478	2012.503	7.555
367.858	82.719	-16.697	2012.503	6.920
367.858	82.719	-17.916	2012.503	6.072
419.372	173.051	12.881	2012.527	0.000
419.372	173.051	12.881	2012.527	0.000
419.372	173.051	10.442	2012.527	18.700
419.372	173.051	7.992	2012.527	10.884
419.372	173.051	5.803	2012.527	3.801
419.372	173.051	3.670	2012.527	3.630
419.372	173.051	1.582	2012.527	4.925
419.372	173.051	-0.570	2012.527	3.651
419.372	173.051	-2.704	2012.527	3.790
419.372	173.051	-5.136	2012.527	2.937
419.372	173.051	-7.580	2012.527	1.938
419.372	173.051	-10.028	2012.527	1.517
419.372	173.051	-12.491	2012.527	1.042
419.372	173.051	-12.491	2012.527	1.076
419.372	173.051	-14.929	2012.527	1.265
419.372	173.051	-17.355	2012.527	1.990
419.372	173.051	-19.797	2012.527	0.748
549.688	124.623	12.024	2012.336	0.000
549.688	124.623	7.148	2012.336	52.406
549.688	124.623	4.709	2012.336	40.450
549.688	124.623	2.880	2012.336	29.030
549.688	124.623	1.052	2012.336	44.993
549.688	124.623	-0.777	2012.336	48.909
549.688	124.623	-0.777	2012.336	50.407
549.688	124.623	-2.606	2012.336	47.330
549.688	124.623	-5.044	2012.336	29.310
549.688	124.623	-7.483	2012.336	26.676
549.688	124.623	-9.921	2012.336	15.659
549.688	124.623	-12.360	2012.336	8.172
549.688	124.623	-14.798	2012.336	4.575
549.688	124.623	-17.236	2012.336	1.637
549.688	124.623	-19.675	2012.336	1.515
536.852	160.616	12.119	2012.533	0.000
536.852	160.616	9.680	2012.533	7.266
536.852	160.616	7.242	2012.533	22.725
536.852	160.616	4.804	2012.533	17.651
536.852	160.616	2.975	2012.533	18.068
536.852	160.616	1.146	2012.533	24.662
536.852	160.616	-0.683	2012.533	29.353
536.852	160.616	-2.512	2012.533	22.870
536.852	160.616	-4.950	2012.533	16.974
536.852	160.616	-7.388	2012.533	14.406
536.852	160.616	-9.827	2012.533	12.499
536.852	160.616	-9.827	2012.533	12.655
536.852	160.616	-12.265	2012.533	8.691
536.852	160.616	-14.704	2012.533	5.155
536.852	160.616	-17.142	2012.533	1.951
536.852	160.616	-19.586	2012.533	2.150
616.525	135.852	12.198	2012.331	0.000
616.525	135.852	9.760	2012.331	44.292
616.525	135.852	7.321	2012.331	49.135
616.525	135.852	7.321	2012.331	46.940
616.525	135.852	4.883	2012.331	50.430
616.525	135.852	3.054	2012.331	55.999
616.525	135.852	1.225	2012.331	42.520
616.525	135.852	-0.604	2012.331	34.210
616.525	135.852	-2.432	2012.331	23.018
616.525	135.852	-4.871	2012.331	9.522
616.525	135.852	-7.309	2012.331	8.647
616.525	135.852	-9.748	2012.331	2.407
616.525	135.852	-12.186	2012.331	1.323
616.525	135.852	-14.624	2012.331	1.741
616.525	135.852	-17.063	2012.331	2.030
616.525	135.852	-19.504	2012.331	2.082
594.961	166.488	11.710	2012.336	0.438
594.961	166.488	9.272	2012.336	18.927
594.961	166.488	6.834	2012.336	28.297
594.961	166.488	4.395	2012.336	38.565
594.961	166.488	2.566	2012.336	60.183
594.961	166.488	0.738	2012.336	29.537
594.961	166.488	-1.091	2012.336	33.283
594.961	166.488	-1.091	2012.336	33.315
594.961	166.488	-2.920	2012.336	29.577
594.961	166.488	-5.358	2012.336	22.265
594.961	166.488	-7.797	2012.336	15.076
594.961	166.488	-10.235	2012.336	12.744
594.961	166.488	-12.674	2012.336	11.175
594.961	166.488	-15.112	2012.336	7.430
594.961	166.488	-17.550	2012.336	2.920
594.961	166.488	-17.550	2012.336	2.854
594.961	166.488	-19.980	2012.336	1.736
516.720	37.113	12.567	2012.511	0.000
516.720	37.113	10.129	2012.511	31.465
516.720	37.113	10.129	2012.511	31.075
516.720	37.113	7.690	2012.511	47.918
516.720	37.113	5.252	2012.511	27.603
516.720	37.113	3.423	2012.511	20.121
516.720	37.113	1.594	2012.511	60.396
516.720	37.113	-0.235	2012.511	46.636
516.720	37.113	-2.063	2012.511	32.837
516.720	37.113	-4.502	2012.511	19.215
516.720	37.113	-6.940	2012.511	8.162
516.720	37.113	-9.379	2012.511	8.052
516.720	37.113	-11.817	2012.511	9.874
516.720	37.113	-14.255	2012.511	7.601
516.720	37.113	-16.694	2012.511	5.043
516.720	37.113	-16.694	2012.511	5.056
344.356	163.496	8.888	2012.470	19.583
344.249	163.291	3.203	2012.470	4.352
344.893	164.521	-2.277	2012.470	1.956
345.166	164.378	-7.580	2012.470	1.915
345.166	164.378	-7.580	2012.470	1.865
196.499	-98.718	12.786	2012.473	21.221
195.357	-98.903	9.711	2012.473	24.987
196.167	-98.022	6.696	2012.473	25.383
195.025	-98.207	3.630	2012.473	21.731
195.836	-97.325	0.610	2012.473	16.579
194.694	-97.511	-4.005	2012.473	8.785
194.694	-97.511	-4.005	2012.473	8.803
195.338	-96.281	-8.597	2012.473	0.637
194.470	-96.609	-22.633	2012.473	6.052
676.322	-33.196	-55.626	2012.445	1.727
455.681	-137.861	13.393	2012.489	0.000
455.681	-137.861	10.964	2012.489	0.000
455.681	-137.861	8.525	2012.489	0.383
455.681	-137.861	8.525	2012.489	0.388
455.681	-137.861	6.093	2012.489	6.829
455.681	-137.861	3.642	2012.489	12.185
455.681	-137.861	1.783	2012.489	10.852
455.681	-137.861	-1.884	2012.489	11.198
455.681	-137.861	-4.337	2012.489	9.374
455.681	-137.861	-6.776	2012.489	6.494
455.681	-137.861	-9.235	2012.489	3.739
455.681	-137.861	-11.704	2012.489	5.620
455.681	-137.861	-14.127	2012.489	4.069
455.681	-137.861	-16.566	2012.489	3.341
455.681	-137.861	-19.004	2012.489	0.725
8.416	-65.474	14.283	2012.549	57.704
8.416	-65.474	13.673	2012.549	50.236
8.416	-65.474	13.064	2012.549	
8.416	-65.474	12.454	2012.549	
8.416	-65.474	11.845	2012.549	
8.416	-65.474	11.250	2012.549	
8.416	-65.474	11.250	2012.549	
8.416	-65.474	10.641	2012.549	
8.416	-65.474	10.031	2012.549	20.410
8.416	-65.474	9.421	2012.549	20.796
8.416	-65.474	8.812	2012.549	22.488
8.416	-65.474	8.217	2012.549	23.149
8.416	-65.474	7.608	2012.549	20.269
8.416	-65.474	6.998	2012.549	17.883
8.416	-65.474	6.389	2012.549	17.654
8.416	-65.474	5.779	2012.549	16.832
8.416	-65.474	4.926	2012.552	15.256
8.416	-65.474	3.688	2012.552	15.129
8.416	-65.474	2.469	2012.552	15.646
8.416	-65.474	1.250	2012.552	12.153
8.416	-65.474	0.015	2012.552	9.030
8.416	-65.474	-1.204	2012.552	8.199
8.416	-65.474	-2.429	2012.552	7.245
8.416	-65.474	-3.648	2012.552	4.954
8.416	-65.474	-4.868	2012.552	4.955
8.416	-65.474	-4.868	2012.552	4.924
8.416	-65.474	-6.093	2012.552	3.985
8.416	-65.474	-7.617	2012.552	3.065
8.416	-65.474	-9.150	2012.552	2.111
8.416	-65.474	-10.674	2012.552	1.537
8.416	-65.474	-12.207	2012.552	1.133
8.416	-65.474	-13.731	2012.552	2.026
275.767	130.977	12.914	2012.470	10.301
275.767	130.977	9.255	2012.470	45.535
275.767	130.977	9.255	2012.470	45.803
275.767	130.977	6.139	2012.470	17.737
275.767	130.977	3.181	2012.470	20.111
275.767	130.977	0.101	2012.470	63.625
275.767	130.977	-2.961	2012.470	0.000
275.767	130.977	-5.809	2012.470	0.501
275.767	130.977	-9.091	2012.470	0.935
85.532	15.878	14.140	2012.396	52.273
85.532	15.878	14.140	2012.929	
85.532	15.878	13.667	2012.396	35.210
85.532	15.878	13.667	2012.929	
85.532	15.878	12.311		11.613
85.532	15.878	12.311		
85.532	15.878	11.390		15.074
85.532	15.878	11.390		
85.532	15.878	9.866		17.098
85.532	15.878	9.866		
85.532	15.878	8.336		15.765
85.532	15.878	8.336		
85.532	15.878	6.203		14.637
85.532	15.878	6.203		
85.532	15.878	4.066		10.631
85.532	15.878	4.066		
85.532	15.878	1.926		8.920
85.532	15.878	1.926		
85.532	15.878	-0.515		8.124
85.532	15.878	-0.515		
85.532	15.878	-2.954		6.385
85.532	15.878	-2.954		6.445
85.532	15.878	-2.954		
85.532	15.878	-5.700		4.476
85.532	15.878	-5.700		
85.532	15.878	-8.449		4.078
85.532	15.878	-8.449		
85.532	15.878	-11.195		3.263
85.532	15.878	-11.195		
85.532	15.878	-14.006		5.462
85.532	15.878	-14.006		
112.382	75.756	14.097		40.273
112.382	75.756	13.183		23.796
112.382	75.756	12.268		28.246
112.382	75.756	11.342		27.049
112.382	75.756	11.342		27.088
112.382	75.756	9.818		23.841
112.382	75.756	8.284		20.649
112.382	75.756	6.151		13.108
112.382	75.756	4.008		7.900
112.382	75.756	1.868		10.394
112.382	75.756	1.868		10.023
112.382	75.756	-0.582		9.414
112.382	75.756	-3.021		10.339
112.382	75.756	-5.773		7.502
112.382	75.756	-8.522		6.087
112.382	75.756	-11.275		4.804
112.382	75.756	-14.030		5.056
127.406	15.361	10.493		23.037
127.406	15.361	5.848		14.839
127.406	15.361	1.379		5.507
127.406	15.361	14.094		46.733
127.406	15.361	14.094		41.629
127.406	15.361	14.094		37.412
127.406	15.361	13.180		46.304
127.406	15.361	13.180		45.371
127.406	15.361	13.180		45.910
127.406	15.361	13.180		49.122
127.406	15.361	12.265		46.510
127.406	15.361	12.265		40.757
127.406	15.361	12.265		39.307
127.406	15.361	11.348		21.528
127.406	15.361	11.348		19.585
127.406	15.361	11.348		18.586
127.406	15.361	9.824		20.393
127.406	15.361	9.824		24.061
127.406	15.361	9.824		18.777
127.406	15.361	8.294		20.317
127.406	15.361	8.294		20.286
127.406	15.361	8.294		21.274
127.406	15.361	8.294		17.411
127.406	15.361	6.160		11.873
127.406	15.361	6.160		13.557
127.406	15.361	6.160		11.530
127.406	15.361	4.017		7.799
127.406	15.361	4.017		6.086
127.406	15.361	4.017		6.862
127.406	15.361	1.875		6.882
127.406	15.361	1.875		6.317
127.406	15.361	1.875		6.298
127.406	15.361	-0.570		4.042
127.406	15.361	-0.570		4.256
127.406	15.361	-0.570		0.993
127.406	15.361	-3.008		9.781
127.406	15.361	-3.008		11.002
127.406	15.361	-3.008		11.089
127.406	15.361	-3.008		11.359
127.406	15.361	-5.761		9.421
127.406	15.361	-5.761		10.318
127.406	15.361	-5.761		10.296
127.406	15.361	-8.510		10.414
127.406	15.361	-8.510		9.773
127.406	15.361	-8.510		6.186
127.406	15.361	-11.259		4.974
127.406	15.361	-11.259		5.192
127.406	15.361	-11.259		5.237
127.406	15.361	-14.006		3.876
127.406	15.361	-14.006		3.961
127.406	15.361	-14.006		4.712
103.166	1.672	14.134		38.755
103.166	1.672	13.219		41.826
103.166	1.672	12.305		27.445
103.166	1.672	11.381		12.036
103.166	1.672	9.857		15.347
103.166	1.672	8.321		16.711
103.166	1.672	8.321		16.325
103.166	1.672	6.187		17.727
103.166	1.672	4.039		12.391
103.166	1.672	1.896		11.634
103.166	1.672	-0.549		11.023
103.166	1.672	-2.987		7.972
103.166	1.672	-5.742		5.029
103.166	1.672	-8.498		3.731
103.166	1.672	-11.256		3.150
103.166	1.672	-11.256		3.128
103.166	1.672	-14.006		2.843
70.452	-14.892	14.131		36.744
70.452	-14.892	13.216		16.922
70.452	-14.892	12.302		6.381
70.452	-14.892	11.378		5.217
70.452	-14.892	9.854		7.809
70.452	-14.892	6.184		5.921
70.452	-14.892	4.042		5.057
70.452	-14.892	1.899		6.038
70.452	-14.892	-0.549		5.603
70.452	-14.892	-0.549		5.674
70.452	-14.892	-2.987		3.996
70.452	-14.892	-5.742		3.605
70.452	-14.892	-8.492		2.819
70.452	-14.892	-11.256		1.616
70.452	-14.892	-14.006		2.523
43.206	-27.004	14.112		24.748
43.206	-27.004	13.198		17.378
43.206	-27.004	12.283		13.606
43.206	-27.004	11.360		14.075
43.206	-27.004	11.360		14.197
43.206	-27.004	9.836		13.883
43.206	-27.004	8.303		7.540
43.206	-27.004	6.169		9.253
43.206	-27.004	4.026		5.788
43.206	-27.004	1.887		5.134
43.206	-27.004	-0.561		3.764
43.206	-27.004	-2.999		2.338
43.206	-27.004	-2.999		2.343
43.206	-27.004	-5.745		1.488
43.206	-27.004	-8.498		1.279
43.206	-27.004	-11.253		0.885
43.206	-27.004	-14.006		1.364
14.975	30.122	14.198		2.579
14.975	30.122	13.283		2.301
14.975	30.122	12.369		2.537
14.975	30.122	11.442		3.548
14.975	30.122	9.918		3.188
14.975	30.122	8.388		2.405
14.975	30.122	8.388		2.296
14.975	30.122	6.254		2.378
14.975	30.122	4.112		1.595
14.975	30.122	1.966		1.459
14.975	30.122	-0.485		1.018
14.975	30.122	-2.923		0.501
14.975	30.122	-5.675		0.416
14.975	30.122	-5.675		0.437
14.975	30.122	-8.431		0.567
14.975	30.122	-11.186		1.007
14.975	30.122	-13.942		1.851
-58.471	14.262	14.121		2.534
-58.471	14.262	13.207		0.000
-58.471	14.262	12.293		0.000
-58.471	14.262	11.369		0.000
-58.471	14.262	9.845		0.000
-58.471	14.262	9.845		0.000
-58.471	14.262	8.312		0.000
-58.471	14.262	6.178		0.379
-58.471	14.262	4.039		0.434
-58.471	14.262	1.896		0.424
-58.471	14.262	-0.555		0.430
-58.471	14.262	-0.555		0.390
-58.471	14.262	-2.993		0.408
-58.471	14.262	-5.745		0.329
-58.471	14.262	-8.498		0.000
-58.471	14.262	-11.250		0.720
-58.471	14.262	-14.006		1.660
-15.897	37.678	6.415		0.714
-15.897	37.678	3.618		0.367
-15.897	37.678	3.618		0.442
-15.897	37.678	0.379		0.410
-1.862	31.891	6.273		0.717
-1.862	31.891	6.273		0.677
-1.862	31.891	3.319		0.455
-1.862	31.891	0.207		0.452
212.417	127.070	13.698		35.278
212.417	127.070	10.606		44.415
212.417	127.070	7.586		17.912
212.417	127.070	4.679		24.519
212.417	127.070	1.753		4.510
212.417	127.070	-2.961		2.318
212.417	127.070	-7.446		3.629
212.417	127.070	-11.918		3.410
119.255	112.133	12.424		27.479
119.255	112.133	9.110		23.780
119.255	112.133	6.218		10.634
119.255	112.133	3.083		14.736
119.255	112.133	0.111		17.329
119.255	112.133	0.111		17.114
119.255	112.133	-4.333		10.827
119.255	112.133	-9.063		6.885
119.255	112.133	-13.554		5.025
119.255	112.133	11.989		26.949
119.255	112.133	11.044		24.543
119.255	112.133	11.044		24.753
119.255	112.133	10.039		23.204
34.379	27.269	14.198		14.453
34.379	27.269	13.283		3.337
34.379	27.269	12.369		5.950
34.379	27.269	11.119		5.927
34.379	27.269	9.900		4.913
34.379	27.269	8.358		4.273
34.379	27.269	6.224		5.658
34.379	27.269	4.060		3.302
34.379	27.269	1.911		3.817
34.379	27.269	-0.561		2.869
34.379	27.269	-5.749		1.814
34.379	27.269	-8.501		1.146
34.379	27.269	-11.244		1.921
34.379	27.269	-14.006		2.216
-27.205	88.547	14.159		0.571
-27.205	88.547	11.294		0.000
-27.205	88.547	8.429		0.000
-27.205	88.547	5.564		0.000
-27.205	88.547	2.699		0.000
-27.205	88.547	-0.166		0.330
-27.205	88.547	-3.043		0.432
-20.487	131.276	13.672		10.847
-20.487	131.276	10.807		0.701
-20.487	131.276	7.942		0.333
-20.487	131.276	5.076		0.359
-20.487	131.276	2.211		0.386
-20.487	131.276	-0.654		0.328
-20.487	131.276	-3.531		0.000
-20.487	131.276	-3.531		0.000
-119.595	41.854	14.260		0.000
-119.595	41.854	11.395		1.851
-119.595	41.854	8.530		2.852
-119.595	41.854	8.530		2.860
-119.595	41.854	5.665		0.745
-119.595	41.854	2.800		0.000
-119.595	41.854	-0.066		0.529
-119.595	41.854	-2.943		0.000
-23.234	149.962	14.074		0.000
-23.234	149.962	11.209		0.000
-23.234	149.962	8.344		0.000
-23.234	149.962	5.479		0.000
-23.234	149.962	5.479		0.000
-23.234	149.962	2.614		0.000
-23.234	149.962	-0.251		0.370
-23.234	149.962	-3.129		0.354
100.559	31.259	14.426		22.280
100.559	31.259	13.512		34.813
100.559	31.259	13.512		35.733
100.559	31.259	12.582		23.448
100.559	31.259	12.582		26.232
100.559	31.259	11.058		14.345
100.559	31.259	11.058		16.338
100.559	31.259	9.528		12.800
100.559	31.259	9.528		15.011
100.559	31.259	7.394		14.510
100.559	31.259	7.394		17.863
100.559	31.259	5.252		14.808
100.559	31.259	5.252		14.024
100.559	31.259	3.112		7.554
100.559	31.259	3.112		8.554
100.559	31.259	0.661		1.688
100.559	31.259	0.661		2.050
100.559	31.259	-1.777		8.946
100.559	31.259	-1.777		9.168
100.559	31.259	-4.535		6.582
100.559	31.259	-4.535		6.986
100.559	31.259	-7.297		4.768
100.559	31.259	-7.297		5.133
100.559	31.259	-10.043		3.186
100.559	31.259	-10.043		3.530
100.559	31.259	-12.786		5.099
100.559	31.259	-12.786		4.441
105.884	17.494	14.076		2.027
105.884	17.494	14.076		39.256
105.884	17.494	13.161		30.584
105.884	17.494	13.161		39.098
105.884	17.494	12.247		1.196
105.884	17.494	12.247		18.227
105.884	17.494	11.317		5.045
105.884	17.494	11.317		13.484
105.884	17.494	9.793		6.630
105.884	17.494	9.793		15.457
105.884	17.494	8.269		13.632
105.884	17.494	8.269		15.162
105.884	17.494	6.136		7.387
105.884	17.494	6.136		17.327
105.884	17.494	3.996		10.642
105.884	17.494	3.996		13.348
105.884	17.494	1.856		3.498
105.884	17.494	1.856		8.699
105.884	17.494	-0.579		4.993
105.884	17.494	-0.579		9.927
105.884	17.494	-5.761		5.402
105.884	17.494	-5.761		7.000
105.884	17.494	-8.513		4.666
105.884	17.494	-8.513		5.053
105.884	17.494	-11.272		3.694
105.884	17.494	-11.272		4.378
105.884	17.494	-14.006		3.887
105.884	17.494	-14.006		4.203
-104.629	-201.422	8.056		3.978
