

                              X-Direction Node Coordinates    (m)

           1           2           3           4           5           6           7           8           9          10
           0.00     6000.00    12000.00    18000.00    24000.00    30000.00    36000.00    42000.00    48000.00    54000.00



          11          12          13          14          15          16
       60000.00    66000.00    72000.00    78000.00    84000.00    90000.00




                              Y-Direction Node Coordinates   (m)

           1           2           3           4           5           6           7           8           9
           0.00     6000.00    12000.00    18000.00    24000.00    30000.00    36000.00    42000.00    48000.00




                              Z-Direction Node Coordinates   (m)

           1           2           3
           0.00      200.00      400.00



                              *** Output at End of Time Step No.     8 ***

     Time .......................................................   8.000e+03  (yr)

                              Water-Table Elevation  (m)

                    Areal Layers

                                                            K =  1

           1           2           3           4           5           6           7           8           9          10
  9     326.004     326.210     326.769     327.489     327.977     326.220     321.250     316.667     312.083     307.500
  8     329.973     330.247     331.011     332.054     332.856     330.417     347.720     353.890     357.295     360.002
  7     333.352     333.750     334.922     336.749     338.640     333.854     360.271     370.049     375.514     377.568
  6     335.908     336.448     338.133     341.227     346.573     358.178     370.194     378.562     383.678     381.438
  5     337.373     337.986     339.903     343.420     349.364     361.346     371.892     379.142     385.471     388.041
  4     337.611     338.213     340.050     343.168     347.282     348.000     365.210     369.448     379.237     388.919
  3     336.645     337.201     338.898     341.823     346.215     354.325     355.205     332.049     363.524     380.230
  2     334.560     335.038     336.494     339.003     342.784     350.018     347.339     326.148     347.474     360.381
  1     331.499     331.872     333.000     334.892     337.435     339.824     336.673     321.458     316.312     310.410



          11          12          13          14          15          16
  9     302.917     298.333     293.750     289.167     284.583     281.146
  8     357.408     356.802     355.670     355.974     356.006     355.819
  7     369.146     364.696     363.369     367.111     368.674     368.937
  6     347.750     341.058     336.374     355.405     357.962     357.942
  5     373.813     336.627     331.942     323.000     314.058     309.374
  4     386.051     375.076     366.045     351.820     309.627     307.199
  3     383.354     379.919     373.578     363.993     351.134     347.312
  2     363.618     364.380     360.063     353.337     346.125     343.269
  1     304.508     298.607     292.705     286.803     280.902     276.475



                              *** Output at End of Time Step No.    16 ***

     Time .......................................................   1.600e+04  (yr)

                              Water-Table Elevation  (m)

                    Areal Layers

                                                            K =  1

           1           2           3           4           5           6           7           8           9          10
  9     326.004     326.210     326.769     327.489     327.977     326.220     321.250     316.667     312.083     307.500
  8     329.973     330.247     331.011     332.054     332.856     330.417     347.720     353.890     357.295     360.002
  7     333.352     333.750     334.922     336.749     338.640     333.854     360.271     370.049     375.514     377.568
  6     335.908     336.448     338.133     341.227     346.573     358.178     370.194     378.562     383.678     381.438
  5     337.373     337.986     339.903     343.420     349.364     361.346     371.892     379.142     385.471     388.041
  4     337.611     338.213     340.050     343.168     347.282     348.000     365.210     369.448     379.237     388.919
  3     336.645     337.201     338.898     341.823     346.215     354.325     355.205     332.049     363.524     380.230
  2     334.560     335.038     336.494     339.003     342.784     350.018     347.339     326.148     347.474     360.381
  1     331.499     331.872     333.000     334.892     337.435     339.824     336.673     321.458     316.312     310.410



          11          12          13          14          15          16
  9     302.917     298.333     293.750     289.167     284.583     281.146
  8     357.408     356.802     355.670     355.974     356.006     355.819
  7     369.146     364.696     363.369     367.111     368.674     368.937
  6     347.750     341.058     336.374     355.405     357.962     357.942
  5     373.813     336.627     331.942     323.000     314.058     309.374
  4     386.051     375.076     366.045     351.820     309.627     307.199
  3     383.354     379.919     373.578     363.993     351.134     347.312
  2     363.618     364.380     360.063     353.337     346.125     343.269
  1     304.508     298.607     292.705     286.803     280.902     276.475



                              *** Output at End of Time Step No.    18 ***

     Time .......................................................   1.800e+04  (yr)

                              Water-Table Elevation  (m)

                    Areal Layers

                                                            K =  1

           1           2           3           4           5           6           7           8           9          10
  9     326.004     326.210     326.769     327.489     327.977     326.220     321.250     316.667     312.083     307.500
  8     329.973     330.247     331.011     332.054     332.856     330.417     347.720     353.890     357.295     360.002
  7     333.352     333.750     334.922     336.749     338.640     333.854     360.271     370.049     375.514     377.568
  6     335.908     336.448     338.133     341.227     346.573     358.178     370.194     378.562     383.678     381.438
  5     337.373     337.986     339.903     343.420     349.364     361.346     371.892     379.142     385.471     388.041
  4     337.611     338.213     340.050     343.168     347.282     348.000     365.210     369.448     379.237     388.919
  3     336.645     337.201     338.898     341.823     346.215     354.325     355.205     332.049     363.524     380.230
  2     334.560     335.038     336.494     339.003     342.784     350.018     347.339     326.148     347.474     360.381
  1     331.499     331.872     333.000     334.892     337.435     339.824     336.673     321.458     316.312     310.410



          11          12          13          14          15          16
  9     302.917     298.333     293.750     289.167     284.583     281.146
  8     357.408     356.802     355.670     355.974     356.006     355.819
  7     369.146     364.696     363.369     367.111     368.674     368.937
  6     347.750     341.058     336.374     355.405     357.962     357.942
  5     373.813     336.627     331.942     323.000     314.058     309.374
  4     386.051     375.076     366.045     351.820     309.627     307.199
  3     383.354     379.919     373.578     363.993     351.134     347.312
  2     363.618     364.380     360.063     353.337     346.125     343.269
  1     304.508     298.607     292.705     286.803     280.902     276.475



                              *** Output at End of Time Step No.    27 ***

     Time .......................................................   2.700e+04  (yr)

                              Water-Table Elevation  (m)

                    Areal Layers

                                                            K =  1

           1           2           3           4           5           6           7           8           9          10
  9     326.004     326.210     326.769     327.489     327.977     326.220     321.250     316.667     312.083     307.500
  8     329.973     330.247     331.011     332.054     332.856     330.417     347.720     353.890     357.295     360.002
  7     333.352     333.750     334.922     336.749     338.640     333.854     360.271     370.049     375.514     377.568
  6     335.908     336.448     338.133     341.227     346.573     358.178     370.194     378.562     383.678     381.438
  5     337.373     337.986     339.903     343.420     349.364     361.346     371.892     379.142     385.471     388.041
  4     337.611     338.213     340.050     343.168     347.282     348.000     365.210     369.448     379.237     388.919
  3     336.645     337.201     338.898     341.823     346.215     354.325     355.205     332.049     363.524     380.230
  2     334.560     335.038     336.494     339.003     342.784     350.018     347.339     326.148     347.474     360.381
  1     331.499     331.872     333.000     334.892     337.435     339.824     336.673     321.458     316.312     310.410



          11          12          13          14          15          16
  9     302.917     298.333     293.750     289.167     284.583     281.146
  8     357.408     356.802     355.670     355.974     356.006     355.819
  7     369.146     364.696     363.369     367.111     368.674     368.937
  6     347.750     341.058     336.374     355.405     357.962     357.942
  5     373.813     336.627     331.942     323.000     314.058     309.374
  4     386.051     375.076     366.045     351.820     309.627     307.199
  3     383.354     379.919     373.578     363.993     351.134     347.312
  2     363.618     364.380     360.063     353.337     346.125     343.269
  1     304.508     298.607     292.705     286.803     280.902     276.475



                              *** Output at End of Time Step No.    31 ***

     Time .......................................................   3.100e+04  (yr)

                              Water-Table Elevation  (m)

                    Areal Layers

                                                            K =  1

           1           2           3           4           5           6           7           8           9          10
  9     326.004     326.210     326.769     327.489     327.977     326.220     321.250     316.667     312.083     307.500
  8     329.973     330.247     331.011     332.054     332.856     330.417     347.720     353.890     357.295     360.002
  7     333.352     333.750     334.922     336.749     338.640     333.854     360.271     370.049     375.514     377.568
  6     335.908     336.448     338.133     341.227     346.573     358.178     370.194     378.562     383.678     381.438
  5     337.373     337.986     339.903     343.420     349.364     361.346     371.892     379.142     385.471     388.041
  4     337.611     338.213     340.050     343.168     347.282     348.000     365.210     369.448     379.237     388.919
  3     336.645     337.201     338.898     341.823     346.215     354.325     355.205     332.049     363.524     380.230
  2     334.560     335.038     336.494     339.003     342.784     350.018     347.339     326.148     347.474     360.381
  1     331.499     331.872     333.000     334.892     337.435     339.824     336.673     321.458     316.312     310.410



          11          12          13          14          15          16
  9     302.917     298.333     293.750     289.167     284.583     281.146
  8     357.408     356.802     355.670     355.974     356.006     355.819
  7     369.146     364.696     363.369     367.111     368.674     368.937
  6     347.750     341.058     336.374     355.405     357.962     357.942
  5     373.813     336.627     331.942     323.000     314.058     309.374
  4     386.051     375.076     366.045     351.820     309.627     307.199
  3     383.354     379.919     373.578     363.993     351.134     347.312
  2     363.618     364.380     360.063     353.337     346.125     343.269
  1     304.508     298.607     292.705     286.803     280.902     276.475


