

                          . Central Oklahoma aquifer,                                                     
                          . demonstration of PHAST                                                        


                              X-Direction Node Coordinates    (m)

           1           2           3           4           5           6           7           8           9          10
              0    6000.00    12000.00    18000.00    24000.00    30000.00    36000.00    42000.00    48000.00    54000.00



          11          12          13          14          15          16
       60000.00    66000.00    72000.00    78000.00    84000.00    90000.00




                              Y-Direction Node Coordinates   (m)

           1           2           3           4           5           6           7           8           9
              0    6000.00    12000.00    18000.00    24000.00    30000.00    36000.00    42000.00    48000.00




                              Z-Direction Node Coordinates   (m)

           1           2           3
              0     200.00      400.00



                              *** Output at End of Time Step No.     8 ***

     Time .......................................................   8.000E+03  (yr)
     Maximum change in potentiometric head ... -3.7557E-10      (m )   at location (     0   , 2.400E+04,  400.    )(m )

                              Fluid Potentiometric Head (m)

                    Areal Layers

                                                            K =  1

           1           2           3           4           5           6           7           8           9          10
  9     325.993     326.198     326.756     327.476     328.012     328.368     328.733     327.388     323.764            
  8     329.964     330.237     331.000     332.042     332.914     333.431     345.191     351.214     354.186            
  7     333.345     333.743     334.912     336.737     338.766     340.114     357.714     367.392     372.519            
  6     335.905     336.444     338.124     341.204     346.435     355.734     367.602     376.039     381.024            
  5     337.372     337.983     339.896     343.400     349.236     358.964     369.342     376.617     382.556            
  4     337.610     338.211     340.045     343.161     347.378     351.704     362.779     366.964     375.707            
  3     336.643     337.198     338.892     341.809     346.118     351.966     352.844     342.517     359.403            
  2     334.556     335.032     336.485     338.986     342.678     347.482     344.848     332.608     343.782            
  1     331.493     331.865     332.990     334.877     337.403     339.620     336.525     326.110     323.961            



          11          12          13          14          15          16

                                                            K =  2

           1           2           3           4           5           6           7           8           9          10
  9     325.996     326.201     326.759     327.479     327.988     327.805     326.999     324.868     319.981     312.693
  8     329.966     330.240     331.003     332.044     332.881     332.716     345.728     351.808     355.187     358.164
  7     333.347     333.744     334.914     336.738     338.703     338.714     358.301     368.064     373.635     376.176
  6     335.906     336.445     338.126     341.210     346.479     356.280     368.246     376.679     381.965     380.081
  5     337.372     337.984     339.898     343.406     349.279     359.511     369.976     377.259     383.682     386.748
  4     337.610     338.212     340.047     343.162     347.338     350.911     363.349     367.532     377.204     387.638
  3     336.643     337.199     338.893     341.813     346.153     352.505     353.359     340.197     361.241     378.799
  2     334.557     335.034     336.487     338.991     342.718     348.082     345.400     331.117     345.258     358.540
  1     331.495     331.867     332.993     334.881     337.414     339.696     336.558     324.928     321.520     315.268



          11          12          13          14          15          16
  9     307.938     298.333     293.750     289.167     284.583     281.146
  8     355.519     354.228     353.047     353.277     353.250     353.029
  7     367.752     363.215     361.865     365.643     367.215     367.476
  6     351.001     342.355     338.479     353.793     356.221     356.138
  5     372.327     340.062     333.808     325.816     316.401     312.155
  4     384.750     373.599     364.469     349.958     313.578     309.744
  3     382.007     378.541     372.144     362.453     349.340     345.488
  2     361.691     361.610     357.300     350.653     343.538     340.701
  1     309.931     298.607     292.705     286.803     280.902     276.475

                                                            K =  3

           1           2           3           4           5           6           7           8           9          10
  9     326.004     326.210     326.769     327.489     327.977     326.220     321.250     316.667     312.083     307.500
  8     329.973     330.247     331.011     332.054     332.856     330.417     347.720     353.890     357.295     360.002
  7     333.352     333.750     334.922     336.749     338.640     333.854     360.271     370.049     375.514     377.568
  6     335.908     336.448     338.133     341.227     346.573     358.178     370.194     378.562     383.678     381.438
  5     337.373     337.986     339.903     343.420     349.364     361.346     371.892     379.142     385.471     388.041
  4     337.611     338.213     340.050     343.168     347.282     348.000     365.210     369.448     379.237     388.919
  3     336.645     337.201     338.898     341.823     346.215     354.325     355.205     332.049     363.524     380.230
  2     334.560     335.038     336.494     339.003     342.784     350.018     347.339     326.148     347.474     360.381
  1     331.499     331.872     333.000     334.892     337.435     339.824     336.673     321.458     316.312     310.410



          11          12          13          14          15          16
  9     302.917                                                            
  8     357.408     356.802     355.670     355.974     356.006     355.819
  7     369.146     364.696     363.369     367.111     368.674     368.937
  6     347.750     341.058     336.374     355.405     357.962     357.942
  5     373.813     336.627     331.942     323.000     314.058     309.374
  4     386.051     375.076     366.045     351.820     309.627     307.199
  3     383.354     379.919     373.578     363.993     351.134     347.312
  2     363.618     364.380     360.063     353.337     346.125     343.269
  1     304.508                                                            



                              Fraction of cell that is saturated  (-)

                    Areal Layers

                                                            K =  2

           1           2           3           4           5           6           7           8           9          10



          11          12          13          14          15          16
  9                  0.9833      0.9375      0.8917      0.8458      0.8115
  8                                                                        
  7                                                                        
  6                                                                        
  5                                                                        
  4                                                                        
  3                                                                        
  2                                                                        
  1                  0.9861      0.9270      0.8680      0.8090      0.7648

                                                            K =  3

           1           2           3           4           5           6           7           8           9          10
  9      0.2600      0.2621      0.2677      0.2749      0.2798      0.2622      0.2125      0.1667      0.1208      0.0750
  8      0.2997      0.3025      0.3101      0.3205      0.3286      0.3042      0.4772      0.5389      0.5730      0.6000
  7      0.3335      0.3375      0.3492      0.3675      0.3864      0.3385      0.6027      0.7005      0.7551      0.7757
  6      0.3591      0.3645      0.3813      0.4123      0.4657      0.5818      0.7019      0.7856      0.8368      0.8144
  5      0.3737      0.3799      0.3990      0.4342      0.4936      0.6135      0.7189      0.7914      0.8547      0.8804
  4      0.3761      0.3821      0.4005      0.4317      0.4728      0.4800      0.6521      0.6945      0.7924      0.8892
  3      0.3664      0.3720      0.3890      0.4182      0.4622      0.5432      0.5521      0.3205      0.6352      0.8023
  2      0.3456      0.3504      0.3649      0.3900      0.4278      0.5002      0.4734      0.2615      0.4747      0.6038
  1      0.3150      0.3187      0.3300      0.3489      0.3743      0.3982      0.3667      0.2146      0.1631      0.1041



          11          12          13          14          15          16
  9      0.0292                                                            
  8      0.5741      0.5680      0.5567      0.5597      0.5601      0.5582
  7      0.6915      0.6470      0.6337      0.6711      0.6867      0.6894
  6      0.4775      0.4106      0.3637      0.5540      0.5796      0.5794
  5      0.7381      0.3663      0.3194      0.2300      0.1406      0.0937
  4      0.8605      0.7508      0.6604      0.5182      0.0963      0.0720
  3      0.8335      0.7992      0.7358      0.6399      0.5113      0.4731
  2      0.6362      0.6438      0.6006      0.5334      0.4612      0.4327
  1      0.0451                                                            



                              *** Output at End of Time Step No.    16 ***

     Time .......................................................   1.600E+04  (yr)
     Maximum change in potentiometric head ... -4.7727E-14      (m )   at location ( 5.400E+04, 4.800E+04,  200.    )(m )

                              Fluid Potentiometric Head (m)

                    Areal Layers

                                                            K =  1

           1           2           3           4           5           6           7           8           9          10
  9     325.993     326.198     326.756     327.476     328.012     328.368     328.733     327.388     323.764            
  8     329.964     330.237     331.000     332.042     332.914     333.431     345.191     351.214     354.186            
  7     333.345     333.743     334.912     336.737     338.766     340.114     357.714     367.392     372.519            
  6     335.905     336.444     338.124     341.204     346.435     355.734     367.602     376.039     381.024            
  5     337.372     337.983     339.896     343.400     349.236     358.964     369.342     376.617     382.556            
  4     337.610     338.211     340.045     343.161     347.378     351.704     362.779     366.964     375.707            
  3     336.643     337.198     338.892     341.809     346.118     351.966     352.844     342.517     359.403            
  2     334.556     335.032     336.485     338.986     342.678     347.482     344.848     332.608     343.782            
  1     331.493     331.865     332.990     334.877     337.403     339.620     336.525     326.110     323.961            



          11          12          13          14          15          16

                                                            K =  2

           1           2           3           4           5           6           7           8           9          10
  9     325.996     326.201     326.759     327.479     327.988     327.805     326.999     324.868     319.981     312.693
  8     329.966     330.240     331.003     332.044     332.881     332.716     345.728     351.808     355.187     358.164
  7     333.347     333.744     334.914     336.738     338.703     338.714     358.301     368.064     373.635     376.176
  6     335.906     336.445     338.126     341.210     346.479     356.280     368.246     376.679     381.965     380.081
  5     337.372     337.984     339.898     343.406     349.279     359.511     369.976     377.259     383.682     386.748
  4     337.610     338.212     340.047     343.162     347.338     350.911     363.349     367.532     377.204     387.638
  3     336.643     337.199     338.893     341.813     346.153     352.505     353.359     340.197     361.241     378.799
  2     334.557     335.034     336.487     338.991     342.718     348.082     345.400     331.117     345.258     358.540
  1     331.495     331.867     332.993     334.881     337.414     339.696     336.558     324.928     321.520     315.268



          11          12          13          14          15          16
  9     307.938     298.333     293.750     289.167     284.583     281.146
  8     355.519     354.228     353.047     353.277     353.250     353.029
  7     367.752     363.215     361.865     365.643     367.215     367.476
  6     351.001     342.355     338.479     353.793     356.221     356.138
  5     372.327     340.062     333.808     325.816     316.401     312.155
  4     384.750     373.599     364.469     349.958     313.578     309.744
  3     382.007     378.541     372.144     362.453     349.340     345.488
  2     361.691     361.610     357.300     350.653     343.538     340.701
  1     309.931     298.607     292.705     286.803     280.902     276.475

                                                            K =  3

           1           2           3           4           5           6           7           8           9          10
  9     326.004     326.210     326.769     327.489     327.977     326.220     321.250     316.667     312.083     307.500
  8     329.973     330.247     331.011     332.054     332.856     330.417     347.720     353.890     357.295     360.002
  7     333.352     333.750     334.922     336.749     338.640     333.854     360.271     370.049     375.514     377.568
  6     335.908     336.448     338.133     341.227     346.573     358.178     370.194     378.562     383.678     381.438
  5     337.373     337.986     339.903     343.420     349.364     361.346     371.892     379.142     385.471     388.041
  4     337.611     338.213     340.050     343.168     347.282     348.000     365.210     369.448     379.237     388.919
  3     336.645     337.201     338.898     341.823     346.215     354.325     355.205     332.049     363.524     380.230
  2     334.560     335.038     336.494     339.003     342.784     350.018     347.339     326.148     347.474     360.381
  1     331.499     331.872     333.000     334.892     337.435     339.824     336.673     321.458     316.312     310.410



          11          12          13          14          15          16
  9     302.917                                                            
  8     357.408     356.802     355.670     355.974     356.006     355.819
  7     369.146     364.696     363.369     367.111     368.674     368.937
  6     347.750     341.058     336.374     355.405     357.962     357.942
  5     373.813     336.627     331.942     323.000     314.058     309.374
  4     386.051     375.076     366.045     351.820     309.627     307.199
  3     383.354     379.919     373.578     363.993     351.134     347.312
  2     363.618     364.380     360.063     353.337     346.125     343.269
  1     304.508                                                            



                              Fraction of cell that is saturated  (-)

                    Areal Layers

                                                            K =  2

           1           2           3           4           5           6           7           8           9          10



          11          12          13          14          15          16
  9                  0.9833      0.9375      0.8917      0.8458      0.8115
  8                                                                        
  7                                                                        
  6                                                                        
  5                                                                        
  4                                                                        
  3                                                                        
  2                                                                        
  1                  0.9861      0.9270      0.8680      0.8090      0.7648

                                                            K =  3

           1           2           3           4           5           6           7           8           9          10
  9      0.2600      0.2621      0.2677      0.2749      0.2798      0.2622      0.2125      0.1667      0.1208      0.0750
  8      0.2997      0.3025      0.3101      0.3205      0.3286      0.3042      0.4772      0.5389      0.5730      0.6000
  7      0.3335      0.3375      0.3492      0.3675      0.3864      0.3385      0.6027      0.7005      0.7551      0.7757
  6      0.3591      0.3645      0.3813      0.4123      0.4657      0.5818      0.7019      0.7856      0.8368      0.8144
  5      0.3737      0.3799      0.3990      0.4342      0.4936      0.6135      0.7189      0.7914      0.8547      0.8804
  4      0.3761      0.3821      0.4005      0.4317      0.4728      0.4800      0.6521      0.6945      0.7924      0.8892
  3      0.3664      0.3720      0.3890      0.4182      0.4622      0.5432      0.5521      0.3205      0.6352      0.8023
  2      0.3456      0.3504      0.3649      0.3900      0.4278      0.5002      0.4734      0.2615      0.4747      0.6038
  1      0.3150      0.3187      0.3300      0.3489      0.3743      0.3982      0.3667      0.2146      0.1631      0.1041



          11          12          13          14          15          16
  9      0.0292                                                            
  8      0.5741      0.5680      0.5567      0.5597      0.5601      0.5582
  7      0.6915      0.6470      0.6337      0.6711      0.6867      0.6894
  6      0.4775      0.4106      0.3637      0.5540      0.5796      0.5794
  5      0.7381      0.3663      0.3194      0.2300      0.1406      0.0937
  4      0.8605      0.7508      0.6604      0.5182      0.0963      0.0720
  3      0.8335      0.7992      0.7358      0.6399      0.5113      0.4731
  2      0.6362      0.6438      0.6006      0.5334      0.4612      0.4327
  1      0.0451                                                            



                              *** Output at End of Time Step No.    18 ***

     Time .......................................................   1.800E+04  (yr)
     Maximum change in potentiometric head ... -4.5777E-14      (m )   at location ( 8.400E+04, 1.800E+04,  200.    )(m )

                              Fluid Potentiometric Head (m)

                    Areal Layers

                                                            K =  1

           1           2           3           4           5           6           7           8           9          10
  9     325.993     326.198     326.756     327.476     328.012     328.368     328.733     327.388     323.764            
  8     329.964     330.237     331.000     332.042     332.914     333.431     345.191     351.214     354.186            
  7     333.345     333.743     334.912     336.737     338.766     340.114     357.714     367.392     372.519            
  6     335.905     336.444     338.124     341.204     346.435     355.734     367.602     376.039     381.024            
  5     337.372     337.983     339.896     343.400     349.236     358.964     369.342     376.617     382.556            
  4     337.610     338.211     340.045     343.161     347.378     351.704     362.779     366.964     375.707            
  3     336.643     337.198     338.892     341.809     346.118     351.966     352.844     342.517     359.403            
  2     334.556     335.032     336.485     338.986     342.678     347.482     344.848     332.608     343.782            
  1     331.493     331.865     332.990     334.877     337.403     339.620     336.525     326.110     323.961            



          11          12          13          14          15          16

                                                            K =  2

           1           2           3           4           5           6           7           8           9          10
  9     325.996     326.201     326.759     327.479     327.988     327.805     326.999     324.868     319.981     312.693
  8     329.966     330.240     331.003     332.044     332.881     332.716     345.728     351.808     355.187     358.164
  7     333.347     333.744     334.914     336.738     338.703     338.714     358.301     368.064     373.635     376.176
  6     335.906     336.445     338.126     341.210     346.479     356.280     368.246     376.679     381.965     380.081
  5     337.372     337.984     339.898     343.406     349.279     359.511     369.976     377.259     383.682     386.748
  4     337.610     338.212     340.047     343.162     347.338     350.911     363.349     367.532     377.204     387.638
  3     336.643     337.199     338.893     341.813     346.153     352.505     353.359     340.197     361.241     378.799
  2     334.557     335.034     336.487     338.991     342.718     348.082     345.400     331.117     345.258     358.540
  1     331.495     331.867     332.993     334.881     337.414     339.696     336.558     324.928     321.520     315.268



          11          12          13          14          15          16
  9     307.938     298.333     293.750     289.167     284.583     281.146
  8     355.519     354.228     353.047     353.277     353.250     353.029
  7     367.752     363.215     361.865     365.643     367.215     367.476
  6     351.001     342.355     338.479     353.793     356.221     356.138
  5     372.327     340.062     333.808     325.816     316.401     312.155
  4     384.750     373.599     364.469     349.958     313.578     309.744
  3     382.007     378.541     372.144     362.453     349.340     345.488
  2     361.691     361.610     357.300     350.653     343.538     340.701
  1     309.931     298.607     292.705     286.803     280.902     276.475

                                                            K =  3

           1           2           3           4           5           6           7           8           9          10
  9     326.004     326.210     326.769     327.489     327.977     326.220     321.250     316.667     312.083     307.500
  8     329.973     330.247     331.011     332.054     332.856     330.417     347.720     353.890     357.295     360.002
  7     333.352     333.750     334.922     336.749     338.640     333.854     360.271     370.049     375.514     377.568
  6     335.908     336.448     338.133     341.227     346.573     358.178     370.194     378.562     383.678     381.438
  5     337.373     337.986     339.903     343.420     349.364     361.346     371.892     379.142     385.471     388.041
  4     337.611     338.213     340.050     343.168     347.282     348.000     365.210     369.448     379.237     388.919
  3     336.645     337.201     338.898     341.823     346.215     354.325     355.205     332.049     363.524     380.230
  2     334.560     335.038     336.494     339.003     342.784     350.018     347.339     326.148     347.474     360.381
  1     331.499     331.872     333.000     334.892     337.435     339.824     336.673     321.458     316.312     310.410



          11          12          13          14          15          16
  9     302.917                                                            
  8     357.408     356.802     355.670     355.974     356.006     355.819
  7     369.146     364.696     363.369     367.111     368.674     368.937
  6     347.750     341.058     336.374     355.405     357.962     357.942
  5     373.813     336.627     331.942     323.000     314.058     309.374
  4     386.051     375.076     366.045     351.820     309.627     307.199
  3     383.354     379.919     373.578     363.993     351.134     347.312
  2     363.618     364.380     360.063     353.337     346.125     343.269
  1     304.508                                                            



                              Fraction of cell that is saturated  (-)

                    Areal Layers

                                                            K =  2

           1           2           3           4           5           6           7           8           9          10



          11          12          13          14          15          16
  9                  0.9833      0.9375      0.8917      0.8458      0.8115
  8                                                                        
  7                                                                        
  6                                                                        
  5                                                                        
  4                                                                        
  3                                                                        
  2                                                                        
  1                  0.9861      0.9270      0.8680      0.8090      0.7648

                                                            K =  3

           1           2           3           4           5           6           7           8           9          10
  9      0.2600      0.2621      0.2677      0.2749      0.2798      0.2622      0.2125      0.1667      0.1208      0.0750
  8      0.2997      0.3025      0.3101      0.3205      0.3286      0.3042      0.4772      0.5389      0.5730      0.6000
  7      0.3335      0.3375      0.3492      0.3675      0.3864      0.3385      0.6027      0.7005      0.7551      0.7757
  6      0.3591      0.3645      0.3813      0.4123      0.4657      0.5818      0.7019      0.7856      0.8368      0.8144
  5      0.3737      0.3799      0.3990      0.4342      0.4936      0.6135      0.7189      0.7914      0.8547      0.8804
  4      0.3761      0.3821      0.4005      0.4317      0.4728      0.4800      0.6521      0.6945      0.7924      0.8892
  3      0.3664      0.3720      0.3890      0.4182      0.4622      0.5432      0.5521      0.3205      0.6352      0.8023
  2      0.3456      0.3504      0.3649      0.3900      0.4278      0.5002      0.4734      0.2615      0.4747      0.6038
  1      0.3150      0.3187      0.3300      0.3489      0.3743      0.3982      0.3667      0.2146      0.1631      0.1041



          11          12          13          14          15          16
  9      0.0292                                                            
  8      0.5741      0.5680      0.5567      0.5597      0.5601      0.5582
  7      0.6915      0.6470      0.6337      0.6711      0.6867      0.6894
  6      0.4775      0.4106      0.3637      0.5540      0.5796      0.5794
  5      0.7381      0.3663      0.3194      0.2300      0.1406      0.0937
  4      0.8605      0.7508      0.6604      0.5182      0.0963      0.0720
  3      0.8335      0.7992      0.7358      0.6399      0.5113      0.4731
  2      0.6362      0.6438      0.6006      0.5334      0.4612      0.4327
  1      0.0451                                                            



                              *** Output at End of Time Step No.    27 ***

     Time .......................................................   2.700E+04  (yr)
     Maximum change in potentiometric head ... -5.0763E-14      (m )   at location ( 7.800E+04, 2.400E+04,  400.    )(m )

                              Fluid Potentiometric Head (m)

                    Areal Layers

                                                            K =  1

           1           2           3           4           5           6           7           8           9          10
  9     325.993     326.198     326.756     327.476     328.012     328.368     328.733     327.388     323.764            
  8     329.964     330.237     331.000     332.042     332.914     333.431     345.191     351.214     354.186            
  7     333.345     333.743     334.912     336.737     338.766     340.114     357.714     367.392     372.519            
  6     335.905     336.444     338.124     341.204     346.435     355.734     367.602     376.039     381.024            
  5     337.372     337.983     339.896     343.400     349.236     358.964     369.342     376.617     382.556            
  4     337.610     338.211     340.045     343.161     347.378     351.704     362.779     366.964     375.707            
  3     336.643     337.198     338.892     341.809     346.118     351.966     352.844     342.517     359.403            
  2     334.556     335.032     336.485     338.986     342.678     347.482     344.848     332.608     343.782            
  1     331.493     331.865     332.990     334.877     337.403     339.620     336.525     326.110     323.961            



          11          12          13          14          15          16

                                                            K =  2

           1           2           3           4           5           6           7           8           9          10
  9     325.996     326.201     326.759     327.479     327.988     327.805     326.999     324.868     319.981     312.693
  8     329.966     330.240     331.003     332.044     332.881     332.716     345.728     351.808     355.187     358.164
  7     333.347     333.744     334.914     336.738     338.703     338.714     358.301     368.064     373.635     376.176
  6     335.906     336.445     338.126     341.210     346.479     356.280     368.246     376.679     381.965     380.081
  5     337.372     337.984     339.898     343.406     349.279     359.511     369.976     377.259     383.682     386.748
  4     337.610     338.212     340.047     343.162     347.338     350.911     363.349     367.532     377.204     387.638
  3     336.643     337.199     338.893     341.813     346.153     352.505     353.359     340.197     361.241     378.799
  2     334.557     335.034     336.487     338.991     342.718     348.082     345.400     331.117     345.258     358.540
  1     331.495     331.867     332.993     334.881     337.414     339.696     336.558     324.928     321.520     315.268



          11          12          13          14          15          16
  9     307.938     298.333     293.750     289.167     284.583     281.146
  8     355.519     354.228     353.047     353.277     353.250     353.029
  7     367.752     363.215     361.865     365.643     367.215     367.476
  6     351.001     342.355     338.479     353.793     356.221     356.138
  5     372.327     340.062     333.808     325.816     316.401     312.155
  4     384.750     373.599     364.469     349.958     313.578     309.744
  3     382.007     378.541     372.144     362.453     349.340     345.488
  2     361.691     361.610     357.300     350.653     343.538     340.701
  1     309.931     298.607     292.705     286.803     280.902     276.475

                                                            K =  3

           1           2           3           4           5           6           7           8           9          10
  9     326.004     326.210     326.769     327.489     327.977     326.220     321.250     316.667     312.083     307.500
  8     329.973     330.247     331.011     332.054     332.856     330.417     347.720     353.890     357.295     360.002
  7     333.352     333.750     334.922     336.749     338.640     333.854     360.271     370.049     375.514     377.568
  6     335.908     336.448     338.133     341.227     346.573     358.178     370.194     378.562     383.678     381.438
  5     337.373     337.986     339.903     343.420     349.364     361.346     371.892     379.142     385.471     388.041
  4     337.611     338.213     340.050     343.168     347.282     348.000     365.210     369.448     379.237     388.919
  3     336.645     337.201     338.898     341.823     346.215     354.325     355.205     332.049     363.524     380.230
  2     334.560     335.038     336.494     339.003     342.784     350.018     347.339     326.148     347.474     360.381
  1     331.499     331.872     333.000     334.892     337.435     339.824     336.673     321.458     316.312     310.410



          11          12          13          14          15          16
  9     302.917                                                            
  8     357.408     356.802     355.670     355.974     356.006     355.819
  7     369.146     364.696     363.369     367.111     368.674     368.937
  6     347.750     341.058     336.374     355.405     357.962     357.942
  5     373.813     336.627     331.942     323.000     314.058     309.374
  4     386.051     375.076     366.045     351.820     309.627     307.199
  3     383.354     379.919     373.578     363.993     351.134     347.312
  2     363.618     364.380     360.063     353.337     346.125     343.269
  1     304.508                                                            



                              Fraction of cell that is saturated  (-)

                    Areal Layers

                                                            K =  2

           1           2           3           4           5           6           7           8           9          10



          11          12          13          14          15          16
  9                  0.9833      0.9375      0.8917      0.8458      0.8115
  8                                                                        
  7                                                                        
  6                                                                        
  5                                                                        
  4                                                                        
  3                                                                        
  2                                                                        
  1                  0.9861      0.9270      0.8680      0.8090      0.7648

                                                            K =  3

           1           2           3           4           5           6           7           8           9          10
  9      0.2600      0.2621      0.2677      0.2749      0.2798      0.2622      0.2125      0.1667      0.1208      0.0750
  8      0.2997      0.3025      0.3101      0.3205      0.3286      0.3042      0.4772      0.5389      0.5730      0.6000
  7      0.3335      0.3375      0.3492      0.3675      0.3864      0.3385      0.6027      0.7005      0.7551      0.7757
  6      0.3591      0.3645      0.3813      0.4123      0.4657      0.5818      0.7019      0.7856      0.8368      0.8144
  5      0.3737      0.3799      0.3990      0.4342      0.4936      0.6135      0.7189      0.7914      0.8547      0.8804
  4      0.3761      0.3821      0.4005      0.4317      0.4728      0.4800      0.6521      0.6945      0.7924      0.8892
  3      0.3664      0.3720      0.3890      0.4182      0.4622      0.5432      0.5521      0.3205      0.6352      0.8023
  2      0.3456      0.3504      0.3649      0.3900      0.4278      0.5002      0.4734      0.2615      0.4747      0.6038
  1      0.3150      0.3187      0.3300      0.3489      0.3743      0.3982      0.3667      0.2146      0.1631      0.1041



          11          12          13          14          15          16
  9      0.0292                                                            
  8      0.5741      0.5680      0.5567      0.5597      0.5601      0.5582
  7      0.6915      0.6470      0.6337      0.6711      0.6867      0.6894
  6      0.4775      0.4106      0.3637      0.5540      0.5796      0.5794
  5      0.7381      0.3663      0.3194      0.2300      0.1406      0.0937
  4      0.8605      0.7508      0.6604      0.5182      0.0963      0.0720
  3      0.8335      0.7992      0.7358      0.6399      0.5113      0.4731
  2      0.6362      0.6438      0.6006      0.5334      0.4612      0.4327
  1      0.0451                                                            



                              *** Output at End of Time Step No.    31 ***

     Time .......................................................   3.100E+04  (yr)
     Maximum change in potentiometric head ... -5.0763E-14      (m )   at location ( 7.800E+04, 2.400E+04,  400.    )(m )

                              Fluid Potentiometric Head (m)

                    Areal Layers

                                                            K =  1

           1           2           3           4           5           6           7           8           9          10
  9     325.993     326.198     326.756     327.476     328.012     328.368     328.733     327.388     323.764            
  8     329.964     330.237     331.000     332.042     332.914     333.431     345.191     351.214     354.186            
  7     333.345     333.743     334.912     336.737     338.766     340.114     357.714     367.392     372.519            
  6     335.905     336.444     338.124     341.204     346.435     355.734     367.602     376.039     381.024            
  5     337.372     337.983     339.896     343.400     349.236     358.964     369.342     376.617     382.556            
  4     337.610     338.211     340.045     343.161     347.378     351.704     362.779     366.964     375.707            
  3     336.643     337.198     338.892     341.809     346.118     351.966     352.844     342.517     359.403            
  2     334.556     335.032     336.485     338.986     342.678     347.482     344.848     332.608     343.782            
  1     331.493     331.865     332.990     334.877     337.403     339.620     336.525     326.110     323.961            



          11          12          13          14          15          16

                                                            K =  2

           1           2           3           4           5           6           7           8           9          10
  9     325.996     326.201     326.759     327.479     327.988     327.805     326.999     324.868     319.981     312.693
  8     329.966     330.240     331.003     332.044     332.881     332.716     345.728     351.808     355.187     358.164
  7     333.347     333.744     334.914     336.738     338.703     338.714     358.301     368.064     373.635     376.176
  6     335.906     336.445     338.126     341.210     346.479     356.280     368.246     376.679     381.965     380.081
  5     337.372     337.984     339.898     343.406     349.279     359.511     369.976     377.259     383.682     386.748
  4     337.610     338.212     340.047     343.162     347.338     350.911     363.349     367.532     377.204     387.638
  3     336.643     337.199     338.893     341.813     346.153     352.505     353.359     340.197     361.241     378.799
  2     334.557     335.034     336.487     338.991     342.718     348.082     345.400     331.117     345.258     358.540
  1     331.495     331.867     332.993     334.881     337.414     339.696     336.558     324.928     321.520     315.268



          11          12          13          14          15          16
  9     307.938     298.333     293.750     289.167     284.583     281.146
  8     355.519     354.228     353.047     353.277     353.250     353.029
  7     367.752     363.215     361.865     365.643     367.215     367.476
  6     351.001     342.355     338.479     353.793     356.221     356.138
  5     372.327     340.062     333.808     325.816     316.401     312.155
  4     384.750     373.599     364.469     349.958     313.578     309.744
  3     382.007     378.541     372.144     362.453     349.340     345.488
  2     361.691     361.610     357.300     350.653     343.538     340.701
  1     309.931     298.607     292.705     286.803     280.902     276.475

                                                            K =  3

           1           2           3           4           5           6           7           8           9          10
  9     326.004     326.210     326.769     327.489     327.977     326.220     321.250     316.667     312.083     307.500
  8     329.973     330.247     331.011     332.054     332.856     330.417     347.720     353.890     357.295     360.002
  7     333.352     333.750     334.922     336.749     338.640     333.854     360.271     370.049     375.514     377.568
  6     335.908     336.448     338.133     341.227     346.573     358.178     370.194     378.562     383.678     381.438
  5     337.373     337.986     339.903     343.420     349.364     361.346     371.892     379.142     385.471     388.041
  4     337.611     338.213     340.050     343.168     347.282     348.000     365.210     369.448     379.237     388.919
  3     336.645     337.201     338.898     341.823     346.215     354.325     355.205     332.049     363.524     380.230
  2     334.560     335.038     336.494     339.003     342.784     350.018     347.339     326.148     347.474     360.381
  1     331.499     331.872     333.000     334.892     337.435     339.824     336.673     321.458     316.312     310.410



          11          12          13          14          15          16
  9     302.917                                                            
  8     357.408     356.802     355.670     355.974     356.006     355.819
  7     369.146     364.696     363.369     367.111     368.674     368.937
  6     347.750     341.058     336.374     355.405     357.962     357.942
  5     373.813     336.627     331.942     323.000     314.058     309.374
  4     386.051     375.076     366.045     351.820     309.627     307.199
  3     383.354     379.919     373.578     363.993     351.134     347.312
  2     363.618     364.380     360.063     353.337     346.125     343.269
  1     304.508                                                            



                              Fraction of cell that is saturated  (-)

                    Areal Layers

                                                            K =  2

           1           2           3           4           5           6           7           8           9          10



          11          12          13          14          15          16
  9                  0.9833      0.9375      0.8917      0.8458      0.8115
  8                                                                        
  7                                                                        
  6                                                                        
  5                                                                        
  4                                                                        
  3                                                                        
  2                                                                        
  1                  0.9861      0.9270      0.8680      0.8090      0.7648

                                                            K =  3

           1           2           3           4           5           6           7           8           9          10
  9      0.2600      0.2621      0.2677      0.2749      0.2798      0.2622      0.2125      0.1667      0.1208      0.0750
  8      0.2997      0.3025      0.3101      0.3205      0.3286      0.3042      0.4772      0.5389      0.5730      0.6000
  7      0.3335      0.3375      0.3492      0.3675      0.3864      0.3385      0.6027      0.7005      0.7551      0.7757
  6      0.3591      0.3645      0.3813      0.4123      0.4657      0.5818      0.7019      0.7856      0.8368      0.8144
  5      0.3737      0.3799      0.3990      0.4342      0.4936      0.6135      0.7189      0.7914      0.8547      0.8804
  4      0.3761      0.3821      0.4005      0.4317      0.4728      0.4800      0.6521      0.6945      0.7924      0.8892
  3      0.3664      0.3720      0.3890      0.4182      0.4622      0.5432      0.5521      0.3205      0.6352      0.8023
  2      0.3456      0.3504      0.3649      0.3900      0.4278      0.5002      0.4734      0.2615      0.4747      0.6038
  1      0.3150      0.3187      0.3300      0.3489      0.3743      0.3982      0.3667      0.2146      0.1631      0.1041



          11          12          13          14          15          16
  9      0.0292                                                            
  8      0.5741      0.5680      0.5567      0.5597      0.5601      0.5582
  7      0.6915      0.6470      0.6337      0.6711      0.6867      0.6894
  6      0.4775      0.4106      0.3637      0.5540      0.5796      0.5794
  5      0.7381      0.3663      0.3194      0.2300      0.1406      0.0937
  4      0.8605      0.7508      0.6604      0.5182      0.0963      0.0720
  3      0.8335      0.7992      0.7358      0.6399      0.5113      0.4731
  2      0.6362      0.6438      0.6006      0.5334      0.4612      0.4327
  1      0.0451                                                            




                                       ***** Simulation Completed *****
               Last time value calculated ...................................... 3.1000E+04 (yr)
               Last time step index ............................................      31
