

                          ..       3D analytic, continuous injection, 4 species chain decay               
                          ..       Sun, Peterson, Clement (1999) J. Cont. Hyd., Example 6.3               


                              X-Direction Node Coordinates    (m)

           1           2           3           4           5           6           7           8           9          10
              0        4.00        8.00       12.00       16.00       20.00       24.00       28.00       32.00       36.00



          11          12          13          14          15          16          17          18          19          20
          40.00       44.00       48.00       52.00       56.00       60.00       64.00       68.00       72.00       76.00



          21          22          23          24          25          26
          80.00       84.00       88.00       92.00       96.00      100.00




                              Y-Direction Node Coordinates   (m)

           1           2           3           4           5           6           7           8           9          10
              0        0.50        1.50        2.50        3.50        4.50        5.50        6.50        7.50        8.50



          11          12          13          14          15          16          17          18          19          20
           9.50       10.50       11.50       12.50       13.50       14.50       15.50       16.50       17.50       18.50



          21          22
          19.50       20.50




                              Z-Direction Node Coordinates   (m)

           1           2           3           4           5           6           7           8           9          10
              0        0.50        1.50        2.50        3.50        4.50        5.50        6.50        7.50        8.50



          11          12          13          14
           9.50       10.50       11.50       12.50



                              *** Output at End of Steady State Iteration No.     1 ***

     Time .......................................................   0.000e+00  (d)


                         Specified Head B.C.: Flow Rates (average over time step)
                         (positive is into the region)
                    Fluid   (kg/d)

                    Areal Layers

                                                            K =  1

           1           2           3           4           5           6           7           8           9          10
 22   2.500                                                                                                                
 21   5.000                                                                                                                
 20   5.000                                                                                                                
 19   5.000                                                                                                                
 18   5.000                                                                                                                
 17   5.000                                                                                                                
 16   5.000                                                                                                                
 15   5.000                                                                                                                
 14   5.000                                                                                                                
 13   5.000                                                                                                                
 12   5.000                                                                                                                
 11   5.000                                                                                                                
 10   5.000                                                                                                                
  9   5.000                                                                                                                
  8   5.000                                                                                                                
  7   5.000                                                                                                                
  6   5.000                                                                                                                
  5   5.000                                                                                                                
  4   5.000                                                                                                                
  3   5.000                                                                                                                
  2   3.750                                                                                                                
  1   1.250                                                                                                                



          11          12          13          14          15          16          17          18          19          20



          21          22          23          24          25          26
 22                                                              -2.500    
 21                                                              -5.000    
 20                                                              -5.000    
 19                                                              -5.000    
 18                                                              -5.000    
 17                                                              -5.000    
 16                                                              -5.000    
 15                                                              -5.000    
 14                                                              -5.000    
 13                                                              -5.000    
 12                                                              -5.000    
 11                                                              -5.000    
 10                                                              -5.000    
  9                                                              -5.000    
  8                                                              -5.000    
  7                                                              -5.000    
  6                                                              -5.000    
  5                                                              -5.000    
  4                                                              -5.000    
  3                                                              -5.000    
  2                                                              -3.750    
  1                                                              -1.250    

                                                            K =  2

           1           2           3           4           5           6           7           8           9          10
 22   7.500                                                                                                                
 21   15.00                                                                                                                
 20   15.00                                                                                                                
 19   15.00                                                                                                                
 18   15.00                                                                                                                
 17   15.00                                                                                                                
 16   15.00                                                                                                                
 15   15.00                                                                                                                
 14   15.00                                                                                                                
 13   15.00                                                                                                                
 12   15.00                                                                                                                
 11   15.00                                                                                                                
 10   15.00                                                                                                                
  9   15.00                                                                                                                
  8   15.00                                                                                                                
  7   15.00                                                                                                                
  6   15.00                                                                                                                
  5   15.00                                                                                                                
  4   15.00                                                                                                                
  3   15.00                                                                                                                
  2   11.25                                                                                                                
  1   3.750                                                                                                                



          11          12          13          14          15          16          17          18          19          20



          21          22          23          24          25          26
 22                                                              -7.500    
 21                                                              -15.00    
 20                                                              -15.00    
 19                                                              -15.00    
 18                                                              -15.00    
 17                                                              -15.00    
 16                                                              -15.00    
 15                                                              -15.00    
 14                                                              -15.00    
 13                                                              -15.00    
 12                                                              -15.00    
 11                                                              -15.00    
 10                                                              -15.00    
  9                                                              -15.00    
  8                                                              -15.00    
  7                                                              -15.00    
  6                                                              -15.00    
  5                                                              -15.00    
  4                                                              -15.00    
  3                                                              -15.00    
  2                                                              -11.25    
  1                                                              -3.750    

                                                            K =  3

           1           2           3           4           5           6           7           8           9          10
 22   10.00                                                                                                                
 21   20.00                                                                                                                
 20   20.00                                                                                                                
 19   20.00                                                                                                                
 18   20.00                                                                                                                
 17   20.00                                                                                                                
 16   20.00                                                                                                                
 15   20.00                                                                                                                
 14   20.00                                                                                                                
 13   20.00                                                                                                                
 12   20.00                                                                                                                
 11   20.00                                                                                                                
 10   20.00                                                                                                                
  9   20.00                                                                                                                
  8   20.00                                                                                                                
  7   20.00                                                                                                                
  6   20.00                                                                                                                
  5   20.00                                                                                                                
  4   20.00                                                                                                                
  3   20.00                                                                                                                
  2   15.00                                                                                                                
  1   5.000                                                                                                                



          11          12          13          14          15          16          17          18          19          20



          21          22          23          24          25          26
 22                                                              -10.00    
 21                                                              -20.00    
 20                                                              -20.00    
 19                                                              -20.00    
 18                                                              -20.00    
 17                                                              -20.00    
 16                                                              -20.00    
 15                                                              -20.00    
 14                                                              -20.00    
 13                                                              -20.00    
 12                                                              -20.00    
 11                                                              -20.00    
 10                                                              -20.00    
  9                                                              -20.00    
  8                                                              -20.00    
  7                                                              -20.00    
  6                                                              -20.00    
  5                                                              -20.00    
  4                                                              -20.00    
  3                                                              -20.00    
  2                                                              -15.00    
  1                                                              -5.000    

                                                            K =  4

           1           2           3           4           5           6           7           8           9          10
 22   10.00                                                                                                                
 21   20.00                                                                                                                
 20   20.00                                                                                                                
 19   20.00                                                                                                                
 18   20.00                                                                                                                
 17   20.00                                                                                                                
 16   20.00                                                                                                                
 15   20.00                                                                                                                
 14   20.00                                                                                                                
 13   20.00                                                                                                                
 12   20.00                                                                                                                
 11   20.00                                                                                                                
 10   20.00                                                                                                                
  9   20.00                                                                                                                
  8   20.00                                                                                                                
  7   20.00                                                                                                                
  6   20.00                                                                                                                
  5   20.00                                                                                                                
  4   20.00                                                                                                                
  3   20.00                                                                                                                
  2   15.00                                                                                                                
  1   5.000                                                                                                                



          11          12          13          14          15          16          17          18          19          20



          21          22          23          24          25          26
 22                                                              -10.00    
 21                                                              -20.00    
 20                                                              -20.00    
 19                                                              -20.00    
 18                                                              -20.00    
 17                                                              -20.00    
 16                                                              -20.00    
 15                                                              -20.00    
 14                                                              -20.00    
 13                                                              -20.00    
 12                                                              -20.00    
 11                                                              -20.00    
 10                                                              -20.00    
  9                                                              -20.00    
  8                                                              -20.00    
  7                                                              -20.00    
  6                                                              -20.00    
  5                                                              -20.00    
  4                                                              -20.00    
  3                                                              -20.00    
  2                                                              -15.00    
  1                                                              -5.000    

                                                            K =  5

           1           2           3           4           5           6           7           8           9          10
 22   10.00                                                                                                                
 21   20.00                                                                                                                
 20   20.00                                                                                                                
 19   20.00                                                                                                                
 18   20.00                                                                                                                
 17   20.00                                                                                                                
 16   20.00                                                                                                                
 15   20.00                                                                                                                
 14   20.00                                                                                                                
 13   20.00                                                                                                                
 12   20.00                                                                                                                
 11   20.00                                                                                                                
 10   20.00                                                                                                                
  9   20.00                                                                                                                
  8   20.00                                                                                                                
  7   20.00                                                                                                                
  6   20.00                                                                                                                
  5   20.00                                                                                                                
  4   20.00                                                                                                                
  3   20.00                                                                                                                
  2   15.00                                                                                                                
  1   5.000                                                                                                                



          11          12          13          14          15          16          17          18          19          20



          21          22          23          24          25          26
 22                                                              -10.00    
 21                                                              -20.00    
 20                                                              -20.00    
 19                                                              -20.00    
 18                                                              -20.00    
 17                                                              -20.00    
 16                                                              -20.00    
 15                                                              -20.00    
 14                                                              -20.00    
 13                                                              -20.00    
 12                                                              -20.00    
 11                                                              -20.00    
 10                                                              -20.00    
  9                                                              -20.00    
  8                                                              -20.00    
  7                                                              -20.00    
  6                                                              -20.00    
  5                                                              -20.00    
  4                                                              -20.00    
  3                                                              -20.00    
  2                                                              -15.00    
  1                                                              -5.000    

                                                            K =  6

           1           2           3           4           5           6           7           8           9          10
 22   10.00                                                                                                                
 21   20.00                                                                                                                
 20   20.00                                                                                                                
 19   20.00                                                                                                                
 18   20.00                                                                                                                
 17   20.00                                                                                                                
 16   20.00                                                                                                                
 15   20.00                                                                                                                
 14   20.00                                                                                                                
 13   20.00                                                                                                                
 12   20.00                                                                                                                
 11   20.00                                                                                                                
 10   20.00                                                                                                                
  9   20.00                                                                                                                
  8   20.00                                                                                                                
  7   20.00                                                                                                                
  6   20.00                                                                                                                
  5   20.00                                                                                                                
  4   20.00                                                                                                                
  3   20.00                                                                                                                
  2   15.00                                                                                                                
  1   5.000                                                                                                                



          11          12          13          14          15          16          17          18          19          20



          21          22          23          24          25          26
 22                                                              -10.00    
 21                                                              -20.00    
 20                                                              -20.00    
 19                                                              -20.00    
 18                                                              -20.00    
 17                                                              -20.00    
 16                                                              -20.00    
 15                                                              -20.00    
 14                                                              -20.00    
 13                                                              -20.00    
 12                                                              -20.00    
 11                                                              -20.00    
 10                                                              -20.00    
  9                                                              -20.00    
  8                                                              -20.00    
  7                                                              -20.00    
  6                                                              -20.00    
  5                                                              -20.00    
  4                                                              -20.00    
  3                                                              -20.00    
  2                                                              -15.00    
  1                                                              -5.000    

                                                            K =  7

           1           2           3           4           5           6           7           8           9          10
 22   10.00                                                                                                                
 21   20.00                                                                                                                
 20   20.00                                                                                                                
 19   20.00                                                                                                                
 18   20.00                                                                                                                
 17   20.00                                                                                                                
 16   20.00                                                                                                                
 15   20.00                                                                                                                
 14   20.00                                                                                                                
 13   20.00                                                                                                                
 12   20.00                                                                                                                
 11   20.00                                                                                                                
 10   20.00                                                                                                                
  9   20.00                                                                                                                
  8   20.00                                                                                                                
  7   20.00                                                                                                                
  6   20.00                                                                                                                
  5   20.00                                                                                                                
  4   20.00                                                                                                                
  3   20.00                                                                                                                
  2   15.00                                                                                                                
  1   5.000                                                                                                                



          11          12          13          14          15          16          17          18          19          20



          21          22          23          24          25          26
 22                                                              -10.00    
 21                                                              -20.00    
 20                                                              -20.00    
 19                                                              -20.00    
 18                                                              -20.00    
 17                                                              -20.00    
 16                                                              -20.00    
 15                                                              -20.00    
 14                                                              -20.00    
 13                                                              -20.00    
 12                                                              -20.00    
 11                                                              -20.00    
 10                                                              -20.00    
  9                                                              -20.00    
  8                                                              -20.00    
  7                                                              -20.00    
  6                                                              -20.00    
  5                                                              -20.00    
  4                                                              -20.00    
  3                                                              -20.00    
  2                                                              -15.00    
  1                                                              -5.000    

                                                            K =  8

           1           2           3           4           5           6           7           8           9          10
 22   10.00                                                                                                                
 21   20.00                                                                                                                
 20   20.00                                                                                                                
 19   20.00                                                                                                                
 18   20.00                                                                                                                
 17   20.00                                                                                                                
 16   20.00                                                                                                                
 15   20.00                                                                                                                
 14   20.00                                                                                                                
 13   20.00                                                                                                                
 12   20.00                                                                                                                
 11   20.00                                                                                                                
 10   20.00                                                                                                                
  9   20.00                                                                                                                
  8   20.00                                                                                                                
  7   20.00                                                                                                                
  6   20.00                                                                                                                
  5   20.00                                                                                                                
  4   20.00                                                                                                                
  3   20.00                                                                                                                
  2   15.00                                                                                                                
  1   5.000                                                                                                                



          11          12          13          14          15          16          17          18          19          20



          21          22          23          24          25          26
 22                                                              -10.00    
 21                                                              -20.00    
 20                                                              -20.00    
 19                                                              -20.00    
 18                                                              -20.00    
 17                                                              -20.00    
 16                                                              -20.00    
 15                                                              -20.00    
 14                                                              -20.00    
 13                                                              -20.00    
 12                                                              -20.00    
 11                                                              -20.00    
 10                                                              -20.00    
  9                                                              -20.00    
  8                                                              -20.00    
  7                                                              -20.00    
  6                                                              -20.00    
  5                                                              -20.00    
  4                                                              -20.00    
  3                                                              -20.00    
  2                                                              -15.00    
  1                                                              -5.000    

                                                            K =  9

           1           2           3           4           5           6           7           8           9          10
 22   10.00                                                                                                                
 21   20.00                                                                                                                
 20   20.00                                                                                                                
 19   20.00                                                                                                                
 18   20.00                                                                                                                
 17   20.00                                                                                                                
 16   20.00                                                                                                                
 15   20.00                                                                                                                
 14   20.00                                                                                                                
 13   20.00                                                                                                                
 12   20.00                                                                                                                
 11   20.00                                                                                                                
 10   20.00                                                                                                                
  9   20.00                                                                                                                
  8   20.00                                                                                                                
  7   20.00                                                                                                                
  6   20.00                                                                                                                
  5   20.00                                                                                                                
  4   20.00                                                                                                                
  3   20.00                                                                                                                
  2   15.00                                                                                                                
  1   5.000                                                                                                                



          11          12          13          14          15          16          17          18          19          20



          21          22          23          24          25          26
 22                                                              -10.00    
 21                                                              -20.00    
 20                                                              -20.00    
 19                                                              -20.00    
 18                                                              -20.00    
 17                                                              -20.00    
 16                                                              -20.00    
 15                                                              -20.00    
 14                                                              -20.00    
 13                                                              -20.00    
 12                                                              -20.00    
 11                                                              -20.00    
 10                                                              -20.00    
  9                                                              -20.00    
  8                                                              -20.00    
  7                                                              -20.00    
  6                                                              -20.00    
  5                                                              -20.00    
  4                                                              -20.00    
  3                                                              -20.00    
  2                                                              -15.00    
  1                                                              -5.000    

                                                            K = 10

           1           2           3           4           5           6           7           8           9          10
 22   10.00                                                                                                                
 21   20.00                                                                                                                
 20   20.00                                                                                                                
 19   20.00                                                                                                                
 18   20.00                                                                                                                
 17   20.00                                                                                                                
 16   20.00                                                                                                                
 15   20.00                                                                                                                
 14   20.00                                                                                                                
 13   20.00                                                                                                                
 12   20.00                                                                                                                
 11   20.00                                                                                                                
 10   20.00                                                                                                                
  9   20.00                                                                                                                
  8   20.00                                                                                                                
  7   20.00                                                                                                                
  6   20.00                                                                                                                
  5   20.00                                                                                                                
  4   20.00                                                                                                                
  3   20.00                                                                                                                
  2   15.00                                                                                                                
  1   5.000                                                                                                                



          11          12          13          14          15          16          17          18          19          20



          21          22          23          24          25          26
 22                                                              -10.00    
 21                                                              -20.00    
 20                                                              -20.00    
 19                                                              -20.00    
 18                                                              -20.00    
 17                                                              -20.00    
 16                                                              -20.00    
 15                                                              -20.00    
 14                                                              -20.00    
 13                                                              -20.00    
 12                                                              -20.00    
 11                                                              -20.00    
 10                                                              -20.00    
  9                                                              -20.00    
  8                                                              -20.00    
  7                                                              -20.00    
  6                                                              -20.00    
  5                                                              -20.00    
  4                                                              -20.00    
  3                                                              -20.00    
  2                                                              -15.00    
  1                                                              -5.000    

                                                            K = 11

           1           2           3           4           5           6           7           8           9          10
 22   10.00                                                                                                                
 21   20.00                                                                                                                
 20   20.00                                                                                                                
 19   20.00                                                                                                                
 18   20.00                                                                                                                
 17   20.00                                                                                                                
 16   20.00                                                                                                                
 15   20.00                                                                                                                
 14   20.00                                                                                                                
 13   20.00                                                                                                                
 12   20.00                                                                                                                
 11   20.00                                                                                                                
 10   20.00                                                                                                                
  9   20.00                                                                                                                
  8   20.00                                                                                                                
  7   20.00                                                                                                                
  6   20.00                                                                                                                
  5   20.00                                                                                                                
  4   20.00                                                                                                                
  3   20.00                                                                                                                
  2   15.00                                                                                                                
  1   5.000                                                                                                                



          11          12          13          14          15          16          17          18          19          20



          21          22          23          24          25          26
 22                                                              -10.00    
 21                                                              -20.00    
 20                                                              -20.00    
 19                                                              -20.00    
 18                                                              -20.00    
 17                                                              -20.00    
 16                                                              -20.00    
 15                                                              -20.00    
 14                                                              -20.00    
 13                                                              -20.00    
 12                                                              -20.00    
 11                                                              -20.00    
 10                                                              -20.00    
  9                                                              -20.00    
  8                                                              -20.00    
  7                                                              -20.00    
  6                                                              -20.00    
  5                                                              -20.00    
  4                                                              -20.00    
  3                                                              -20.00    
  2                                                              -15.00    
  1                                                              -5.000    

                                                            K = 12

           1           2           3           4           5           6           7           8           9          10
 22   10.00                                                                                                                
 21   20.00                                                                                                                
 20   20.00                                                                                                                
 19   20.00                                                                                                                
 18   20.00                                                                                                                
 17   20.00                                                                                                                
 16   20.00                                                                                                                
 15   20.00                                                                                                                
 14   20.00                                                                                                                
 13   20.00                                                                                                                
 12   20.00                                                                                                                
 11   20.00                                                                                                                
 10   20.00                                                                                                                
  9   20.00                                                                                                                
  8   20.00                                                                                                                
  7   20.00                                                                                                                
  6   20.00                                                                                                                
  5   20.00                                                                                                                
  4   20.00                                                                                                                
  3   20.00                                                                                                                
  2   15.00                                                                                                                
  1   5.000                                                                                                                



          11          12          13          14          15          16          17          18          19          20



          21          22          23          24          25          26
 22                                                              -10.00    
 21                                                              -20.00    
 20                                                              -20.00    
 19                                                              -20.00    
 18                                                              -20.00    
 17                                                              -20.00    
 16                                                              -20.00    
 15                                                              -20.00    
 14                                                              -20.00    
 13                                                              -20.00    
 12                                                              -20.00    
 11                                                              -20.00    
 10                                                              -20.00    
  9                                                              -20.00    
  8                                                              -20.00    
  7                                                              -20.00    
  6                                                              -20.00    
  5                                                              -20.00    
  4                                                              -20.00    
  3                                                              -20.00    
  2                                                              -15.00    
  1                                                              -5.000    

                                                            K = 13

           1           2           3           4           5           6           7           8           9          10
 22   10.00                                                                                                                
 21   20.00                                                                                                                
 20   20.00                                                                                                                
 19   20.00                                                                                                                
 18   20.00                                                                                                                
 17   20.00                                                                                                                
 16   20.00                                                                                                                
 15   20.00                                                                                                                
 14   20.00                                                                                                                
 13   20.00                                                                                                                
 12   20.00                                                                                                                
 11   20.00                                                                                                                
 10   20.00                                                                                                                
  9   20.00                                                                                                                
  8   20.00                                                                                                                
  7   20.00                                                                                                                
  6   20.00                                                                                                                
  5   20.00                                                                                                                
  4   20.00                                                                                                                
  3   20.00                                                                                                                
  2   15.00                                                                                                                
  1   5.000                                                                                                                



          11          12          13          14          15          16          17          18          19          20



          21          22          23          24          25          26
 22                                                              -10.00    
 21                                                              -20.00    
 20                                                              -20.00    
 19                                                              -20.00    
 18                                                              -20.00    
 17                                                              -20.00    
 16                                                              -20.00    
 15                                                              -20.00    
 14                                                              -20.00    
 13                                                              -20.00    
 12                                                              -20.00    
 11                                                              -20.00    
 10                                                              -20.00    
  9                                                              -20.00    
  8                                                              -20.00    
  7                                                              -20.00    
  6                                                              -20.00    
  5                                                              -20.00    
  4                                                              -20.00    
  3                                                              -20.00    
  2                                                              -15.00    
  1                                                              -5.000    

                                                            K = 14

           1           2           3           4           5           6           7           8           9          10
 22   5.000                                                                                                                
 21   10.00                                                                                                                
 20   10.00                                                                                                                
 19   10.00                                                                                                                
 18   10.00                                                                                                                
 17   10.00                                                                                                                
 16   10.00                                                                                                                
 15   10.00                                                                                                                
 14   10.00                                                                                                                
 13   10.00                                                                                                                
 12   10.00                                                                                                                
 11   10.00                                                                                                                
 10   10.00                                                                                                                
  9   10.00                                                                                                                
  8   10.00                                                                                                                
  7   10.00                                                                                                                
  6   10.00                                                                                                                
  5   10.00                                                                                                                
  4   10.00                                                                                                                
  3   10.00                                                                                                                
  2   7.500                                                                                                                
  1   2.500                                                                                                                



          11          12          13          14          15          16          17          18          19          20



          21          22          23          24          25          26
 22                                                              -5.000    
 21                                                              -10.00    
 20                                                              -10.00    
 19                                                              -10.00    
 18                                                              -10.00    
 17                                                              -10.00    
 16                                                              -10.00    
 15                                                              -10.00    
 14                                                              -10.00    
 13                                                              -10.00    
 12                                                              -10.00    
 11                                                              -10.00    
 10                                                              -10.00    
  9                                                              -10.00    
  8                                                              -10.00    
  7                                                              -10.00    
  6                                                              -10.00    
  5                                                              -10.00    
  4                                                              -10.00    
  3                                                              -10.00    
  2                                                              -7.500    
  1                                                              -2.500    




                                       ***** Simulation Completed *****
               Last time value calculated ......................................  40.00     (d)
               Last time step index ............................................       4
