

                          ..       3D analytic, continuous injection, 4 species chain decay               
                          ..       Sun, Peterson, Clement (1999) J. Cont. Hyd., Example 6.3               


                              X-Direction Node Coordinates    (m)

           1           2           3           4           5           6           7           8           9          10
           0.00        4.00        8.00       12.00       16.00       20.00       24.00       28.00       32.00       36.00



          11          12          13          14          15          16          17          18          19          20
          40.00       44.00       48.00       52.00       56.00       60.00       64.00       68.00       72.00       76.00



          21          22          23          24          25          26
          80.00       84.00       88.00       92.00       96.00      100.00




                              Y-Direction Node Coordinates   (m)

           1           2           3           4           5           6           7           8           9          10
           0.00        0.50        1.50        2.50        3.50        4.50        5.50        6.50        7.50        8.50



          11          12          13          14          15          16          17          18          19          20
           9.50       10.50       11.50       12.50       13.50       14.50       15.50       16.50       17.50       18.50



          21          22
          19.50       20.50




                              Z-Direction Node Coordinates   (m)

           1           2           3           4           5           6           7           8           9          10
           0.00        0.50        1.50        2.50        3.50        4.50        5.50        6.50        7.50        8.50



          11          12          13          14
           9.50       10.50       11.50       12.50




                              X-Direction Node Coordinates    (m)

           1           2           3           4           5           6           7           8           9          10
           0.00        4.00        8.00       12.00       16.00       20.00       24.00       28.00       32.00       36.00



          11          12          13          14          15          16          17          18          19          20
          40.00       44.00       48.00       52.00       56.00       60.00       64.00       68.00       72.00       76.00



          21          22          23          24          25          26
          80.00       84.00       88.00       92.00       96.00      100.00




                              Y-Direction Node Coordinates   (m)

           1           2           3           4           5           6           7           8           9          10
           0.00        0.50        1.50        2.50        3.50        4.50        5.50        6.50        7.50        8.50



          11          12          13          14          15          16          17          18          19          20
           9.50       10.50       11.50       12.50       13.50       14.50       15.50       16.50       17.50       18.50



          21          22
          19.50       20.50




                              Z-Direction Node Coordinates   (m)

           1           2           3           4           5           6           7           8           9          10
           0.00        0.50        1.50        2.50        3.50        4.50        5.50        6.50        7.50        8.50



          11          12          13          14
           9.50       10.50       11.50       12.50



                                   Index Numbers for Flow Zones

                    Areal Layers

                                                            K =  1

           1           2           3           4           5           6           7           8           9          10



          11          12          13          14          15          16          17          18          19          20
 22                                              1.                                                                        
 21                                              1.                                                                        
 20                                              1.                                                                        
 19                                              1.                                                                        
 18                                              1.                                                                        
 17                                              1.                                                                        
 16                                              1.                                                                        
 15                                              1.                                                                        
 14                                              1.                                                                        
 13                                              1.                                                                        
 12                                              1.                                                                        
 11                                              1.                                                                        
 10                                              1.                                                                        
  9                                              1.                                                                        
  8                                              1.                                                                        
  7                                              1.                                                                        
  6                                              1.                                                                        
  5                                              1.                                                                        
  4                                              1.                                                                        
  3                                              1.                                                                        
  2                                              1.                                                                        
  1                                              1.                                                                        



          21          22          23          24          25          26
 22                                                                      1.
 21                                                                      1.
 20                                                                      1.
 19                                                                      1.
 18                                                                      1.
 17                                                                      1.
 16                                                                      1.
 15                                                                      1.
 14                                                                      1.
 13                                                                      1.
 12                                                                      1.
 11                                                                      1.
 10                                                                      1.
  9                                                                      1.
  8                                                                      1.
  7                                                                      1.
  6                                                                      1.
  5                                                                      1.
  4                                                                      1.
  3                                                                      1.
  2                                                                      1.
  1                                                                      1.

                                                            K =  2

           1           2           3           4           5           6           7           8           9          10



          11          12          13          14          15          16          17          18          19          20
 22                                              1.                                                                        
 21                                              1.                                                                        
 20                                              1.                                                                        
 19                                              1.                                                                        
 18                                              1.                                                                        
 17                                              1.                                                                        
 16                                              1.                                                                        
 15                                              1.                                                                        
 14                                              1.                                                                        
 13                                              1.                                                                        
 12                                              1.                                                                        
 11                                              1.                                                                        
 10                                              1.                                                                        
  9                                              1.                                                                        
  8                                              1.                                                                        
  7                                              1.                                                                        
  6                                              1.                                                                        
  5                                              1.                                                                        
  4                                              1.                                                                        
  3                                              1.                                                                        
  2                                              1.                                                                        
  1                                              1.                                                                        



          21          22          23          24          25          26
 22                                                                      1.
 21                                                                      1.
 20                                                                      1.
 19                                                                      1.
 18                                                                      1.
 17                                                                      1.
 16                                                                      1.
 15                                                                      1.
 14                                                                      1.
 13                                                                      1.
 12                                                                      1.
 11                                                                      1.
 10                                                                      1.
  9                                                                      1.
  8                                                                      1.
  7                                                                      1.
  6                                                                      1.
  5                                                                      1.
  4                                                                      1.
  3                                                                      1.
  2                                                                      1.
  1                                                                      1.

                                                            K =  3

           1           2           3           4           5           6           7           8           9          10



          11          12          13          14          15          16          17          18          19          20
 22                                              1.                                                                        
 21                                              1.                                                                        
 20                                              1.                                                                        
 19                                              1.                                                                        
 18                                              1.                                                                        
 17                                              1.                                                                        
 16                                              1.                                                                        
 15                                              1.                                                                        
 14                                              1.                                                                        
 13                                              1.                                                                        
 12                                              1.                                                                        
 11                                              1.                                                                        
 10                                              1.                                                                        
  9                                              1.                                                                        
  8                                              1.                                                                        
  7                                              1.                                                                        
  6                                              1.                                                                        
  5                                              1.                                                                        
  4                                              1.                                                                        
  3                                              1.                                                                        
  2                                              1.                                                                        
  1                                              1.                                                                        



          21          22          23          24          25          26
 22                                                                      1.
 21                                                                      1.
 20                                                                      1.
 19                                                                      1.
 18                                                                      1.
 17                                                                      1.
 16                                                                      1.
 15                                                                      1.
 14                                                                      1.
 13                                                                      1.
 12                                                                      1.
 11                                                                      1.
 10                                                                      1.
  9                                                                      1.
  8                                                                      1.
  7                                                                      1.
  6                                                                      1.
  5                                                                      1.
  4                                                                      1.
  3                                                                      1.
  2                                                                      1.
  1                                                                      1.

                                                            K =  4

           1           2           3           4           5           6           7           8           9          10



          11          12          13          14          15          16          17          18          19          20
 22                                              1.                                                                        
 21                                              1.                                                                        
 20                                              1.                                                                        
 19                                              1.                                                                        
 18                                              1.                                                                        
 17                                              1.                                                                        
 16                                              1.                                                                        
 15                                              1.                                                                        
 14                                              1.                                                                        
 13                                              1.                                                                        
 12                                              1.                                                                        
 11                                              1.                                                                        
 10                                              1.                                                                        
  9                                              1.                                                                        
  8                                              1.                                                                        
  7                                              1.                                                                        
  6                                              1.                                                                        
  5                                              1.                                                                        
  4                                              1.                                                                        
  3                                              1.                                                                        
  2                                              1.                                                                        
  1                                              1.                                                                        



          21          22          23          24          25          26
 22                                                                      1.
 21                                                                      1.
 20                                                                      1.
 19                                                                      1.
 18                                                                      1.
 17                                                                      1.
 16                                                                      1.
 15                                                                      1.
 14                                                                      1.
 13                                                                      1.
 12                                                                      1.
 11                                                                      1.
 10                                                                      1.
  9                                                                      1.
  8                                                                      1.
  7                                                                      1.
  6                                                                      1.
  5                                                                      1.
  4                                                                      1.
  3                                                                      1.
  2                                                                      1.
  1                                                                      1.

                                                            K =  5

           1           2           3           4           5           6           7           8           9          10



          11          12          13          14          15          16          17          18          19          20
 22                                              1.                                                                        
 21                                              1.                                                                        
 20                                              1.                                                                        
 19                                              1.                                                                        
 18                                              1.                                                                        
 17                                              1.                                                                        
 16                                              1.                                                                        
 15                                              1.                                                                        
 14                                              1.                                                                        
 13                                              1.                                                                        
 12                                              1.                                                                        
 11                                              1.                                                                        
 10                                              1.                                                                        
  9                                              1.                                                                        
  8                                              1.                                                                        
  7                                              1.                                                                        
  6                                              1.                                                                        
  5                                              1.                                                                        
  4                                              1.                                                                        
  3                                              1.                                                                        
  2                                              1.                                                                        
  1                                              1.                                                                        



          21          22          23          24          25          26
 22                                                                      1.
 21                                                                      1.
 20                                                                      1.
 19                                                                      1.
 18                                                                      1.
 17                                                                      1.
 16                                                                      1.
 15                                                                      1.
 14                                                                      1.
 13                                                                      1.
 12                                                                      1.
 11                                                                      1.
 10                                                                      1.
  9                                                                      1.
  8                                                                      1.
  7                                                                      1.
  6                                                                      1.
  5                                                                      1.
  4                                                                      1.
  3                                                                      1.
  2                                                                      1.
  1                                                                      1.

                                                            K =  6

           1           2           3           4           5           6           7           8           9          10



          11          12          13          14          15          16          17          18          19          20
 22                                              1.                                                                        
 21                                              1.                                                                        
 20                                              1.                                                                        
 19                                              1.                                                                        
 18                                              1.                                                                        
 17                                              1.                                                                        
 16                                              1.                                                                        
 15                                              1.                                                                        
 14                                              1.                                                                        
 13                                              1.                                                                        
 12                                              1.                                                                        
 11                                              1.                                                                        
 10                                              1.                                                                        
  9                                              1.                                                                        
  8                                              1.                                                                        
  7                                              1.                                                                        
  6                                              1.                                                                        
  5                                              1.                                                                        
  4                                              1.                                                                        
  3                                              1.                                                                        
  2                                              1.                                                                        
  1                                              1.                                                                        



          21          22          23          24          25          26
 22                                                                      1.
 21                                                                      1.
 20                                                                      1.
 19                                                                      1.
 18                                                                      1.
 17                                                                      1.
 16                                                                      1.
 15                                                                      1.
 14                                                                      1.
 13                                                                      1.
 12                                                                      1.
 11                                                                      1.
 10                                                                      1.
  9                                                                      1.
  8                                                                      1.
  7                                                                      1.
  6                                                                      1.
  5                                                                      1.
  4                                                                      1.
  3                                                                      1.
  2                                                                      1.
  1                                                                      1.

                                                            K =  7

           1           2           3           4           5           6           7           8           9          10



          11          12          13          14          15          16          17          18          19          20
 22                                              1.                                                                        
 21                                              1.                                                                        
 20                                              1.                                                                        
 19                                              1.                                                                        
 18                                              1.                                                                        
 17                                              1.                                                                        
 16                                              1.                                                                        
 15                                              1.                                                                        
 14                                              1.                                                                        
 13                                              1.                                                                        
 12                                              1.                                                                        
 11                                              1.                                                                        
 10                                              1.                                                                        
  9                                              1.                                                                        
  8                                              1.                                                                        
  7                                              1.                                                                        
  6                                              1.                                                                        
  5                                              1.                                                                        
  4                                              1.                                                                        
  3                                              1.                                                                        
  2                                              1.                                                                        
  1                                              1.                                                                        



          21          22          23          24          25          26
 22                                                                      1.
 21                                                                      1.
 20                                                                      1.
 19                                                                      1.
 18                                                                      1.
 17                                                                      1.
 16                                                                      1.
 15                                                                      1.
 14                                                                      1.
 13                                                                      1.
 12                                                                      1.
 11                                                                      1.
 10                                                                      1.
  9                                                                      1.
  8                                                                      1.
  7                                                                      1.
  6                                                                      1.
  5                                                                      1.
  4                                                                      1.
  3                                                                      1.
  2                                                                      1.
  1                                                                      1.

                                                            K =  8

           1           2           3           4           5           6           7           8           9          10



          11          12          13          14          15          16          17          18          19          20
 22                                              1.                                                                        
 21                                              1.                                                                        
 20                                              1.                                                                        
 19                                              1.                                                                        
 18                                              1.                                                                        
 17                                              1.                                                                        
 16                                              1.                                                                        
 15                                              1.                                                                        
 14                                              1.                                                                        
 13                                              1.                                                                        
 12                                              1.                                                                        
 11                                              1.                                                                        
 10                                              1.                                                                        
  9                                              1.                                                                        
  8                                              1.                                                                        
  7                                              1.                                                                        
  6                                              1.                                                                        
  5                                              1.                                                                        
  4                                              1.                                                                        
  3                                              1.                                                                        
  2                                              1.                                                                        
  1                                              1.                                                                        



          21          22          23          24          25          26
 22                                                                      1.
 21                                                                      1.
 20                                                                      1.
 19                                                                      1.
 18                                                                      1.
 17                                                                      1.
 16                                                                      1.
 15                                                                      1.
 14                                                                      1.
 13                                                                      1.
 12                                                                      1.
 11                                                                      1.
 10                                                                      1.
  9                                                                      1.
  8                                                                      1.
  7                                                                      1.
  6                                                                      1.
  5                                                                      1.
  4                                                                      1.
  3                                                                      1.
  2                                                                      1.
  1                                                                      1.

                                                            K =  9

           1           2           3           4           5           6           7           8           9          10



          11          12          13          14          15          16          17          18          19          20
 22                                              1.                                                                        
 21                                              1.                                                                        
 20                                              1.                                                                        
 19                                              1.                                                                        
 18                                              1.                                                                        
 17                                              1.                                                                        
 16                                              1.                                                                        
 15                                              1.                                                                        
 14                                              1.                                                                        
 13                                              1.                                                                        
 12                                              1.                                                                        
 11                                              1.                                                                        
 10                                              1.                                                                        
  9                                              1.                                                                        
  8                                              1.                                                                        
  7                                              1.                                                                        
  6                                              1.                                                                        
  5                                              1.                                                                        
  4                                              1.                                                                        
  3                                              1.                                                                        
  2                                              1.                                                                        
  1                                              1.                                                                        



          21          22          23          24          25          26
 22                                                                      1.
 21                                                                      1.
 20                                                                      1.
 19                                                                      1.
 18                                                                      1.
 17                                                                      1.
 16                                                                      1.
 15                                                                      1.
 14                                                                      1.
 13                                                                      1.
 12                                                                      1.
 11                                                                      1.
 10                                                                      1.
  9                                                                      1.
  8                                                                      1.
  7                                                                      1.
  6                                                                      1.
  5                                                                      1.
  4                                                                      1.
  3                                                                      1.
  2                                                                      1.
  1                                                                      1.

                                                            K = 10

           1           2           3           4           5           6           7           8           9          10



          11          12          13          14          15          16          17          18          19          20
 22                                              1.                                                                        
 21                                              1.                                                                        
 20                                              1.                                                                        
 19                                              1.                                                                        
 18                                              1.                                                                        
 17                                              1.                                                                        
 16                                              1.                                                                        
 15                                              1.                                                                        
 14                                              1.                                                                        
 13                                              1.                                                                        
 12                                              1.                                                                        
 11                                              1.                                                                        
 10                                              1.                                                                        
  9                                              1.                                                                        
  8                                              1.                                                                        
  7                                              1.                                                                        
  6                                              1.                                                                        
  5                                              1.                                                                        
  4                                              1.                                                                        
  3                                              1.                                                                        
  2                                              1.                                                                        
  1                                              1.                                                                        



          21          22          23          24          25          26
 22                                                                      1.
 21                                                                      1.
 20                                                                      1.
 19                                                                      1.
 18                                                                      1.
 17                                                                      1.
 16                                                                      1.
 15                                                                      1.
 14                                                                      1.
 13                                                                      1.
 12                                                                      1.
 11                                                                      1.
 10                                                                      1.
  9                                                                      1.
  8                                                                      1.
  7                                                                      1.
  6                                                                      1.
  5                                                                      1.
  4                                                                      1.
  3                                                                      1.
  2                                                                      1.
  1                                                                      1.

                                                            K = 11

           1           2           3           4           5           6           7           8           9          10



          11          12          13          14          15          16          17          18          19          20
 22                                              1.                                                                        
 21                                              1.                                                                        
 20                                              1.                                                                        
 19                                              1.                                                                        
 18                                              1.                                                                        
 17                                              1.                                                                        
 16                                              1.                                                                        
 15                                              1.                                                                        
 14                                              1.                                                                        
 13                                              1.                                                                        
 12                                              1.                                                                        
 11                                              1.                                                                        
 10                                              1.                                                                        
  9                                              1.                                                                        
  8                                              1.                                                                        
  7                                              1.                                                                        
  6                                              1.                                                                        
  5                                              1.                                                                        
  4                                              1.                                                                        
  3                                              1.                                                                        
  2                                              1.                                                                        
  1                                              1.                                                                        



          21          22          23          24          25          26
 22                                                                      1.
 21                                                                      1.
 20                                                                      1.
 19                                                                      1.
 18                                                                      1.
 17                                                                      1.
 16                                                                      1.
 15                                                                      1.
 14                                                                      1.
 13                                                                      1.
 12                                                                      1.
 11                                                                      1.
 10                                                                      1.
  9                                                                      1.
  8                                                                      1.
  7                                                                      1.
  6                                                                      1.
  5                                                                      1.
  4                                                                      1.
  3                                                                      1.
  2                                                                      1.
  1                                                                      1.

                                                            K = 12

           1           2           3           4           5           6           7           8           9          10



          11          12          13          14          15          16          17          18          19          20
 22                                              1.                                                                        
 21                                              1.                                                                        
 20                                              1.                                                                        
 19                                              1.                                                                        
 18                                              1.                                                                        
 17                                              1.                                                                        
 16                                              1.                                                                        
 15                                              1.                                                                        
 14                                              1.                                                                        
 13                                              1.                                                                        
 12                                              1.                                                                        
 11                                              1.                                                                        
 10                                              1.                                                                        
  9                                              1.                                                                        
  8                                              1.                                                                        
  7                                              1.                                                                        
  6                                              1.                                                                        
  5                                              1.                                                                        
  4                                              1.                                                                        
  3                                              1.                                                                        
  2                                              1.                                                                        
  1                                              1.                                                                        



          21          22          23          24          25          26
 22                                                                      1.
 21                                                                      1.
 20                                                                      1.
 19                                                                      1.
 18                                                                      1.
 17                                                                      1.
 16                                                                      1.
 15                                                                      1.
 14                                                                      1.
 13                                                                      1.
 12                                                                      1.
 11                                                                      1.
 10                                                                      1.
  9                                                                      1.
  8                                                                      1.
  7                                                                      1.
  6                                                                      1.
  5                                                                      1.
  4                                                                      1.
  3                                                                      1.
  2                                                                      1.
  1                                                                      1.

                                                            K = 13

           1           2           3           4           5           6           7           8           9          10



          11          12          13          14          15          16          17          18          19          20
 22                                              1.                                                                        
 21                                              1.                                                                        
 20                                              1.                                                                        
 19                                              1.                                                                        
 18                                              1.                                                                        
 17                                              1.                                                                        
 16                                              1.                                                                        
 15                                              1.                                                                        
 14                                              1.                                                                        
 13                                              1.                                                                        
 12                                              1.                                                                        
 11                                              1.                                                                        
 10                                              1.                                                                        
  9                                              1.                                                                        
  8                                              1.                                                                        
  7                                              1.                                                                        
  6                                              1.                                                                        
  5                                              1.                                                                        
  4                                              1.                                                                        
  3                                              1.                                                                        
  2                                              1.                                                                        
  1                                              1.                                                                        



          21          22          23          24          25          26
 22                                                                      1.
 21                                                                      1.
 20                                                                      1.
 19                                                                      1.
 18                                                                      1.
 17                                                                      1.
 16                                                                      1.
 15                                                                      1.
 14                                                                      1.
 13                                                                      1.
 12                                                                      1.
 11                                                                      1.
 10                                                                      1.
  9                                                                      1.
  8                                                                      1.
  7                                                                      1.
  6                                                                      1.
  5                                                                      1.
  4                                                                      1.
  3                                                                      1.
  2                                                                      1.
  1                                                                      1.

                                                            K = 14

           1           2           3           4           5           6           7           8           9          10



          11          12          13          14          15          16          17          18          19          20
 22                                              1.                                                                        
 21                                              1.                                                                        
 20                                              1.                                                                        
 19                                              1.                                                                        
 18                                              1.                                                                        
 17                                              1.                                                                        
 16                                              1.                                                                        
 15                                              1.                                                                        
 14                                              1.                                                                        
 13                                              1.                                                                        
 12                                              1.                                                                        
 11                                              1.                                                                        
 10                                              1.                                                                        
  9                                              1.                                                                        
  8                                              1.                                                                        
  7                                              1.                                                                        
  6                                              1.                                                                        
  5                                              1.                                                                        
  4                                              1.                                                                        
  3                                              1.                                                                        
  2                                              1.                                                                        
  1                                              1.                                                                        



          21          22          23          24          25          26
 22                                                                      1.
 21                                                                      1.
 20                                                                      1.
 19                                                                      1.
 18                                                                      1.
 17                                                                      1.
 16                                                                      1.
 15                                                                      1.
 14                                                                      1.
 13                                                                      1.
 12                                                                      1.
 11                                                                      1.
 10                                                                      1.
  9                                                                      1.
  8                                                                      1.
  7                                                                      1.
  6                                                                      1.
  5                                                                      1.
  4                                                                      1.
  3                                                                      1.
  2                                                                      1.
  1                                                                      1.



                              *** Output at End of Steady State Iteration No.     1 ***

     Time .......................................................   0.000e+00  (d)

                                        *** Zonal Flow Summary, zone:   1 ***
           11 X = 50 to 100                                                               
                         Current Time Step                         Rates

 Fluid inflow ...............................................  5.125000e+03  (kg/d)
 Fluid outflow ..............................................  5.125000e+03  (kg/d)


               Current Iteration Step Internal Faces
                                                                 Rates

 Internal face fluid inflow .................................  5.125000e+03  (kg/d)
 Internal face fluid outflow ................................  0.000000e+00  (kg/d)


               Current Iteration Step by Boundary Condition Type
                                                                 Rates

 Specified head b.c. fluid inflow ...........................  0.000000e+00  (kg/d)
 Specified head b.c. fluid outflow ..........................  5.125000e+03  (kg/d)
 Flux b.c. fluid inflow .....................................  0.000000e+00  (kg/d)
 Flux b.c. fluid outflow ....................................  0.000000e+00  (kg/d)
 Leakage b.c. fluid inflow ..................................  0.000000e+00  (kg/d)
 Leakage b.c. fluid outflow .................................  0.000000e+00  (kg/d)
 River leakage b.c. fluid inflow ............................  0.000000e+00  (kg/d)
 River leakage b.c. fluid outflow ...........................  0.000000e+00  (kg/d)
 Drain leakage b.c. fluid inflow ............................  0.000000e+00  (kg/d)
 Drain leakage b.c. fluid outflow ...........................  0.000000e+00  (kg/d)
 Well fluid inflow ..........................................  0.000000e+00  (kg/d)
 Well fluid outflow .........................................  0.000000e+00  (kg/d)


                              *** Output at End of Time Step No.     4 ***

     Time .......................................................    40.0      (d)

                                        *** Zonal Flow Summary, zone:   1 ***
           11 X = 50 to 100                                                               
                         Current Time Step                         Rates

 Fluid inflow ...............................................  5.125000e+03  (kg/d)
 Fluid outflow ..............................................  5.125000e+03  (kg/d)



          Component: H         

 Solute inflow ..............................................  1.034300e-06  (kg/d)
 Solute outflow .............................................  1.034300e-06  (kg/d)



          Component: O         

 Solute inflow ..............................................  8.215814e-06  (kg/d)
 Solute outflow .............................................  8.213238e-06  (kg/d)



          Component: [A]       

 Solute inflow ..............................................  5.342259e-10  (kg/d)
 Solute outflow .............................................  3.971994e-19  (kg/d)


               Current Time Step Internal Faces
                                                                 Rates

 Internal face fluid inflow .................................  5.125000e+03  (kg/d)
 Internal face fluid outflow ................................  0.000000e+00  (kg/d)



          Component: H         

 Internal face solute inflow ................................  1.034300e-06  (kg/d)
 Internal face solute outflow ...............................  5.507629e-29  (kg/d)



          Component: O         

 Internal face solute inflow ................................  8.215814e-06  (kg/d)
 Internal face solute outflow ...............................  8.927154e-24  (kg/d)



          Component: [A]       

 Internal face solute inflow ................................  5.342259e-10  (kg/d)
 Internal face solute outflow ...............................  1.695371e-24  (kg/d)


               Current Time Step by Boundary Condition Type
                                                                 Rates

 Specified head b.c. fluid inflow ...........................  0.000000e+00  (kg/d)
 Specified head b.c. fluid outflow ..........................  5.125000e+03  (kg/d)
 Flux b.c. fluid inflow .....................................  0.000000e+00  (kg/d)
 Flux b.c. fluid outflow ....................................  0.000000e+00  (kg/d)
 Leakage b.c. fluid inflow ..................................  0.000000e+00  (kg/d)
 Leakage b.c. fluid outflow .................................  0.000000e+00  (kg/d)
 River leakage b.c. fluid inflow ............................  0.000000e+00  (kg/d)
 River leakage b.c. fluid outflow ...........................  0.000000e+00  (kg/d)
 Drain leakage b.c. fluid inflow ............................  0.000000e+00  (kg/d)
 Drain leakage b.c. fluid outflow ...........................  0.000000e+00  (kg/d)
 Well fluid inflow ..........................................  0.000000e+00  (kg/d)
 Well fluid outflow .........................................  0.000000e+00  (kg/d)



          Component: H         

 Specified head b.c. solute inflow ..........................  0.000000e+00  (kg/d)
 Specified head b.c. solute outflow .........................  1.034300e-06  (kg/d)
 Flux b.c. solute inflow ....................................  0.000000e+00  (kg/d)
 Flux b.c. solute outflow ...................................  0.000000e+00  (kg/d)
 Leakage b.c. solute inflow .................................  0.000000e+00  (kg/d)
 Leakage b.c. solute outflow ................................  0.000000e+00  (kg/d)
 River leakage b.c. solute inflow ...........................  0.000000e+00  (kg/d)
 River leakage b.c. solute outflow ..........................  0.000000e+00  (kg/d)
 Drain leakage b.c. solute inflow ...........................  0.000000e+00  (kg/d)
 Drain leakage b.c. solute outflow ..........................  0.000000e+00  (kg/d)
 Well solute inflow .........................................  0.000000e+00  (kg/d)
 Well solute outflow ........................................  0.000000e+00  (kg/d)



          Component: O         

 Specified head b.c. solute inflow ..........................  0.000000e+00  (kg/d)
 Specified head b.c. solute outflow .........................  8.213238e-06  (kg/d)
 Flux b.c. solute inflow ....................................  0.000000e+00  (kg/d)
 Flux b.c. solute outflow ...................................  0.000000e+00  (kg/d)
 Leakage b.c. solute inflow .................................  0.000000e+00  (kg/d)
 Leakage b.c. solute outflow ................................  0.000000e+00  (kg/d)
 River leakage b.c. solute inflow ...........................  0.000000e+00  (kg/d)
 River leakage b.c. solute outflow ..........................  0.000000e+00  (kg/d)
 Drain leakage b.c. solute inflow ...........................  0.000000e+00  (kg/d)
 Drain leakage b.c. solute outflow ..........................  0.000000e+00  (kg/d)
 Well solute inflow .........................................  0.000000e+00  (kg/d)
 Well solute outflow ........................................  0.000000e+00  (kg/d)



          Component: [A]       

 Specified head b.c. solute inflow ..........................  0.000000e+00  (kg/d)
 Specified head b.c. solute outflow .........................  3.971977e-19  (kg/d)
 Flux b.c. solute inflow ....................................  0.000000e+00  (kg/d)
 Flux b.c. solute outflow ...................................  0.000000e+00  (kg/d)
 Leakage b.c. solute inflow .................................  0.000000e+00  (kg/d)
 Leakage b.c. solute outflow ................................  0.000000e+00  (kg/d)
 River leakage b.c. solute inflow ...........................  0.000000e+00  (kg/d)
 River leakage b.c. solute outflow ..........................  0.000000e+00  (kg/d)
 Drain leakage b.c. solute inflow ...........................  0.000000e+00  (kg/d)
 Drain leakage b.c. solute outflow ..........................  0.000000e+00  (kg/d)
 Well solute inflow .........................................  0.000000e+00  (kg/d)
 Well solute outflow ........................................  0.000000e+00  (kg/d)



                                       ***** Simulation Completed *****
               Last time value calculated ......................................  40.00     (d)
               Last time step index ............................................       4
