

                          .        Kindred and Celia, WRR, 1989, v. 25, p. 1154. Problem 4.4.             
                          .        Aerobic biodegradation combined with nitrate-reducing metabolism       


                              X-Direction Node Coordinates    (m)

           1           2           3           4           5           6           7           8           9          10
              0        0.50        1.00        1.50        2.00        2.50        3.00        3.50        4.00        4.50



          11          12          13          14          15          16          17          18          19          20
           5.00        5.50        6.00        6.50        7.00        7.50        8.00        8.50        9.00        9.50



          21          22          23          24          25          26          27          28          29          30
          10.00       10.50       11.00       11.50       12.00       12.50       13.00       13.50       14.00       14.50



          31          32          33          34          35          36          37          38          39          40
          15.00       15.50       16.00       16.50       17.00       17.50       18.00       18.50       19.00       19.50



          41          42          43          44          45          46          47          48          49          50
          20.00       20.50       21.00       21.50       22.00       22.50       23.00       23.50       24.00       24.50



          51          52          53          54          55          56          57          58          59          60
          25.00       25.50       26.00       26.50       27.00       27.50       28.00       28.50       29.00       29.50



          61          62          63          64          65          66          67          68          69          70
          30.00       30.50       31.00       31.50       32.00       32.50       33.00       33.50       34.00       34.50



          71          72          73          74          75          76          77          78          79          80
          35.00       35.50       36.00       36.50       37.00       37.50       38.00       38.50       39.00       39.50



          81          82          83          84          85          86          87          88          89          90
          40.00       40.50       41.00       41.50       42.00       42.50       43.00       43.50       44.00       44.50



          91          92          93          94          95          96          97          98          99         100
          45.00       45.50       46.00       46.50       47.00       47.50       48.00       48.50       49.00       49.50



         101         102         103         104         105         106         107         108         109         110
          50.00       50.50       51.00       51.50       52.00       52.50       53.00       53.50       54.00       54.50



         111         112         113         114         115         116         117         118         119         120
          55.00       55.50       56.00       56.50       57.00       57.50       58.00       58.50       59.00       59.50



         121         122         123         124         125         126         127         128         129         130
          60.00       60.50       61.00       61.50       62.00       62.50       63.00       63.50       64.00       64.50



         131         132         133         134         135         136         137         138         139         140
          65.00       65.50       66.00       66.50       67.00       67.50       68.00       68.50       69.00       69.50



         141         142         143         144         145         146         147         148         149         150
          70.00       70.50       71.00       71.50       72.00       72.50       73.00       73.50       74.00       74.50



         151         152         153         154         155         156         157         158         159         160
          75.00       75.50       76.00       76.50       77.00       77.50       78.00       78.50       79.00       79.50



         161         162         163         164         165         166         167         168         169         170
          80.00       80.50       81.00       81.50       82.00       82.50       83.00       83.50       84.00       84.50



         171         172         173         174         175         176         177         178         179         180
          85.00       85.50       86.00       86.50       87.00       87.50       88.00       88.50       89.00       89.50



         181         182         183         184         185         186         187         188         189         190
          90.00       90.50       91.00       91.50       92.00       92.50       93.00       93.50       94.00       94.50



         191         192         193         194         195         196         197         198         199         200
          95.00       95.50       96.00       96.50       97.00       97.50       98.00       98.50       99.00       99.50



         201
         100.00




                              Y-Direction Node Coordinates   (m)

           1           2
              0        1.00




                              Z-Direction Node Coordinates   (m)

           1           2
              0        1.00




                                        *** Initial Conditions ***

                              Initial Fluid Head  (m) 


                    Vertical Slices

                                                            J =  1

           1           2           3           4           5           6           7           8           9          10
  2       4.398       4.376       4.354       4.332       4.310       4.288       4.266       4.244       4.222       4.200
  1       4.398       4.376       4.354       4.332       4.310       4.288       4.266       4.244       4.222       4.200



          11          12          13          14          15          16          17          18          19          20
  2       4.178       4.156       4.134       4.112       4.090       4.068       4.046       4.024       4.002       3.980
  1       4.178       4.156       4.134       4.112       4.090       4.068       4.046       4.024       4.002       3.980



          21          22          23          24          25          26          27          28          29          30
  2       3.958       3.936       3.914       3.892       3.870       3.848       3.826       3.804       3.782       3.760
  1       3.958       3.936       3.914       3.892       3.870       3.848       3.826       3.804       3.782       3.760



          31          32          33          34          35          36          37          38          39          40
  2       3.738       3.716       3.694       3.672       3.650       3.628       3.606       3.584       3.562       3.541
  1       3.738       3.716       3.694       3.672       3.650       3.628       3.606       3.584       3.562       3.541



          41          42          43          44          45          46          47          48          49          50
  2       3.519       3.497       3.475       3.453       3.431       3.409       3.387       3.365       3.343       3.321
  1       3.519       3.497       3.475       3.453       3.431       3.409       3.387       3.365       3.343       3.321



          51          52          53          54          55          56          57          58          59          60
  2       3.299       3.277       3.255       3.233       3.211       3.189       3.167       3.145       3.123       3.101
  1       3.299       3.277       3.255       3.233       3.211       3.189       3.167       3.145       3.123       3.101



          61          62          63          64          65          66          67          68          69          70
  2       3.079       3.057       3.035       3.013       2.991       2.969       2.947       2.925       2.903       2.881
  1       3.079       3.057       3.035       3.013       2.991       2.969       2.947       2.925       2.903       2.881



          71          72          73          74          75          76          77          78          79          80
  2       2.859       2.837       2.815       2.793       2.771       2.749       2.727       2.705       2.683       2.661
  1       2.859       2.837       2.815       2.793       2.771       2.749       2.727       2.705       2.683       2.661



          81          82          83          84          85          86          87          88          89          90
  2       2.639       2.617       2.595       2.573       2.551       2.529       2.507       2.485       2.463       2.441
  1       2.639       2.617       2.595       2.573       2.551       2.529       2.507       2.485       2.463       2.441



          91          92          93          94          95          96          97          98          99         100
  2       2.419       2.397       2.375       2.353       2.331       2.309       2.287       2.265       2.243       2.221
  1       2.419       2.397       2.375       2.353       2.331       2.309       2.287       2.265       2.243       2.221



         101         102         103         104         105         106         107         108         109         110
  2       2.199       2.177       2.155       2.133       2.111       2.089       2.067       2.045       2.023       2.001
  1       2.199       2.177       2.155       2.133       2.111       2.089       2.067       2.045       2.023       2.001



         111         112         113         114         115         116         117         118         119         120
  2       1.979       1.957       1.935       1.913       1.891       1.869       1.847       1.825       1.803       1.781
  1       1.979       1.957       1.935       1.913       1.891       1.869       1.847       1.825       1.803       1.781



         121         122         123         124         125         126         127         128         129         130
  2       1.759       1.737       1.715       1.693       1.671       1.649       1.627       1.605       1.583       1.561
  1       1.759       1.737       1.715       1.693       1.671       1.649       1.627       1.605       1.583       1.561



         131         132         133         134         135         136         137         138         139         140
  2       1.539       1.517       1.495       1.473       1.451       1.429       1.407       1.385       1.363       1.341
  1       1.539       1.517       1.495       1.473       1.451       1.429       1.407       1.385       1.363       1.341



         141         142         143         144         145         146         147         148         149         150
  2       1.319       1.297       1.275       1.253       1.231       1.209       1.187       1.166       1.144       1.122
  1       1.319       1.297       1.275       1.253       1.231       1.209       1.187       1.166       1.144       1.122



         151         152         153         154         155         156         157         158         159         160
  2       1.100       1.078       1.056       1.034       1.012       0.990       0.968       0.946       0.924       0.902
  1       1.100       1.078       1.056       1.034       1.012       0.990       0.968       0.946       0.924       0.902



         161         162         163         164         165         166         167         168         169         170
  2       0.880       0.858       0.836       0.814       0.792       0.770       0.748       0.726       0.704       0.682
  1       0.880       0.858       0.836       0.814       0.792       0.770       0.748       0.726       0.704       0.682



         171         172         173         174         175         176         177         178         179         180
  2       0.660       0.638       0.616       0.594       0.572       0.550       0.528       0.506       0.484       0.462
  1       0.660       0.638       0.616       0.594       0.572       0.550       0.528       0.506       0.484       0.462



         181         182         183         184         185         186         187         188         189         190
  2       0.440       0.418       0.396       0.374       0.352       0.330       0.308       0.286       0.264       0.242
  1       0.440       0.418       0.396       0.374       0.352       0.330       0.308       0.286       0.264       0.242



         191         192         193         194         195         196         197         198         199         200
  2       0.220       0.198       0.176       0.154       0.132       0.110       0.088       0.066       0.044       0.022
  1       0.220       0.198       0.176       0.154       0.132       0.110       0.088       0.066       0.044       0.022



         201
  2           0
  1           0

                                                            J =  2

           1           2           3           4           5           6           7           8           9          10
  2       4.398       4.376       4.354       4.332       4.310       4.288       4.266       4.244       4.222       4.200
  1       4.398       4.376       4.354       4.332       4.310       4.288       4.266       4.244       4.222       4.200



          11          12          13          14          15          16          17          18          19          20
  2       4.178       4.156       4.134       4.112       4.090       4.068       4.046       4.024       4.002       3.980
  1       4.178       4.156       4.134       4.112       4.090       4.068       4.046       4.024       4.002       3.980



          21          22          23          24          25          26          27          28          29          30
  2       3.958       3.936       3.914       3.892       3.870       3.848       3.826       3.804       3.782       3.760
  1       3.958       3.936       3.914       3.892       3.870       3.848       3.826       3.804       3.782       3.760



          31          32          33          34          35          36          37          38          39          40
  2       3.738       3.716       3.694       3.672       3.650       3.628       3.606       3.584       3.562       3.541
  1       3.738       3.716       3.694       3.672       3.650       3.628       3.606       3.584       3.562       3.541



          41          42          43          44          45          46          47          48          49          50
  2       3.519       3.497       3.475       3.453       3.431       3.409       3.387       3.365       3.343       3.321
  1       3.519       3.497       3.475       3.453       3.431       3.409       3.387       3.365       3.343       3.321



          51          52          53          54          55          56          57          58          59          60
  2       3.299       3.277       3.255       3.233       3.211       3.189       3.167       3.145       3.123       3.101
  1       3.299       3.277       3.255       3.233       3.211       3.189       3.167       3.145       3.123       3.101



          61          62          63          64          65          66          67          68          69          70
  2       3.079       3.057       3.035       3.013       2.991       2.969       2.947       2.925       2.903       2.881
  1       3.079       3.057       3.035       3.013       2.991       2.969       2.947       2.925       2.903       2.881



          71          72          73          74          75          76          77          78          79          80
  2       2.859       2.837       2.815       2.793       2.771       2.749       2.727       2.705       2.683       2.661
  1       2.859       2.837       2.815       2.793       2.771       2.749       2.727       2.705       2.683       2.661



          81          82          83          84          85          86          87          88          89          90
  2       2.639       2.617       2.595       2.573       2.551       2.529       2.507       2.485       2.463       2.441
  1       2.639       2.617       2.595       2.573       2.551       2.529       2.507       2.485       2.463       2.441



          91          92          93          94          95          96          97          98          99         100
  2       2.419       2.397       2.375       2.353       2.331       2.309       2.287       2.265       2.243       2.221
  1       2.419       2.397       2.375       2.353       2.331       2.309       2.287       2.265       2.243       2.221



         101         102         103         104         105         106         107         108         109         110
  2       2.199       2.177       2.155       2.133       2.111       2.089       2.067       2.045       2.023       2.001
  1       2.199       2.177       2.155       2.133       2.111       2.089       2.067       2.045       2.023       2.001



         111         112         113         114         115         116         117         118         119         120
  2       1.979       1.957       1.935       1.913       1.891       1.869       1.847       1.825       1.803       1.781
  1       1.979       1.957       1.935       1.913       1.891       1.869       1.847       1.825       1.803       1.781



         121         122         123         124         125         126         127         128         129         130
  2       1.759       1.737       1.715       1.693       1.671       1.649       1.627       1.605       1.583       1.561
  1       1.759       1.737       1.715       1.693       1.671       1.649       1.627       1.605       1.583       1.561



         131         132         133         134         135         136         137         138         139         140
  2       1.539       1.517       1.495       1.473       1.451       1.429       1.407       1.385       1.363       1.341
  1       1.539       1.517       1.495       1.473       1.451       1.429       1.407       1.385       1.363       1.341



         141         142         143         144         145         146         147         148         149         150
  2       1.319       1.297       1.275       1.253       1.231       1.209       1.187       1.166       1.144       1.122
  1       1.319       1.297       1.275       1.253       1.231       1.209       1.187       1.166       1.144       1.122



         151         152         153         154         155         156         157         158         159         160
  2       1.100       1.078       1.056       1.034       1.012       0.990       0.968       0.946       0.924       0.902
  1       1.100       1.078       1.056       1.034       1.012       0.990       0.968       0.946       0.924       0.902



         161         162         163         164         165         166         167         168         169         170
  2       0.880       0.858       0.836       0.814       0.792       0.770       0.748       0.726       0.704       0.682
  1       0.880       0.858       0.836       0.814       0.792       0.770       0.748       0.726       0.704       0.682



         171         172         173         174         175         176         177         178         179         180
  2       0.660       0.638       0.616       0.594       0.572       0.550       0.528       0.506       0.484       0.462
  1       0.660       0.638       0.616       0.594       0.572       0.550       0.528       0.506       0.484       0.462



         181         182         183         184         185         186         187         188         189         190
  2       0.440       0.418       0.396       0.374       0.352       0.330       0.308       0.286       0.264       0.242
  1       0.440       0.418       0.396       0.374       0.352       0.330       0.308       0.286       0.264       0.242



         191         192         193         194         195         196         197         198         199         200
  2       0.220       0.198       0.176       0.154       0.132       0.110       0.088       0.066       0.044       0.022
  1       0.220       0.198       0.176       0.154       0.132       0.110       0.088       0.066       0.044       0.022



         201
  2           0
  1           0



                              *** Output at End of Time Step No.   272 ***

     Time .......................................................    68.0      (d)
     Maximum change in potentiometric head ...  1.9634e-12      (m )   at location (  3.50    ,  1.00    ,  1.00    )(m )

                              Fluid Potentiometric Head (m)

                    Vertical Slices

                                                            J =  1

           1           2           3           4           5           6           7           8           9          10
  2       4.398       4.376       4.354       4.332       4.310       4.288       4.266       4.244       4.222       4.200
  1       4.398       4.376       4.354       4.332       4.310       4.288       4.266       4.244       4.222       4.200



          11          12          13          14          15          16          17          18          19          20
  2       4.178       4.156       4.134       4.112       4.090       4.068       4.046       4.024       4.002       3.980
  1       4.178       4.156       4.134       4.112       4.090       4.068       4.046       4.024       4.002       3.980



          21          22          23          24          25          26          27          28          29          30
  2       3.958       3.936       3.914       3.892       3.870       3.848       3.826       3.804       3.782       3.760
  1       3.958       3.936       3.914       3.892       3.870       3.848       3.826       3.804       3.782       3.760



          31          32          33          34          35          36          37          38          39          40
  2       3.738       3.716       3.694       3.672       3.650       3.628       3.606       3.584       3.562       3.541
  1       3.738       3.716       3.694       3.672       3.650       3.628       3.606       3.584       3.562       3.541



          41          42          43          44          45          46          47          48          49          50
  2       3.519       3.497       3.475       3.453       3.431       3.409       3.387       3.365       3.343       3.321
  1       3.519       3.497       3.475       3.453       3.431       3.409       3.387       3.365       3.343       3.321



          51          52          53          54          55          56          57          58          59          60
  2       3.299       3.277       3.255       3.233       3.211       3.189       3.167       3.145       3.123       3.101
  1       3.299       3.277       3.255       3.233       3.211       3.189       3.167       3.145       3.123       3.101



          61          62          63          64          65          66          67          68          69          70
  2       3.079       3.057       3.035       3.013       2.991       2.969       2.947       2.925       2.903       2.881
  1       3.079       3.057       3.035       3.013       2.991       2.969       2.947       2.925       2.903       2.881



          71          72          73          74          75          76          77          78          79          80
  2       2.859       2.837       2.815       2.793       2.771       2.749       2.727       2.705       2.683       2.661
  1       2.859       2.837       2.815       2.793       2.771       2.749       2.727       2.705       2.683       2.661



          81          82          83          84          85          86          87          88          89          90
  2       2.639       2.617       2.595       2.573       2.551       2.529       2.507       2.485       2.463       2.441
  1       2.639       2.617       2.595       2.573       2.551       2.529       2.507       2.485       2.463       2.441



          91          92          93          94          95          96          97          98          99         100
  2       2.419       2.397       2.375       2.353       2.331       2.309       2.287       2.265       2.243       2.221
  1       2.419       2.397       2.375       2.353       2.331       2.309       2.287       2.265       2.243       2.221



         101         102         103         104         105         106         107         108         109         110
  2       2.199       2.177       2.155       2.133       2.111       2.089       2.067       2.045       2.023       2.001
  1       2.199       2.177       2.155       2.133       2.111       2.089       2.067       2.045       2.023       2.001



         111         112         113         114         115         116         117         118         119         120
  2       1.979       1.957       1.935       1.913       1.891       1.869       1.847       1.825       1.803       1.781
  1       1.979       1.957       1.935       1.913       1.891       1.869       1.847       1.825       1.803       1.781



         121         122         123         124         125         126         127         128         129         130
  2       1.759       1.737       1.715       1.693       1.671       1.649       1.627       1.605       1.583       1.561
  1       1.759       1.737       1.715       1.693       1.671       1.649       1.627       1.605       1.583       1.561



         131         132         133         134         135         136         137         138         139         140
  2       1.539       1.517       1.495       1.473       1.451       1.429       1.407       1.385       1.363       1.341
  1       1.539       1.517       1.495       1.473       1.451       1.429       1.407       1.385       1.363       1.341



         141         142         143         144         145         146         147         148         149         150
  2       1.319       1.297       1.275       1.253       1.231       1.209       1.187       1.166       1.144       1.122
  1       1.319       1.297       1.275       1.253       1.231       1.209       1.187       1.166       1.144       1.122



         151         152         153         154         155         156         157         158         159         160
  2       1.100       1.078       1.056       1.034       1.012       0.990       0.968       0.946       0.924       0.902
  1       1.100       1.078       1.056       1.034       1.012       0.990       0.968       0.946       0.924       0.902



         161         162         163         164         165         166         167         168         169         170
  2       0.880       0.858       0.836       0.814       0.792       0.770       0.748       0.726       0.704       0.682
  1       0.880       0.858       0.836       0.814       0.792       0.770       0.748       0.726       0.704       0.682



         171         172         173         174         175         176         177         178         179         180
  2       0.660       0.638       0.616       0.594       0.572       0.550       0.528       0.506       0.484       0.462
  1       0.660       0.638       0.616       0.594       0.572       0.550       0.528       0.506       0.484       0.462



         181         182         183         184         185         186         187         188         189         190
  2       0.440       0.418       0.396       0.374       0.352       0.330       0.308       0.286       0.264       0.242
  1       0.440       0.418       0.396       0.374       0.352       0.330       0.308       0.286       0.264       0.242



         191         192         193         194         195         196         197         198         199         200
  2       0.220       0.198       0.176       0.154       0.132       0.110       0.088       0.066       0.044       0.022
  1       0.220       0.198       0.176       0.154       0.132       0.110       0.088       0.066       0.044       0.022



         201
  2           0
  1           0

                                                            J =  2

           1           2           3           4           5           6           7           8           9          10
  2       4.398       4.376       4.354       4.332       4.310       4.288       4.266       4.244       4.222       4.200
  1       4.398       4.376       4.354       4.332       4.310       4.288       4.266       4.244       4.222       4.200



          11          12          13          14          15          16          17          18          19          20
  2       4.178       4.156       4.134       4.112       4.090       4.068       4.046       4.024       4.002       3.980
  1       4.178       4.156       4.134       4.112       4.090       4.068       4.046       4.024       4.002       3.980



          21          22          23          24          25          26          27          28          29          30
  2       3.958       3.936       3.914       3.892       3.870       3.848       3.826       3.804       3.782       3.760
  1       3.958       3.936       3.914       3.892       3.870       3.848       3.826       3.804       3.782       3.760



          31          32          33          34          35          36          37          38          39          40
  2       3.738       3.716       3.694       3.672       3.650       3.628       3.606       3.584       3.562       3.541
  1       3.738       3.716       3.694       3.672       3.650       3.628       3.606       3.584       3.562       3.541



          41          42          43          44          45          46          47          48          49          50
  2       3.519       3.497       3.475       3.453       3.431       3.409       3.387       3.365       3.343       3.321
  1       3.519       3.497       3.475       3.453       3.431       3.409       3.387       3.365       3.343       3.321



          51          52          53          54          55          56          57          58          59          60
  2       3.299       3.277       3.255       3.233       3.211       3.189       3.167       3.145       3.123       3.101
  1       3.299       3.277       3.255       3.233       3.211       3.189       3.167       3.145       3.123       3.101



          61          62          63          64          65          66          67          68          69          70
  2       3.079       3.057       3.035       3.013       2.991       2.969       2.947       2.925       2.903       2.881
  1       3.079       3.057       3.035       3.013       2.991       2.969       2.947       2.925       2.903       2.881



          71          72          73          74          75          76          77          78          79          80
  2       2.859       2.837       2.815       2.793       2.771       2.749       2.727       2.705       2.683       2.661
  1       2.859       2.837       2.815       2.793       2.771       2.749       2.727       2.705       2.683       2.661



          81          82          83          84          85          86          87          88          89          90
  2       2.639       2.617       2.595       2.573       2.551       2.529       2.507       2.485       2.463       2.441
  1       2.639       2.617       2.595       2.573       2.551       2.529       2.507       2.485       2.463       2.441



          91          92          93          94          95          96          97          98          99         100
  2       2.419       2.397       2.375       2.353       2.331       2.309       2.287       2.265       2.243       2.221
  1       2.419       2.397       2.375       2.353       2.331       2.309       2.287       2.265       2.243       2.221



         101         102         103         104         105         106         107         108         109         110
  2       2.199       2.177       2.155       2.133       2.111       2.089       2.067       2.045       2.023       2.001
  1       2.199       2.177       2.155       2.133       2.111       2.089       2.067       2.045       2.023       2.001



         111         112         113         114         115         116         117         118         119         120
  2       1.979       1.957       1.935       1.913       1.891       1.869       1.847       1.825       1.803       1.781
  1       1.979       1.957       1.935       1.913       1.891       1.869       1.847       1.825       1.803       1.781



         121         122         123         124         125         126         127         128         129         130
  2       1.759       1.737       1.715       1.693       1.671       1.649       1.627       1.605       1.583       1.561
  1       1.759       1.737       1.715       1.693       1.671       1.649       1.627       1.605       1.583       1.561



         131         132         133         134         135         136         137         138         139         140
  2       1.539       1.517       1.495       1.473       1.451       1.429       1.407       1.385       1.363       1.341
  1       1.539       1.517       1.495       1.473       1.451       1.429       1.407       1.385       1.363       1.341



         141         142         143         144         145         146         147         148         149         150
  2       1.319       1.297       1.275       1.253       1.231       1.209       1.187       1.166       1.144       1.122
  1       1.319       1.297       1.275       1.253       1.231       1.209       1.187       1.166       1.144       1.122



         151         152         153         154         155         156         157         158         159         160
  2       1.100       1.078       1.056       1.034       1.012       0.990       0.968       0.946       0.924       0.902
  1       1.100       1.078       1.056       1.034       1.012       0.990       0.968       0.946       0.924       0.902



         161         162         163         164         165         166         167         168         169         170
  2       0.880       0.858       0.836       0.814       0.792       0.770       0.748       0.726       0.704       0.682
  1       0.880       0.858       0.836       0.814       0.792       0.770       0.748       0.726       0.704       0.682



         171         172         173         174         175         176         177         178         179         180
  2       0.660       0.638       0.616       0.594       0.572       0.550       0.528       0.506       0.484       0.462
  1       0.660       0.638       0.616       0.594       0.572       0.550       0.528       0.506       0.484       0.462



         181         182         183         184         185         186         187         188         189         190
  2       0.440       0.418       0.396       0.374       0.352       0.330       0.308       0.286       0.264       0.242
  1       0.440       0.418       0.396       0.374       0.352       0.330       0.308       0.286       0.264       0.242



         191         192         193         194         195         196         197         198         199         200
  2       0.220       0.198       0.176       0.154       0.132       0.110       0.088       0.066       0.044       0.022
  1       0.220       0.198       0.176       0.154       0.132       0.110       0.088       0.066       0.044       0.022



         201
  2           0
  1           0




                                       ***** Simulation Completed *****
               Last time value calculated ......................................  68.00     (d)
               Last time step index ............................................     272
