  0.000000000000E+00  0.000000000000E+00  0.000000000000E+00  0.330551244974E+03
  0.600000000000E+04  0.000000000000E+00  0.000000000000E+00  0.330902522702E+03
  0.120000000000E+05  0.000000000000E+00  0.000000000000E+00  0.331964667057E+03
  0.180000000000E+05  0.000000000000E+00  0.000000000000E+00  0.333741036782E+03
  0.240000000000E+05  0.000000000000E+00  0.000000000000E+00  0.336098365391E+03
  0.300000000000E+05  0.000000000000E+00  0.000000000000E+00  0.338075987244E+03
  0.360000000000E+05  0.000000000000E+00  0.000000000000E+00  0.334615125046E+03
  0.420000000000E+05  0.000000000000E+00  0.000000000000E+00  0.323763311864E+03
  0.480000000000E+05  0.000000000000E+00  0.000000000000E+00  0.320273351431E+03
  0.000000000000E+00  0.600000000000E+04  0.000000000000E+00  0.333353763528E+03
  0.600000000000E+04  0.600000000000E+04  0.000000000000E+00  0.333804662789E+03
  0.120000000000E+05  0.600000000000E+04  0.000000000000E+00  0.335178581824E+03
  0.180000000000E+05  0.600000000000E+04  0.000000000000E+00  0.337543152227E+03
  0.240000000000E+05  0.600000000000E+04  0.000000000000E+00  0.341034712601E+03
  0.300000000000E+05  0.600000000000E+04  0.000000000000E+00  0.345593076048E+03
  0.360000000000E+05  0.600000000000E+04  0.000000000000E+00  0.342391469486E+03
  0.420000000000E+05  0.600000000000E+04  0.000000000000E+00  0.329401052214E+03
  0.480000000000E+05  0.600000000000E+04  0.000000000000E+00  0.338501343217E+03
  0.000000000000E+00  0.120000000000E+05  0.000000000000E+00  0.335236630576E+03
  0.600000000000E+04  0.120000000000E+05  0.000000000000E+00  0.335762097287E+03
  0.120000000000E+05  0.120000000000E+05  0.000000000000E+00  0.337367136462E+03
  0.180000000000E+05  0.120000000000E+05  0.000000000000E+00  0.340139274175E+03
  0.240000000000E+05  0.120000000000E+05  0.000000000000E+00  0.344250425628E+03
  0.300000000000E+05  0.120000000000E+05  0.000000000000E+00  0.349844222158E+03
  0.360000000000E+05  0.120000000000E+05  0.000000000000E+00  0.349686416265E+03
  0.420000000000E+05  0.120000000000E+05  0.000000000000E+00  0.337755937871E+03
  0.480000000000E+05  0.120000000000E+05  0.000000000000E+00  0.352914634371E+03
  0.000000000000E+00  0.180000000000E+05  0.000000000000E+00  0.336060752080E+03
  0.600000000000E+04  0.180000000000E+05  0.000000000000E+00  0.336628130499E+03
  0.120000000000E+05  0.180000000000E+05  0.000000000000E+00  0.338363314671E+03
  0.180000000000E+05  0.180000000000E+05  0.000000000000E+00  0.341329038361E+03
  0.240000000000E+05  0.180000000000E+05  0.000000000000E+00  0.345399192635E+03
  0.300000000000E+05  0.180000000000E+05  0.000000000000E+00  0.349659443868E+03
  0.360000000000E+05  0.180000000000E+05  0.000000000000E+00  0.359053392477E+03
  0.420000000000E+05  0.180000000000E+05  0.000000000000E+00  0.361168471231E+03
  0.480000000000E+05  0.180000000000E+05  0.000000000000E+00  0.367393518482E+03
  0.000000000000E+00  0.240000000000E+05  0.000000000000E+00  0.335747193067E+03
  0.600000000000E+04  0.240000000000E+05  0.000000000000E+00  0.336319302591E+03
  0.120000000000E+05  0.240000000000E+05  0.000000000000E+00  0.338109558150E+03
  0.180000000000E+05  0.240000000000E+05  0.000000000000E+00  0.341394191924E+03
  0.240000000000E+05  0.240000000000E+05  0.000000000000E+00  0.346881725881E+03
  0.300000000000E+05  0.240000000000E+05  0.000000000000E+00  0.356136408519E+03
  0.360000000000E+05  0.240000000000E+05  0.000000000000E+00  0.364924669536E+03
  0.420000000000E+05  0.240000000000E+05  0.000000000000E+00  0.370028229850E+03
  0.480000000000E+05  0.240000000000E+05  0.000000000000E+00  0.373419773231E+03
  0.000000000000E+00  0.300000000000E+05  0.000000000000E+00  0.334284276450E+03
  0.600000000000E+04  0.300000000000E+05  0.000000000000E+00  0.334782445028E+03
  0.120000000000E+05  0.300000000000E+05  0.000000000000E+00  0.336333933969E+03
  0.180000000000E+05  0.300000000000E+05  0.000000000000E+00  0.339171224058E+03
  0.240000000000E+05  0.300000000000E+05  0.000000000000E+00  0.343988299366E+03
  0.300000000000E+05  0.300000000000E+05  0.000000000000E+00  0.352654615629E+03
  0.360000000000E+05  0.300000000000E+05  0.000000000000E+00  0.362966370975E+03
  0.420000000000E+05  0.300000000000E+05  0.000000000000E+00  0.369253247908E+03
  0.480000000000E+05  0.300000000000E+05  0.000000000000E+00  0.371787253327E+03
  0.000000000000E+00  0.360000000000E+05  0.000000000000E+00  0.331811284105E+03
  0.600000000000E+04  0.360000000000E+05  0.000000000000E+00  0.332173811816E+03
  0.120000000000E+05  0.360000000000E+05  0.000000000000E+00  0.333236033274E+03
  0.180000000000E+05  0.360000000000E+05  0.000000000000E+00  0.334868517661E+03
  0.240000000000E+05  0.360000000000E+05  0.000000000000E+00  0.336573715902E+03
  0.300000000000E+05  0.360000000000E+05  0.000000000000E+00  0.337269253799E+03
  0.360000000000E+05  0.360000000000E+05  0.000000000000E+00  0.353351836978E+03
  0.420000000000E+05  0.360000000000E+05  0.000000000000E+00  0.360851378492E+03
  0.480000000000E+05  0.360000000000E+05  0.000000000000E+00  0.363451697317E+03
  0.000000000000E+00  0.420000000000E+05  0.000000000000E+00  0.328587617024E+03
  0.600000000000E+04  0.420000000000E+05  0.000000000000E+00  0.328836219956E+03
  0.120000000000E+05  0.420000000000E+05  0.000000000000E+00  0.329527809008E+03
  0.180000000000E+05  0.420000000000E+05  0.000000000000E+00  0.330468783233E+03
  0.240000000000E+05  0.420000000000E+05  0.000000000000E+00  0.331255029921E+03
  0.300000000000E+05  0.420000000000E+05  0.000000000000E+00  0.331718039683E+03
  0.360000000000E+05  0.420000000000E+05  0.000000000000E+00  0.341367203801E+03
  0.420000000000E+05  0.420000000000E+05  0.000000000000E+00  0.345209754159E+03
  0.480000000000E+05  0.420000000000E+05  0.000000000000E+00  0.345839789441E+03
  0.000000000000E+00  0.480000000000E+05  0.000000000000E+00  0.324829359961E+03
  0.600000000000E+04  0.480000000000E+05  0.000000000000E+00  0.325015792233E+03
  0.120000000000E+05  0.480000000000E+05  0.000000000000E+00  0.325523544928E+03
  0.180000000000E+05  0.480000000000E+05  0.000000000000E+00  0.326183380741E+03
  0.240000000000E+05  0.480000000000E+05  0.000000000000E+00  0.326701374402E+03
  0.300000000000E+05  0.480000000000E+05  0.000000000000E+00  0.327066166956E+03
  0.360000000000E+05  0.480000000000E+05  0.000000000000E+00  0.325331815298E+03
  0.420000000000E+05  0.480000000000E+05  0.000000000000E+00  0.322440475747E+03
  0.480000000000E+05  0.480000000000E+05  0.000000000000E+00  0.318063334199E+03
  0.000000000000E+00  0.000000000000E+00  0.100000000000E+03  0.330551566563E+03
  0.600000000000E+04  0.000000000000E+00  0.100000000000E+03  0.330902888908E+03
  0.120000000000E+05  0.000000000000E+00  0.100000000000E+03  0.331965177409E+03
  0.180000000000E+05  0.000000000000E+00  0.100000000000E+03  0.333741862231E+03
  0.240000000000E+05  0.000000000000E+00  0.100000000000E+03  0.336100671385E+03
  0.300000000000E+05  0.000000000000E+00  0.100000000000E+03  0.338093346950E+03
  0.360000000000E+05  0.000000000000E+00  0.100000000000E+03  0.334623560284E+03
  0.420000000000E+05  0.000000000000E+00  0.100000000000E+03  0.323504460010E+03
  0.480000000000E+05  0.000000000000E+00  0.100000000000E+03  0.319670074981E+03
  0.540000000000E+05  0.000000000000E+00  0.100000000000E+03  0.313765328407E+03
  0.600000000000E+05  0.000000000000E+00  0.100000000000E+03  0.308277969326E+03
  0.660000000000E+05  0.000000000000E+00  0.100000000000E+03  0.302518323492E+03
  0.720000000000E+05  0.000000000000E+00  0.100000000000E+03  0.296618769624E+03
  0.780000000000E+05  0.000000000000E+00  0.100000000000E+03  0.290651081752E+03
  0.840000000000E+05  0.000000000000E+00  0.100000000000E+03  0.284801840946E+03
  0.900000000000E+05  0.000000000000E+00  0.100000000000E+03  0.280869396678E+03
  0.000000000000E+00  0.600000000000E+04  0.100000000000E+03  0.333354011486E+03
  0.600000000000E+04  0.600000000000E+04  0.100000000000E+03  0.333804963981E+03
  0.120000000000E+05  0.600000000000E+04  0.100000000000E+03  0.335179063890E+03
  0.180000000000E+05  0.600000000000E+04  0.100000000000E+03  0.337544249499E+03
  0.240000000000E+05  0.600000000000E+04  0.100000000000E+03  0.341043793588E+03
  0.300000000000E+05  0.600000000000E+04  0.100000000000E+03  0.345746213725E+03
  0.360000000000E+05  0.600000000000E+04  0.100000000000E+03  0.342534111269E+03
  0.420000000000E+05  0.600000000000E+04  0.100000000000E+03  0.329056498692E+03
  0.480000000000E+05  0.600000000000E+04  0.100000000000E+03  0.338807111032E+03
  0.540000000000E+05  0.600000000000E+04  0.100000000000E+03  0.343318478574E+03
  0.600000000000E+05  0.600000000000E+04  0.100000000000E+03  0.341736843443E+03
  0.660000000000E+05  0.600000000000E+04  0.100000000000E+03  0.337173095170E+03
  0.720000000000E+05  0.600000000000E+04  0.100000000000E+03  0.331256221702E+03
  0.780000000000E+05  0.600000000000E+04  0.100000000000E+03  0.324616560560E+03
  0.840000000000E+05  0.600000000000E+04  0.100000000000E+03  0.318350368137E+03
  0.900000000000E+05  0.600000000000E+04  0.100000000000E+03  0.315739717348E+03
  0.000000000000E+00  0.120000000000E+05  0.100000000000E+03  0.335236739078E+03
  0.600000000000E+04  0.120000000000E+05  0.100000000000E+03  0.335762261577E+03
  0.120000000000E+05  0.120000000000E+05  0.100000000000E+03  0.337367487544E+03
  0.180000000000E+05  0.120000000000E+05  0.100000000000E+03  0.340140209509E+03
  0.240000000000E+05  0.120000000000E+05  0.100000000000E+03  0.344258540919E+03
  0.300000000000E+05  0.120000000000E+05  0.100000000000E+03  0.349985715586E+03
  0.360000000000E+05  0.120000000000E+05  0.100000000000E+03  0.349821147419E+03
  0.420000000000E+05  0.120000000000E+05  0.100000000000E+03  0.337170565335E+03
  0.480000000000E+05  0.120000000000E+05  0.100000000000E+03  0.353334798261E+03
  0.540000000000E+05  0.120000000000E+05  0.100000000000E+03  0.361183675419E+03
  0.600000000000E+05  0.120000000000E+05  0.100000000000E+03  0.359974529236E+03
  0.660000000000E+05  0.120000000000E+05  0.100000000000E+03  0.354214505715E+03
  0.720000000000E+05  0.120000000000E+05  0.100000000000E+03  0.346933153046E+03
  0.780000000000E+05  0.120000000000E+05  0.100000000000E+03  0.338029297788E+03
  0.840000000000E+05  0.120000000000E+05  0.100000000000E+03  0.327728823280E+03
  0.900000000000E+05  0.120000000000E+05  0.100000000000E+03  0.324564661197E+03
  0.000000000000E+00  0.180000000000E+05  0.100000000000E+03  0.336060792687E+03
  0.600000000000E+04  0.180000000000E+05  0.100000000000E+03  0.336628228490E+03
  0.120000000000E+05  0.180000000000E+05  0.100000000000E+03  0.338363584049E+03
  0.180000000000E+05  0.180000000000E+05  0.100000000000E+03  0.341329318640E+03
  0.240000000000E+05  0.180000000000E+05  0.100000000000E+03  0.345391916757E+03
  0.300000000000E+05  0.180000000000E+05  0.100000000000E+03  0.349495618308E+03
  0.360000000000E+05  0.180000000000E+05  0.100000000000E+03  0.359203039268E+03
  0.420000000000E+05  0.180000000000E+05  0.100000000000E+03  0.361313510207E+03
  0.480000000000E+05  0.180000000000E+05  0.100000000000E+03  0.367683834091E+03
  0.540000000000E+05  0.180000000000E+05  0.100000000000E+03  0.370583327788E+03
  0.600000000000E+05  0.180000000000E+05  0.100000000000E+03  0.365572497696E+03
  0.660000000000E+05  0.180000000000E+05  0.100000000000E+03  0.355344232624E+03
  0.720000000000E+05  0.180000000000E+05  0.100000000000E+03  0.346615306970E+03
  0.780000000000E+05  0.180000000000E+05  0.100000000000E+03  0.334528284819E+03
  0.840000000000E+05  0.180000000000E+05  0.100000000000E+03  0.311839392801E+03
  0.900000000000E+05  0.180000000000E+05  0.100000000000E+03  0.308590612908E+03
  0.000000000000E+00  0.240000000000E+05  0.100000000000E+03  0.335747264436E+03
  0.600000000000E+04  0.240000000000E+05  0.100000000000E+03  0.336319439864E+03
  0.120000000000E+05  0.240000000000E+05  0.100000000000E+03  0.338109939948E+03
  0.180000000000E+05  0.240000000000E+05  0.100000000000E+03  0.341395375552E+03
  0.240000000000E+05  0.240000000000E+05  0.100000000000E+03  0.346890181591E+03
  0.300000000000E+05  0.240000000000E+05  0.100000000000E+03  0.356281202674E+03
  0.360000000000E+05  0.240000000000E+05  0.100000000000E+03  0.365084590041E+03
  0.420000000000E+05  0.240000000000E+05  0.100000000000E+03  0.370185823704E+03
  0.480000000000E+05  0.240000000000E+05  0.100000000000E+03  0.373620354640E+03
  0.540000000000E+05  0.240000000000E+05  0.100000000000E+03  0.372005708337E+03
  0.600000000000E+05  0.240000000000E+05  0.100000000000E+03  0.360343067876E+03
  0.660000000000E+05  0.240000000000E+05  0.100000000000E+03  0.338646775151E+03
  0.720000000000E+05  0.240000000000E+05  0.100000000000E+03  0.332799144705E+03
  0.780000000000E+05  0.240000000000E+05  0.100000000000E+03  0.324391336420E+03
  0.840000000000E+05  0.240000000000E+05  0.100000000000E+03  0.315351526951E+03
  0.900000000000E+05  0.240000000000E+05  0.100000000000E+03  0.311107503608E+03
  0.000000000000E+00  0.300000000000E+05  0.100000000000E+03  0.334284467263E+03
  0.600000000000E+04  0.300000000000E+05  0.100000000000E+03  0.334782701352E+03
  0.120000000000E+05  0.300000000000E+05  0.100000000000E+03  0.336334440572E+03
  0.180000000000E+05  0.300000000000E+05  0.100000000000E+03  0.339172612298E+03
  0.240000000000E+05  0.300000000000E+05  0.100000000000E+03  0.343997631532E+03
  0.300000000000E+05  0.300000000000E+05  0.100000000000E+03  0.352797089655E+03
  0.360000000000E+05  0.300000000000E+05  0.100000000000E+03  0.363128608668E+03
  0.420000000000E+05  0.300000000000E+05  0.100000000000E+03  0.369411300116E+03
  0.480000000000E+05  0.300000000000E+05  0.100000000000E+03  0.371950740090E+03
  0.540000000000E+05  0.300000000000E+05  0.100000000000E+03  0.367700059603E+03
  0.600000000000E+05  0.300000000000E+05  0.100000000000E+03  0.349244508097E+03
  0.660000000000E+05  0.300000000000E+05  0.100000000000E+03  0.341413071364E+03
  0.720000000000E+05  0.300000000000E+05  0.100000000000E+03  0.336914898950E+03
  0.780000000000E+05  0.300000000000E+05  0.100000000000E+03  0.339287086866E+03
  0.840000000000E+05  0.300000000000E+05  0.100000000000E+03  0.337230365375E+03
  0.900000000000E+05  0.300000000000E+05  0.100000000000E+03  0.335865127164E+03
  0.000000000000E+00  0.360000000000E+05  0.100000000000E+03  0.331811639929E+03
  0.600000000000E+04  0.360000000000E+05  0.100000000000E+03  0.332174218273E+03
  0.120000000000E+05  0.360000000000E+05  0.100000000000E+03  0.333236589672E+03
  0.180000000000E+05  0.360000000000E+05  0.100000000000E+03  0.334868855358E+03
  0.240000000000E+05  0.360000000000E+05  0.100000000000E+03  0.336558629275E+03
  0.300000000000E+05  0.360000000000E+05  0.100000000000E+03  0.336918959452E+03
  0.360000000000E+05  0.360000000000E+05  0.100000000000E+03  0.353503963934E+03
  0.420000000000E+05  0.360000000000E+05  0.100000000000E+03  0.361019975404E+03
  0.480000000000E+05  0.360000000000E+05  0.100000000000E+03  0.363652766616E+03
  0.540000000000E+05  0.360000000000E+05  0.100000000000E+03  0.361508462655E+03
  0.600000000000E+05  0.360000000000E+05  0.100000000000E+03  0.353416040129E+03
  0.660000000000E+05  0.360000000000E+05  0.100000000000E+03  0.347421605953E+03
  0.720000000000E+05  0.360000000000E+05  0.100000000000E+03  0.343565287339E+03
  0.780000000000E+05  0.360000000000E+05  0.100000000000E+03  0.342274897042E+03
  0.840000000000E+05  0.360000000000E+05  0.100000000000E+03  0.340710387838E+03
  0.900000000000E+05  0.360000000000E+05  0.100000000000E+03  0.339914054689E+03
  0.000000000000E+00  0.420000000000E+05  0.100000000000E+03  0.328588136248E+03
  0.600000000000E+04  0.420000000000E+05  0.100000000000E+03  0.328836773425E+03
  0.120000000000E+05  0.420000000000E+05  0.100000000000E+03  0.329528456990E+03
  0.180000000000E+05  0.420000000000E+05  0.100000000000E+03  0.330469344283E+03
  0.240000000000E+05  0.420000000000E+05  0.100000000000E+03  0.331248893900E+03
  0.300000000000E+05  0.420000000000E+05  0.100000000000E+03  0.331577963354E+03
  0.360000000000E+05  0.420000000000E+05  0.100000000000E+03  0.341504111705E+03
  0.420000000000E+05  0.420000000000E+05  0.100000000000E+03  0.345353367619E+03
  0.480000000000E+05  0.420000000000E+05  0.100000000000E+03  0.345998464690E+03
  0.540000000000E+05  0.420000000000E+05  0.100000000000E+03  0.343976830011E+03
  0.600000000000E+05  0.420000000000E+05  0.100000000000E+03  0.339226789311E+03
  0.660000000000E+05  0.420000000000E+05  0.100000000000E+03  0.334546806718E+03
  0.720000000000E+05  0.420000000000E+05  0.100000000000E+03  0.330688276378E+03
  0.780000000000E+05  0.420000000000E+05  0.100000000000E+03  0.327861968235E+03
  0.840000000000E+05  0.420000000000E+05  0.100000000000E+03  0.325539895210E+03
  0.900000000000E+05  0.420000000000E+05  0.100000000000E+03  0.324392241932E+03
  0.000000000000E+00  0.480000000000E+05  0.100000000000E+03  0.324829948368E+03
  0.600000000000E+04  0.480000000000E+05  0.100000000000E+03  0.325016405303E+03
  0.120000000000E+05  0.480000000000E+05  0.100000000000E+03  0.325524222799E+03
  0.180000000000E+05  0.480000000000E+05  0.100000000000E+03  0.326183997261E+03
  0.240000000000E+05  0.480000000000E+05  0.100000000000E+03  0.326697574955E+03
  0.300000000000E+05  0.480000000000E+05  0.100000000000E+03  0.326966103050E+03
  0.360000000000E+05  0.480000000000E+05  0.100000000000E+03  0.324902457116E+03
  0.420000000000E+05  0.480000000000E+05  0.100000000000E+03  0.321828631930E+03
  0.480000000000E+05  0.480000000000E+05  0.100000000000E+03  0.317170178732E+03
  0.540000000000E+05  0.480000000000E+05  0.100000000000E+03  0.311251515222E+03
  0.600000000000E+05  0.480000000000E+05  0.100000000000E+03  0.306607960676E+03
  0.660000000000E+05  0.480000000000E+05  0.100000000000E+03  0.302016593453E+03
  0.720000000000E+05  0.480000000000E+05  0.100000000000E+03  0.297507926470E+03
  0.780000000000E+05  0.480000000000E+05  0.100000000000E+03  0.293103255649E+03
  0.840000000000E+05  0.480000000000E+05  0.100000000000E+03  0.288810347324E+03
  0.900000000000E+05  0.480000000000E+05  0.100000000000E+03  0.285844776514E+03
  0.000000000000E+00  0.000000000000E+00  0.200000000000E+03  0.330552538302E+03
  0.600000000000E+04  0.000000000000E+00  0.200000000000E+03  0.330903994476E+03
  0.120000000000E+05  0.000000000000E+00  0.200000000000E+03  0.331966713793E+03
  0.180000000000E+05  0.000000000000E+00  0.200000000000E+03  0.333744304859E+03
  0.240000000000E+05  0.000000000000E+00  0.200000000000E+03  0.336106874379E+03
  0.300000000000E+05  0.000000000000E+00  0.200000000000E+03  0.338138838234E+03
  0.360000000000E+05  0.000000000000E+00  0.200000000000E+03  0.334648727406E+03
  0.420000000000E+05  0.000000000000E+00  0.200000000000E+03  0.322734808362E+03
  0.480000000000E+05  0.000000000000E+00  0.200000000000E+03  0.318546559927E+03
  0.540000000000E+05  0.000000000000E+00  0.200000000000E+03  0.312938610521E+03
  0.600000000000E+05  0.000000000000E+00  0.200000000000E+03  0.307352337917E+03
  0.660000000000E+05  0.000000000000E+00  0.200000000000E+03  0.301557634112E+03
  0.720000000000E+05  0.000000000000E+00  0.200000000000E+03  0.295657564483E+03
  0.780000000000E+05  0.000000000000E+00  0.200000000000E+03  0.289705951131E+03
  0.840000000000E+05  0.000000000000E+00  0.200000000000E+03  0.283843315239E+03
  0.900000000000E+05  0.000000000000E+00  0.200000000000E+03  0.279791542096E+03
  0.000000000000E+00  0.600000000000E+04  0.200000000000E+03  0.333354754231E+03
  0.600000000000E+04  0.600000000000E+04  0.200000000000E+03  0.333805866008E+03
  0.120000000000E+05  0.600000000000E+04  0.200000000000E+03  0.335180500876E+03
  0.180000000000E+05  0.600000000000E+04  0.200000000000E+03  0.337547348680E+03
  0.240000000000E+05  0.600000000000E+04  0.200000000000E+03  0.341067471766E+03
  0.300000000000E+05  0.600000000000E+04  0.200000000000E+03  0.346214014943E+03
  0.360000000000E+05  0.600000000000E+04  0.200000000000E+03  0.342979225968E+03
  0.420000000000E+05  0.600000000000E+04  0.200000000000E+03  0.327995549257E+03
  0.480000000000E+05  0.600000000000E+04  0.200000000000E+03  0.339264215500E+03
  0.540000000000E+05  0.600000000000E+04  0.200000000000E+03  0.343565436296E+03
  0.600000000000E+05  0.600000000000E+04  0.200000000000E+03  0.341989667074E+03
  0.660000000000E+05  0.600000000000E+04  0.200000000000E+03  0.337436518592E+03
  0.720000000000E+05  0.600000000000E+04  0.200000000000E+03  0.331529600985E+03
  0.780000000000E+05  0.600000000000E+04  0.200000000000E+03  0.324896828239E+03
  0.840000000000E+05  0.600000000000E+04  0.200000000000E+03  0.318635292171E+03
  0.900000000000E+05  0.600000000000E+04  0.200000000000E+03  0.316028940615E+03
  0.000000000000E+00  0.120000000000E+05  0.200000000000E+03  0.335237059495E+03
  0.600000000000E+04  0.120000000000E+05  0.200000000000E+03  0.335762748844E+03
  0.120000000000E+05  0.120000000000E+05  0.200000000000E+03  0.337368528380E+03
  0.180000000000E+05  0.120000000000E+05  0.200000000000E+03  0.340142845993E+03
  0.240000000000E+05  0.120000000000E+05  0.200000000000E+03  0.344279781994E+03
  0.300000000000E+05  0.120000000000E+05  0.200000000000E+03  0.350422246292E+03
  0.360000000000E+05  0.120000000000E+05  0.200000000000E+03  0.350244521856E+03
  0.420000000000E+05  0.120000000000E+05  0.200000000000E+03  0.335339534654E+03
  0.480000000000E+05  0.120000000000E+05  0.200000000000E+03  0.353888596397E+03
  0.540000000000E+05  0.120000000000E+05  0.200000000000E+03  0.361427058305E+03
  0.600000000000E+05  0.120000000000E+05  0.200000000000E+03  0.360213287495E+03
  0.660000000000E+05  0.120000000000E+05  0.200000000000E+03  0.354456630892E+03
  0.720000000000E+05  0.120000000000E+05  0.200000000000E+03  0.347177837491E+03
  0.780000000000E+05  0.120000000000E+05  0.200000000000E+03  0.338283608474E+03
  0.840000000000E+05  0.120000000000E+05  0.200000000000E+03  0.327980650685E+03
  0.900000000000E+05  0.120000000000E+05  0.200000000000E+03  0.324821198252E+03
  0.000000000000E+00  0.180000000000E+05  0.200000000000E+03  0.336060908578E+03
  0.600000000000E+04  0.180000000000E+05  0.200000000000E+03  0.336628516364E+03
  0.120000000000E+05  0.180000000000E+05  0.200000000000E+03  0.338364391249E+03
  0.180000000000E+05  0.180000000000E+05  0.200000000000E+03  0.341330326382E+03
  0.240000000000E+05  0.180000000000E+05  0.200000000000E+03  0.345373363311E+03
  0.300000000000E+05  0.180000000000E+05  0.200000000000E+03  0.348974031608E+03
  0.360000000000E+05  0.180000000000E+05  0.200000000000E+03  0.359660944146E+03
  0.420000000000E+05  0.180000000000E+05  0.200000000000E+03  0.361764404139E+03
  0.480000000000E+05  0.180000000000E+05  0.200000000000E+03  0.368140935326E+03
  0.540000000000E+05  0.180000000000E+05  0.200000000000E+03  0.370803988838E+03
  0.600000000000E+05  0.180000000000E+05  0.200000000000E+03  0.365795342603E+03
  0.660000000000E+05  0.180000000000E+05  0.200000000000E+03  0.355571008248E+03
  0.720000000000E+05  0.180000000000E+05  0.200000000000E+03  0.346849423813E+03
  0.780000000000E+05  0.180000000000E+05  0.200000000000E+03  0.334767698781E+03
  0.840000000000E+05  0.180000000000E+05  0.200000000000E+03  0.311299925068E+03
  0.900000000000E+05  0.180000000000E+05  0.200000000000E+03  0.308243550425E+03
  0.000000000000E+00  0.240000000000E+05  0.200000000000E+03  0.335747472417E+03
  0.600000000000E+04  0.240000000000E+05  0.200000000000E+03  0.336319844504E+03
  0.120000000000E+05  0.240000000000E+05  0.200000000000E+03  0.338111069517E+03
  0.180000000000E+05  0.240000000000E+05  0.200000000000E+03  0.341398766118E+03
  0.240000000000E+05  0.240000000000E+05  0.200000000000E+03  0.346912376185E+03
  0.300000000000E+05  0.240000000000E+05  0.200000000000E+03  0.356727589360E+03
  0.360000000000E+05  0.240000000000E+05  0.200000000000E+03  0.365565057375E+03
  0.420000000000E+05  0.240000000000E+05  0.200000000000E+03  0.370657682553E+03
  0.480000000000E+05  0.240000000000E+05  0.200000000000E+03  0.373996935772E+03
  0.540000000000E+05  0.240000000000E+05  0.200000000000E+03  0.372224819774E+03
  0.600000000000E+05  0.240000000000E+05  0.200000000000E+03  0.360563939852E+03
  0.660000000000E+05  0.240000000000E+05  0.200000000000E+03  0.338156324929E+03
  0.720000000000E+05  0.240000000000E+05  0.200000000000E+03  0.332585648335E+03
  0.780000000000E+05  0.240000000000E+05  0.200000000000E+03  0.324052437841E+03
  0.840000000000E+05  0.240000000000E+05  0.200000000000E+03  0.315029825695E+03
  0.900000000000E+05  0.240000000000E+05  0.200000000000E+03  0.310680715004E+03
  0.000000000000E+00  0.300000000000E+05  0.200000000000E+03  0.334285034798E+03
  0.600000000000E+04  0.300000000000E+05  0.200000000000E+03  0.334783464326E+03
  0.120000000000E+05  0.300000000000E+05  0.200000000000E+03  0.336335944924E+03
  0.180000000000E+05  0.300000000000E+05  0.200000000000E+03  0.339176615711E+03
  0.240000000000E+05  0.300000000000E+05  0.200000000000E+03  0.344022852957E+03
  0.300000000000E+05  0.300000000000E+05  0.200000000000E+03  0.353241284688E+03
  0.360000000000E+05  0.300000000000E+05  0.200000000000E+03  0.363616332219E+03
  0.420000000000E+05  0.300000000000E+05  0.200000000000E+03  0.369884909341E+03
  0.480000000000E+05  0.300000000000E+05  0.200000000000E+03  0.372300151511E+03
  0.540000000000E+05  0.300000000000E+05  0.200000000000E+03  0.367923543203E+03
  0.600000000000E+05  0.300000000000E+05  0.200000000000E+03  0.348884866338E+03
  0.660000000000E+05  0.300000000000E+05  0.200000000000E+03  0.341321744938E+03
  0.720000000000E+05  0.300000000000E+05  0.200000000000E+03  0.336784274027E+03
  0.780000000000E+05  0.300000000000E+05  0.200000000000E+03  0.339513987556E+03
  0.840000000000E+05  0.300000000000E+05  0.200000000000E+03  0.337476300551E+03
  0.900000000000E+05  0.300000000000E+05  0.200000000000E+03  0.336114824658E+03
  0.000000000000E+00  0.360000000000E+05  0.200000000000E+03  0.331812704632E+03
  0.600000000000E+04  0.360000000000E+05  0.200000000000E+03  0.332175434972E+03
  0.120000000000E+05  0.360000000000E+05  0.200000000000E+03  0.333238268159E+03
  0.180000000000E+05  0.360000000000E+05  0.200000000000E+03  0.334870255441E+03
  0.240000000000E+05  0.360000000000E+05  0.200000000000E+03  0.336521325339E+03
  0.300000000000E+05  0.360000000000E+05  0.200000000000E+03  0.335825281538E+03
  0.360000000000E+05  0.360000000000E+05  0.200000000000E+03  0.353973985349E+03
  0.420000000000E+05  0.360000000000E+05  0.200000000000E+03  0.361526308518E+03
  0.480000000000E+05  0.360000000000E+05  0.200000000000E+03  0.364051139863E+03
  0.540000000000E+05  0.360000000000E+05  0.200000000000E+03  0.361748575909E+03
  0.600000000000E+05  0.360000000000E+05  0.200000000000E+03  0.353641912274E+03
  0.660000000000E+05  0.360000000000E+05  0.200000000000E+03  0.347654178429E+03
  0.720000000000E+05  0.360000000000E+05  0.200000000000E+03  0.343800863326E+03
  0.780000000000E+05  0.360000000000E+05  0.200000000000E+03  0.342520381179E+03
  0.840000000000E+05  0.360000000000E+05  0.200000000000E+03  0.340958753658E+03
  0.900000000000E+05  0.360000000000E+05  0.200000000000E+03  0.340163750161E+03
  0.000000000000E+00  0.420000000000E+05  0.200000000000E+03  0.328589694635E+03
  0.600000000000E+04  0.420000000000E+05  0.200000000000E+03  0.328838434585E+03
  0.120000000000E+05  0.420000000000E+05  0.200000000000E+03  0.329530407687E+03
  0.180000000000E+05  0.420000000000E+05  0.200000000000E+03  0.330471215711E+03
  0.240000000000E+05  0.420000000000E+05  0.200000000000E+03  0.331234204094E+03
  0.300000000000E+05  0.420000000000E+05  0.200000000000E+03  0.331151047727E+03
  0.360000000000E+05  0.420000000000E+05  0.200000000000E+03  0.341937650019E+03
  0.420000000000E+05  0.420000000000E+05  0.200000000000E+03  0.345804266823E+03
  0.480000000000E+05  0.420000000000E+05  0.200000000000E+03  0.346356591271E+03
  0.540000000000E+05  0.420000000000E+05  0.200000000000E+03  0.344225747902E+03
  0.600000000000E+05  0.420000000000E+05  0.200000000000E+03  0.339481782640E+03
  0.660000000000E+05  0.420000000000E+05  0.200000000000E+03  0.334808389520E+03
  0.720000000000E+05  0.420000000000E+05  0.200000000000E+03  0.330955930777E+03
  0.780000000000E+05  0.420000000000E+05  0.200000000000E+03  0.328137545300E+03
  0.840000000000E+05  0.420000000000E+05  0.200000000000E+03  0.325823015148E+03
  0.900000000000E+05  0.420000000000E+05  0.200000000000E+03  0.324680163405E+03
  0.000000000000E+00  0.480000000000E+05  0.200000000000E+03  0.324831722601E+03
  0.600000000000E+04  0.480000000000E+05  0.200000000000E+03  0.325018253521E+03
  0.120000000000E+05  0.480000000000E+05  0.200000000000E+03  0.325526269107E+03
  0.180000000000E+05  0.480000000000E+05  0.200000000000E+03  0.326185977716E+03
  0.240000000000E+05  0.480000000000E+05  0.200000000000E+03  0.326688815555E+03
  0.300000000000E+05  0.480000000000E+05  0.200000000000E+03  0.326674607294E+03
  0.360000000000E+05  0.480000000000E+05  0.200000000000E+03  0.323578845325E+03
  0.420000000000E+05  0.480000000000E+05  0.200000000000E+03  0.319953875797E+03
  0.480000000000E+05  0.480000000000E+05  0.200000000000E+03  0.315475224600E+03
  0.540000000000E+05  0.480000000000E+05  0.200000000000E+03  0.310324768853E+03
  0.600000000000E+05  0.480000000000E+05  0.200000000000E+03  0.305701157279E+03
  0.660000000000E+05  0.480000000000E+05  0.200000000000E+03  0.301111827804E+03
  0.720000000000E+05  0.480000000000E+05  0.200000000000E+03  0.296584805692E+03
  0.780000000000E+05  0.480000000000E+05  0.200000000000E+03  0.292136183598E+03
  0.840000000000E+05  0.480000000000E+05  0.200000000000E+03  0.287771646861E+03
  0.900000000000E+05  0.480000000000E+05  0.200000000000E+03  0.284691636619E+03
  0.000000000000E+00  0.000000000000E+00  0.300000000000E+03  0.330554181674E+03
  0.600000000000E+04  0.000000000000E+00  0.300000000000E+03  0.330905860891E+03
  0.120000000000E+05  0.000000000000E+00  0.300000000000E+03  0.331969294131E+03
  0.180000000000E+05  0.000000000000E+00  0.300000000000E+03  0.333748289621E+03
  0.240000000000E+05  0.000000000000E+00  0.300000000000E+03  0.336115120027E+03
  0.300000000000E+05  0.000000000000E+00  0.300000000000E+03  0.338191413525E+03
  0.360000000000E+05  0.000000000000E+00  0.300000000000E+03  0.334689229181E+03
  0.420000000000E+05  0.000000000000E+00  0.300000000000E+03  0.321458291369E+03
  0.480000000000E+05  0.000000000000E+00  0.300000000000E+03  0.316311500147E+03
  0.540000000000E+05  0.000000000000E+00  0.300000000000E+03  0.310409800180E+03
  0.600000000000E+05  0.000000000000E+00  0.300000000000E+03  0.304508200199E+03
  0.660000000000E+05  0.000000000000E+00  0.300000000000E+03  0.298606600201E+03
  0.720000000000E+05  0.000000000000E+00  0.300000000000E+03  0.292704900195E+03
  0.780000000000E+05  0.000000000000E+00  0.300000000000E+03  0.286803300186E+03
  0.840000000000E+05  0.000000000000E+00  0.300000000000E+03  0.280901600182E+03
  0.900000000000E+05  0.000000000000E+00  0.300000000000E+03  0.276475400200E+03
  0.000000000000E+00  0.600000000000E+04  0.300000000000E+03  0.333355988285E+03
  0.600000000000E+04  0.600000000000E+04  0.300000000000E+03  0.333807364302E+03
  0.120000000000E+05  0.600000000000E+04  0.300000000000E+03  0.335182869713E+03
  0.180000000000E+05  0.600000000000E+04  0.300000000000E+03  0.337551955396E+03
  0.240000000000E+05  0.600000000000E+04  0.300000000000E+03  0.341094535139E+03
  0.300000000000E+05  0.600000000000E+04  0.300000000000E+03  0.347022046092E+03
  0.360000000000E+05  0.600000000000E+04  0.300000000000E+03  0.343780287622E+03
  0.420000000000E+05  0.600000000000E+04  0.300000000000E+03  0.326147500170E+03
  0.480000000000E+05  0.600000000000E+04  0.300000000000E+03  0.340084117749E+03
  0.540000000000E+05  0.600000000000E+04  0.300000000000E+03  0.344330232735E+03
  0.600000000000E+05  0.600000000000E+04  0.300000000000E+03  0.342781132039E+03
  0.660000000000E+05  0.600000000000E+04  0.300000000000E+03  0.338261401493E+03
  0.720000000000E+05  0.600000000000E+04  0.300000000000E+03  0.332384915133E+03
  0.780000000000E+05  0.600000000000E+04  0.300000000000E+03  0.325772453145E+03
  0.840000000000E+05  0.600000000000E+04  0.300000000000E+03  0.319525533813E+03
  0.900000000000E+05  0.600000000000E+04  0.300000000000E+03  0.316935731598E+03
  0.000000000000E+00  0.120000000000E+05  0.300000000000E+03  0.335237576510E+03
  0.600000000000E+04  0.120000000000E+05  0.300000000000E+03  0.335763542365E+03
  0.120000000000E+05  0.120000000000E+05  0.300000000000E+03  0.337370225509E+03
  0.180000000000E+05  0.120000000000E+05  0.300000000000E+03  0.340146743548E+03
  0.240000000000E+05  0.120000000000E+05  0.300000000000E+03  0.344304167531E+03
  0.300000000000E+05  0.120000000000E+05  0.300000000000E+03  0.351191461296E+03
  0.360000000000E+05  0.120000000000E+05  0.300000000000E+03  0.351017233415E+03
  0.420000000000E+05  0.120000000000E+05  0.300000000000E+03  0.332049200277E+03
  0.480000000000E+05  0.120000000000E+05  0.300000000000E+03  0.354758579028E+03
  0.540000000000E+05  0.120000000000E+05  0.300000000000E+03  0.362149244641E+03
  0.600000000000E+05  0.120000000000E+05  0.300000000000E+03  0.360929391619E+03
  0.660000000000E+05  0.120000000000E+05  0.300000000000E+03  0.355182863618E+03
  0.720000000000E+05  0.120000000000E+05  0.300000000000E+03  0.347911190986E+03
  0.780000000000E+05  0.120000000000E+05  0.300000000000E+03  0.339046569681E+03
  0.840000000000E+05  0.120000000000E+05  0.300000000000E+03  0.328756994168E+03
  0.900000000000E+05  0.120000000000E+05  0.300000000000E+03  0.325606929769E+03
  0.000000000000E+00  0.180000000000E+05  0.300000000000E+03  0.336061081961E+03
  0.600000000000E+04  0.180000000000E+05  0.300000000000E+03  0.336628975690E+03
  0.120000000000E+05  0.180000000000E+05  0.300000000000E+03  0.338365729680E+03
  0.180000000000E+05  0.180000000000E+05  0.300000000000E+03  0.341332499092E+03
  0.240000000000E+05  0.180000000000E+05  0.300000000000E+03  0.345354724785E+03
  0.300000000000E+05  0.180000000000E+05  0.300000000000E+03  0.348000000000E+03
  0.360000000000E+05  0.180000000000E+05  0.300000000000E+03  0.360454842402E+03
  0.420000000000E+05  0.180000000000E+05  0.300000000000E+03  0.362583590290E+03
  0.480000000000E+05  0.180000000000E+05  0.300000000000E+03  0.368934420343E+03
  0.540000000000E+05  0.180000000000E+05  0.300000000000E+03  0.371458755425E+03
  0.600000000000E+05  0.180000000000E+05  0.300000000000E+03  0.366463441564E+03
  0.660000000000E+05  0.180000000000E+05  0.300000000000E+03  0.356270736949E+03
  0.720000000000E+05  0.180000000000E+05  0.300000000000E+03  0.347563971278E+03
  0.780000000000E+05  0.180000000000E+05  0.300000000000E+03  0.335523373852E+03
  0.840000000000E+05  0.180000000000E+05  0.300000000000E+03  0.309626512188E+03
  0.900000000000E+05  0.180000000000E+05  0.300000000000E+03  0.307198500117E+03
  0.000000000000E+00  0.240000000000E+05  0.300000000000E+03  0.335747798657E+03
  0.600000000000E+04  0.240000000000E+05  0.300000000000E+03  0.336320495127E+03
  0.120000000000E+05  0.240000000000E+05  0.300000000000E+03  0.338112902732E+03
  0.180000000000E+05  0.240000000000E+05  0.300000000000E+03  0.341403953258E+03
  0.240000000000E+05  0.240000000000E+05  0.300000000000E+03  0.346938096695E+03
  0.300000000000E+05  0.240000000000E+05  0.300000000000E+03  0.357513354034E+03
  0.360000000000E+05  0.240000000000E+05  0.300000000000E+03  0.366367682520E+03
  0.420000000000E+05  0.240000000000E+05  0.300000000000E+03  0.371446747612E+03
  0.480000000000E+05  0.240000000000E+05  0.300000000000E+03  0.374725298958E+03
  0.540000000000E+05  0.240000000000E+05  0.300000000000E+03  0.372877566528E+03
  0.600000000000E+05  0.240000000000E+05  0.300000000000E+03  0.361262434209E+03
  0.660000000000E+05  0.240000000000E+05  0.300000000000E+03  0.336626512439E+03
  0.720000000000E+05  0.240000000000E+05  0.300000000000E+03  0.331941600096E+03
  0.780000000000E+05  0.240000000000E+05  0.300000000000E+03  0.323000000124E+03
  0.840000000000E+05  0.240000000000E+05  0.300000000000E+03  0.314058400115E+03
  0.900000000000E+05  0.240000000000E+05  0.300000000000E+03  0.309373505108E+03
  0.000000000000E+00  0.300000000000E+05  0.300000000000E+03  0.334285964375E+03
  0.600000000000E+04  0.300000000000E+05  0.300000000000E+03  0.334784716137E+03
  0.120000000000E+05  0.300000000000E+05  0.300000000000E+03  0.336338403777E+03
  0.180000000000E+05  0.300000000000E+05  0.300000000000E+03  0.339182803662E+03
  0.240000000000E+05  0.300000000000E+05  0.300000000000E+03  0.344054735769E+03
  0.300000000000E+05  0.300000000000E+05  0.300000000000E+03  0.354040287575E+03
  0.360000000000E+05  0.300000000000E+05  0.300000000000E+03  0.364431836107E+03
  0.420000000000E+05  0.300000000000E+05  0.300000000000E+03  0.370676273081E+03
  0.480000000000E+05  0.300000000000E+05  0.300000000000E+03  0.373020231761E+03
  0.540000000000E+05  0.300000000000E+05  0.300000000000E+03  0.368606353450E+03
  0.600000000000E+05  0.300000000000E+05  0.300000000000E+03  0.347749900277E+03
  0.660000000000E+05  0.300000000000E+05  0.300000000000E+03  0.341058400068E+03
  0.720000000000E+05  0.300000000000E+05  0.300000000000E+03  0.336373506102E+03
  0.780000000000E+05  0.300000000000E+05  0.300000000000E+03  0.340219292597E+03
  0.840000000000E+05  0.300000000000E+05  0.300000000000E+03  0.338230230467E+03
  0.900000000000E+05  0.300000000000E+05  0.300000000000E+03  0.336882917497E+03
  0.000000000000E+00  0.360000000000E+05  0.300000000000E+03  0.331814469867E+03
  0.600000000000E+04  0.360000000000E+05  0.300000000000E+03  0.332177453566E+03
  0.120000000000E+05  0.360000000000E+05  0.300000000000E+03  0.333241086357E+03
  0.180000000000E+05  0.360000000000E+05  0.300000000000E+03  0.334873699881E+03
  0.240000000000E+05  0.360000000000E+05  0.300000000000E+03  0.336487707717E+03
  0.300000000000E+05  0.360000000000E+05  0.300000000000E+03  0.333854200375E+03
  0.360000000000E+05  0.360000000000E+05  0.300000000000E+03  0.354804850350E+03
  0.420000000000E+05  0.360000000000E+05  0.300000000000E+03  0.362376834208E+03
  0.480000000000E+05  0.360000000000E+05  0.300000000000E+03  0.364845983451E+03
  0.540000000000E+05  0.360000000000E+05  0.300000000000E+03  0.362465132507E+03
  0.600000000000E+05  0.360000000000E+05  0.300000000000E+03  0.354334402359E+03
  0.660000000000E+05  0.360000000000E+05  0.300000000000E+03  0.348360189895E+03
  0.720000000000E+05  0.360000000000E+05  0.300000000000E+03  0.344516680670E+03
  0.780000000000E+05  0.360000000000E+05  0.300000000000E+03  0.343256709063E+03
  0.840000000000E+05  0.360000000000E+05  0.300000000000E+03  0.341702996356E+03
  0.900000000000E+05  0.360000000000E+05  0.300000000000E+03  0.340911848557E+03
  0.000000000000E+00  0.420000000000E+05  0.300000000000E+03  0.328592294191E+03
  0.600000000000E+04  0.420000000000E+05  0.300000000000E+03  0.328841205398E+03
  0.120000000000E+05  0.420000000000E+05  0.300000000000E+03  0.329533676250E+03
  0.180000000000E+05  0.420000000000E+05  0.300000000000E+03  0.330474865415E+03
  0.240000000000E+05  0.420000000000E+05  0.300000000000E+03  0.331222414622E+03
  0.300000000000E+05  0.420000000000E+05  0.300000000000E+03  0.330416700099E+03
  0.360000000000E+05  0.420000000000E+05  0.300000000000E+03  0.342739034303E+03
  0.420000000000E+05  0.420000000000E+05  0.300000000000E+03  0.346628572740E+03
  0.480000000000E+05  0.420000000000E+05  0.300000000000E+03  0.347155550794E+03
  0.540000000000E+05  0.420000000000E+05  0.300000000000E+03  0.345002201153E+03
  0.600000000000E+05  0.420000000000E+05  0.300000000000E+03  0.340279829402E+03
  0.660000000000E+05  0.420000000000E+05  0.300000000000E+03  0.335626356723E+03
  0.720000000000E+05  0.420000000000E+05  0.300000000000E+03  0.331792810712E+03
  0.780000000000E+05  0.420000000000E+05  0.300000000000E+03  0.328999640989E+03
  0.840000000000E+05  0.420000000000E+05  0.300000000000E+03  0.326710133734E+03
  0.900000000000E+05  0.420000000000E+05  0.300000000000E+03  0.325585285894E+03
  0.000000000000E+00  0.480000000000E+05  0.300000000000E+03  0.324834710254E+03
  0.600000000000E+04  0.480000000000E+05  0.300000000000E+03  0.325021364366E+03
  0.120000000000E+05  0.480000000000E+05  0.300000000000E+03  0.325529719234E+03
  0.180000000000E+05  0.480000000000E+05  0.300000000000E+03  0.326189646667E+03
  0.240000000000E+05  0.480000000000E+05  0.300000000000E+03  0.326682883801E+03
  0.300000000000E+05  0.480000000000E+05  0.300000000000E+03  0.326220019118E+03
  0.360000000000E+05  0.480000000000E+05  0.300000000000E+03  0.321250000149E+03
  0.420000000000E+05  0.480000000000E+05  0.300000000000E+03  0.316666700209E+03
  0.480000000000E+05  0.480000000000E+05  0.300000000000E+03  0.312083300223E+03
  0.540000000000E+05  0.480000000000E+05  0.300000000000E+03  0.307500000199E+03
  0.600000000000E+05  0.480000000000E+05  0.300000000000E+03  0.302916700192E+03
  0.660000000000E+05  0.480000000000E+05  0.300000000000E+03  0.298333300188E+03
  0.720000000000E+05  0.480000000000E+05  0.300000000000E+03  0.293750000188E+03
  0.780000000000E+05  0.480000000000E+05  0.300000000000E+03  0.289166700193E+03
  0.840000000000E+05  0.480000000000E+05  0.300000000000E+03  0.284583300203E+03
  0.900000000000E+05  0.480000000000E+05  0.300000000000E+03  0.281145800222E+03
  0.000000000000E+00  0.000000000000E+00  0.400000000000E+03  0.330554181674E+03
  0.600000000000E+04  0.000000000000E+00  0.400000000000E+03  0.330905860891E+03
  0.120000000000E+05  0.000000000000E+00  0.400000000000E+03  0.331969294131E+03
  0.180000000000E+05  0.000000000000E+00  0.400000000000E+03  0.333748289621E+03
  0.240000000000E+05  0.000000000000E+00  0.400000000000E+03  0.336115120027E+03
  0.300000000000E+05  0.000000000000E+00  0.400000000000E+03  0.338191413525E+03
  0.360000000000E+05  0.000000000000E+00  0.400000000000E+03  0.334689229181E+03
  0.420000000000E+05  0.000000000000E+00  0.400000000000E+03  0.321458291369E+03
  0.480000000000E+05  0.000000000000E+00  0.400000000000E+03  0.316311500147E+03
  0.540000000000E+05  0.000000000000E+00  0.400000000000E+03  0.310409800180E+03
  0.600000000000E+05  0.000000000000E+00  0.400000000000E+03  0.304508200199E+03
  0.660000000000E+05  0.000000000000E+00  0.400000000000E+03  0.298606600201E+03
  0.720000000000E+05  0.000000000000E+00  0.400000000000E+03  0.292704900195E+03
  0.780000000000E+05  0.000000000000E+00  0.400000000000E+03  0.286803300186E+03
  0.840000000000E+05  0.000000000000E+00  0.400000000000E+03  0.280901600182E+03
  0.900000000000E+05  0.000000000000E+00  0.400000000000E+03  0.276475400200E+03
  0.000000000000E+00  0.600000000000E+04  0.400000000000E+03  0.333355988285E+03
  0.600000000000E+04  0.600000000000E+04  0.400000000000E+03  0.333807364302E+03
  0.120000000000E+05  0.600000000000E+04  0.400000000000E+03  0.335182869713E+03
  0.180000000000E+05  0.600000000000E+04  0.400000000000E+03  0.337551955396E+03
  0.240000000000E+05  0.600000000000E+04  0.400000000000E+03  0.341094535139E+03
  0.300000000000E+05  0.600000000000E+04  0.400000000000E+03  0.347022046092E+03
  0.360000000000E+05  0.600000000000E+04  0.400000000000E+03  0.343780287622E+03
  0.420000000000E+05  0.600000000000E+04  0.400000000000E+03  0.326147500170E+03
  0.480000000000E+05  0.600000000000E+04  0.400000000000E+03  0.340084117749E+03
  0.540000000000E+05  0.600000000000E+04  0.400000000000E+03  0.344330232735E+03
  0.600000000000E+05  0.600000000000E+04  0.400000000000E+03  0.342781132039E+03
  0.660000000000E+05  0.600000000000E+04  0.400000000000E+03  0.338261401493E+03
  0.720000000000E+05  0.600000000000E+04  0.400000000000E+03  0.332384915133E+03
  0.780000000000E+05  0.600000000000E+04  0.400000000000E+03  0.325772453145E+03
  0.840000000000E+05  0.600000000000E+04  0.400000000000E+03  0.319525533813E+03
  0.900000000000E+05  0.600000000000E+04  0.400000000000E+03  0.316935731598E+03
  0.000000000000E+00  0.120000000000E+05  0.400000000000E+03  0.335237576510E+03
  0.600000000000E+04  0.120000000000E+05  0.400000000000E+03  0.335763542365E+03
  0.120000000000E+05  0.120000000000E+05  0.400000000000E+03  0.337370225509E+03
  0.180000000000E+05  0.120000000000E+05  0.400000000000E+03  0.340146743548E+03
  0.240000000000E+05  0.120000000000E+05  0.400000000000E+03  0.344304167531E+03
  0.300000000000E+05  0.120000000000E+05  0.400000000000E+03  0.352353239010E+03
  0.360000000000E+05  0.120000000000E+05  0.400000000000E+03  0.352197323491E+03
  0.420000000000E+05  0.120000000000E+05  0.400000000000E+03  0.332049200277E+03
  0.480000000000E+05  0.120000000000E+05  0.400000000000E+03  0.355991104004E+03
  0.540000000000E+05  0.120000000000E+05  0.400000000000E+03  0.363332955186E+03
  0.600000000000E+05  0.120000000000E+05  0.400000000000E+03  0.362103435608E+03
  0.660000000000E+05  0.120000000000E+05  0.400000000000E+03  0.356361585692E+03
  0.720000000000E+05  0.120000000000E+05  0.400000000000E+03  0.347911190986E+03
  0.780000000000E+05  0.120000000000E+05  0.400000000000E+03  0.339046569681E+03
  0.840000000000E+05  0.120000000000E+05  0.400000000000E+03  0.328756994168E+03
  0.900000000000E+05  0.120000000000E+05  0.400000000000E+03  0.325606929769E+03
  0.000000000000E+00  0.180000000000E+05  0.400000000000E+03  0.336061081961E+03
  0.600000000000E+04  0.180000000000E+05  0.400000000000E+03  0.336628975690E+03
  0.120000000000E+05  0.180000000000E+05  0.400000000000E+03  0.338365729680E+03
  0.180000000000E+05  0.180000000000E+05  0.400000000000E+03  0.341332499092E+03
  0.240000000000E+05  0.180000000000E+05  0.400000000000E+03  0.345354724785E+03
  0.300000000000E+05  0.180000000000E+05  0.400000000000E+03  0.348000000000E+03
  0.360000000000E+05  0.180000000000E+05  0.400000000000E+03  0.361630027184E+03
  0.420000000000E+05  0.180000000000E+05  0.400000000000E+03  0.363811347744E+03
  0.480000000000E+05  0.180000000000E+05  0.400000000000E+03  0.370067112518E+03
  0.540000000000E+05  0.180000000000E+05  0.400000000000E+03  0.372541587252E+03
  0.600000000000E+05  0.180000000000E+05  0.400000000000E+03  0.367574108527E+03
  0.660000000000E+05  0.180000000000E+05  0.400000000000E+03  0.357465647602E+03
  0.720000000000E+05  0.180000000000E+05  0.400000000000E+03  0.347563971278E+03
  0.780000000000E+05  0.180000000000E+05  0.400000000000E+03  0.335523373852E+03
  0.840000000000E+05  0.180000000000E+05  0.400000000000E+03  0.309626512188E+03
  0.900000000000E+05  0.180000000000E+05  0.400000000000E+03  0.307198500117E+03
  0.000000000000E+00  0.240000000000E+05  0.400000000000E+03  0.335747798657E+03
  0.600000000000E+04  0.240000000000E+05  0.400000000000E+03  0.336320495127E+03
  0.120000000000E+05  0.240000000000E+05  0.400000000000E+03  0.338112902732E+03
  0.180000000000E+05  0.240000000000E+05  0.400000000000E+03  0.341403953258E+03
  0.240000000000E+05  0.240000000000E+05  0.400000000000E+03  0.346938096695E+03
  0.300000000000E+05  0.240000000000E+05  0.400000000000E+03  0.358700516312E+03
  0.360000000000E+05  0.240000000000E+05  0.400000000000E+03  0.367493195163E+03
  0.420000000000E+05  0.240000000000E+05  0.400000000000E+03  0.372553427827E+03
  0.480000000000E+05  0.240000000000E+05  0.400000000000E+03  0.375804279632E+03
  0.540000000000E+05  0.240000000000E+05  0.400000000000E+03  0.373959686173E+03
  0.600000000000E+05  0.240000000000E+05  0.400000000000E+03  0.362503510576E+03
  0.660000000000E+05  0.240000000000E+05  0.400000000000E+03  0.336626512439E+03
  0.720000000000E+05  0.240000000000E+05  0.400000000000E+03  0.331941600096E+03
  0.780000000000E+05  0.240000000000E+05  0.400000000000E+03  0.323000000124E+03
  0.840000000000E+05  0.240000000000E+05  0.400000000000E+03  0.314058400115E+03
  0.900000000000E+05  0.240000000000E+05  0.400000000000E+03  0.309373505108E+03
  0.000000000000E+00  0.300000000000E+05  0.400000000000E+03  0.334285964375E+03
  0.600000000000E+04  0.300000000000E+05  0.400000000000E+03  0.334784716137E+03
  0.120000000000E+05  0.300000000000E+05  0.400000000000E+03  0.336338403777E+03
  0.180000000000E+05  0.300000000000E+05  0.400000000000E+03  0.339182803662E+03
  0.240000000000E+05  0.300000000000E+05  0.400000000000E+03  0.344054735769E+03
  0.300000000000E+05  0.300000000000E+05  0.400000000000E+03  0.355238751230E+03
  0.360000000000E+05  0.300000000000E+05  0.400000000000E+03  0.365576180298E+03
  0.420000000000E+05  0.300000000000E+05  0.400000000000E+03  0.371785121339E+03
  0.480000000000E+05  0.300000000000E+05  0.400000000000E+03  0.374107729181E+03
  0.540000000000E+05  0.300000000000E+05  0.400000000000E+03  0.369791328621E+03
  0.600000000000E+05  0.300000000000E+05  0.400000000000E+03  0.347749900277E+03
  0.660000000000E+05  0.300000000000E+05  0.400000000000E+03  0.341058400068E+03
  0.720000000000E+05  0.300000000000E+05  0.400000000000E+03  0.336373506102E+03
  0.780000000000E+05  0.300000000000E+05  0.400000000000E+03  0.340219292597E+03
  0.840000000000E+05  0.300000000000E+05  0.400000000000E+03  0.338230230467E+03
  0.900000000000E+05  0.300000000000E+05  0.400000000000E+03  0.336882917497E+03
  0.000000000000E+00  0.360000000000E+05  0.400000000000E+03  0.331814469867E+03
  0.600000000000E+04  0.360000000000E+05  0.400000000000E+03  0.332177453566E+03
  0.120000000000E+05  0.360000000000E+05  0.400000000000E+03  0.333241086357E+03
  0.180000000000E+05  0.360000000000E+05  0.400000000000E+03  0.334873699881E+03
  0.240000000000E+05  0.360000000000E+05  0.400000000000E+03  0.336487707717E+03
  0.300000000000E+05  0.360000000000E+05  0.400000000000E+03  0.333854200375E+03
  0.360000000000E+05  0.360000000000E+05  0.400000000000E+03  0.356015941019E+03
  0.420000000000E+05  0.360000000000E+05  0.400000000000E+03  0.363568642860E+03
  0.480000000000E+05  0.360000000000E+05  0.400000000000E+03  0.366032898895E+03
  0.540000000000E+05  0.360000000000E+05  0.400000000000E+03  0.363643778231E+03
  0.600000000000E+05  0.360000000000E+05  0.400000000000E+03  0.355517904424E+03
  0.660000000000E+05  0.360000000000E+05  0.400000000000E+03  0.348360189895E+03
  0.720000000000E+05  0.360000000000E+05  0.400000000000E+03  0.344516680670E+03
  0.780000000000E+05  0.360000000000E+05  0.400000000000E+03  0.343256709063E+03
  0.840000000000E+05  0.360000000000E+05  0.400000000000E+03  0.341702996356E+03
  0.900000000000E+05  0.360000000000E+05  0.400000000000E+03  0.340911848557E+03
  0.000000000000E+00  0.420000000000E+05  0.400000000000E+03  0.328592294191E+03
  0.600000000000E+04  0.420000000000E+05  0.400000000000E+03  0.328841205398E+03
  0.120000000000E+05  0.420000000000E+05  0.400000000000E+03  0.329533676250E+03
  0.180000000000E+05  0.420000000000E+05  0.400000000000E+03  0.330474865415E+03
  0.240000000000E+05  0.420000000000E+05  0.400000000000E+03  0.331222414622E+03
  0.300000000000E+05  0.420000000000E+05  0.400000000000E+03  0.330416700099E+03
  0.360000000000E+05  0.420000000000E+05  0.400000000000E+03  0.342739034303E+03
  0.420000000000E+05  0.420000000000E+05  0.400000000000E+03  0.346628572740E+03
  0.480000000000E+05  0.420000000000E+05  0.400000000000E+03  0.347155550794E+03
  0.540000000000E+05  0.420000000000E+05  0.400000000000E+03  0.345002201153E+03
  0.600000000000E+05  0.420000000000E+05  0.400000000000E+03  0.340279829402E+03
  0.660000000000E+05  0.420000000000E+05  0.400000000000E+03  0.335626356723E+03
  0.720000000000E+05  0.420000000000E+05  0.400000000000E+03  0.331792810712E+03
  0.780000000000E+05  0.420000000000E+05  0.400000000000E+03  0.328999640989E+03
  0.840000000000E+05  0.420000000000E+05  0.400000000000E+03  0.326710133734E+03
  0.900000000000E+05  0.420000000000E+05  0.400000000000E+03  0.325585285894E+03
  0.000000000000E+00  0.480000000000E+05  0.400000000000E+03  0.324834710254E+03
  0.600000000000E+04  0.480000000000E+05  0.400000000000E+03  0.325021364366E+03
  0.120000000000E+05  0.480000000000E+05  0.400000000000E+03  0.325529719234E+03
  0.180000000000E+05  0.480000000000E+05  0.400000000000E+03  0.326189646667E+03
  0.240000000000E+05  0.480000000000E+05  0.400000000000E+03  0.326682883801E+03
  0.300000000000E+05  0.480000000000E+05  0.400000000000E+03  0.326220019118E+03
  0.360000000000E+05  0.480000000000E+05  0.400000000000E+03  0.321250000149E+03
  0.420000000000E+05  0.480000000000E+05  0.400000000000E+03  0.316666700209E+03
  0.480000000000E+05  0.480000000000E+05  0.400000000000E+03  0.312083300223E+03
  0.540000000000E+05  0.480000000000E+05  0.400000000000E+03  0.307500000199E+03
  0.600000000000E+05  0.480000000000E+05  0.400000000000E+03  0.302916700192E+03
  0.660000000000E+05  0.480000000000E+05  0.400000000000E+03  0.298333300188E+03
  0.720000000000E+05  0.480000000000E+05  0.400000000000E+03  0.293750000188E+03
  0.780000000000E+05  0.480000000000E+05  0.400000000000E+03  0.289166700193E+03
  0.840000000000E+05  0.480000000000E+05  0.400000000000E+03  0.284583300203E+03
  0.900000000000E+05  0.480000000000E+05  0.400000000000E+03  0.281145800222E+03
