

                              X-Direction Node Coordinates    (m)

           1           2           3           4           5           6           7           8           9          10
           0.00     6000.00    12000.00    18000.00    24000.00    30000.00    36000.00    42000.00    48000.00    54000.00



          11          12          13          14          15          16
       60000.00    66000.00    72000.00    78000.00    84000.00    90000.00




                              Y-Direction Node Coordinates   (m)

           1           2           3           4           5           6           7           8           9
           0.00     6000.00    12000.00    18000.00    24000.00    30000.00    36000.00    42000.00    48000.00




                              Z-Direction Node Coordinates   (m)

           1           2           3
           0.00      200.00      400.00



                              *** Output at End of Time Step No.     8 ***

     Time .......................................................   8.000E+03  (yr)

                              Water-Table Elevation  (m)

                    Areal Layers

                                                            K =  1

           1           2           3           4           5           6           7           8           9          10
  9     326.003     326.209     326.768     327.488     327.976     326.220     321.250     316.667     312.083     307.500
  8     329.972     330.246     331.010     332.053     332.855     330.417     347.716     353.882     357.280     359.960
  7     333.350     333.748     334.921     336.748     338.639     333.854     360.266     370.039     375.497     377.530
  6     335.907     336.447     338.131     341.226     346.571     358.175     370.187     378.551     383.662     381.416
  5     337.372     337.984     339.901     343.419     349.362     361.342     371.885     379.131     385.452     388.011
  4     337.610     338.212     340.049     343.166     347.280     348.000     365.204     369.437     379.215     388.870
  3     336.644     337.200     338.897     341.822     346.214     354.323     355.202     332.049     363.501     380.165
  2     334.559     335.037     336.493     339.002     342.783     350.016     347.336     326.148     347.456     360.320
  1     331.499     331.871     332.999     334.891     337.434     339.822     336.672     321.458     316.312     310.410



          11          12          13          14          15          16
  9     302.917     298.333     293.750     289.167     284.583     281.146
  8     357.299     356.502     355.028     354.912     354.547     354.151
  7     369.065     364.515     363.012     366.511     367.874     368.050
  6     347.750     341.058     336.374     355.133     357.566     357.501
  5     373.780     336.627     331.942     323.000     314.058     309.374
  4     385.966     374.936     365.835     351.577     309.627     307.199
  3     383.222     379.663     373.138     363.360     350.348     346.445
  2     363.473     364.019     359.308     352.134     344.501     341.406
  1     304.508     298.607     292.705     286.803     280.902     276.475



                              *** Output at End of Time Step No.    16 ***

     Time .......................................................   1.600E+04  (yr)

                              Water-Table Elevation  (m)

                    Areal Layers

                                                            K =  1

           1           2           3           4           5           6           7           8           9          10
  9     326.003     326.209     326.768     327.488     327.976     326.220     321.250     316.667     312.083     307.500
  8     329.972     330.246     331.010     332.053     332.855     330.417     347.716     353.882     357.280     359.960
  7     333.350     333.748     334.921     336.748     338.639     333.854     360.266     370.039     375.497     377.530
  6     335.907     336.447     338.131     341.226     346.571     358.175     370.187     378.551     383.662     381.416
  5     337.372     337.984     339.901     343.419     349.362     361.342     371.885     379.131     385.452     388.011
  4     337.610     338.212     340.049     343.166     347.280     348.000     365.204     369.437     379.215     388.870
  3     336.644     337.200     338.897     341.822     346.214     354.323     355.202     332.049     363.501     380.165
  2     334.559     335.037     336.493     339.002     342.783     350.016     347.336     326.148     347.456     360.320
  1     331.499     331.871     332.999     334.891     337.434     339.822     336.672     321.458     316.312     310.410



          11          12          13          14          15          16
  9     302.917     298.333     293.750     289.167     284.583     281.146
  8     357.299     356.502     355.028     354.912     354.547     354.151
  7     369.065     364.515     363.012     366.511     367.874     368.050
  6     347.750     341.058     336.374     355.133     357.566     357.501
  5     373.780     336.627     331.942     323.000     314.058     309.374
  4     385.966     374.936     365.835     351.577     309.627     307.199
  3     383.222     379.663     373.138     363.360     350.348     346.445
  2     363.473     364.019     359.308     352.134     344.501     341.406
  1     304.508     298.607     292.705     286.803     280.902     276.475



                              *** Output at End of Time Step No.    18 ***

     Time .......................................................   1.800E+04  (yr)

                              Water-Table Elevation  (m)

                    Areal Layers

                                                            K =  1

           1           2           3           4           5           6           7           8           9          10
  9     326.003     326.209     326.768     327.488     327.976     326.220     321.250     316.667     312.083     307.500
  8     329.972     330.246     331.010     332.053     332.855     330.417     347.716     353.882     357.280     359.960
  7     333.350     333.748     334.921     336.748     338.639     333.854     360.266     370.039     375.497     377.530
  6     335.907     336.447     338.131     341.226     346.571     358.175     370.187     378.551     383.662     381.416
  5     337.372     337.984     339.901     343.419     349.362     361.342     371.885     379.131     385.452     388.011
  4     337.610     338.212     340.049     343.166     347.280     348.000     365.204     369.437     379.215     388.870
  3     336.644     337.200     338.897     341.822     346.214     354.323     355.202     332.049     363.501     380.165
  2     334.559     335.037     336.493     339.002     342.783     350.016     347.336     326.148     347.456     360.320
  1     331.499     331.871     332.999     334.891     337.434     339.822     336.672     321.458     316.312     310.410



          11          12          13          14          15          16
  9     302.917     298.333     293.750     289.167     284.583     281.146
  8     357.299     356.502     355.028     354.912     354.547     354.151
  7     369.065     364.515     363.012     366.511     367.874     368.050
  6     347.750     341.058     336.374     355.133     357.566     357.501
  5     373.780     336.627     331.942     323.000     314.058     309.374
  4     385.966     374.936     365.835     351.577     309.627     307.199
  3     383.222     379.663     373.138     363.360     350.348     346.445
  2     363.473     364.019     359.308     352.134     344.501     341.406
  1     304.508     298.607     292.705     286.803     280.902     276.475



                              *** Output at End of Time Step No.    27 ***

     Time .......................................................   2.700E+04  (yr)

                              Water-Table Elevation  (m)

                    Areal Layers

                                                            K =  1

           1           2           3           4           5           6           7           8           9          10
  9     326.003     326.209     326.768     327.488     327.976     326.220     321.250     316.667     312.083     307.500
  8     329.972     330.246     331.010     332.053     332.855     330.417     347.716     353.882     357.280     359.960
  7     333.350     333.748     334.921     336.748     338.639     333.854     360.266     370.039     375.497     377.530
  6     335.907     336.447     338.131     341.226     346.571     358.175     370.187     378.551     383.662     381.416
  5     337.372     337.984     339.901     343.419     349.362     361.342     371.885     379.131     385.452     388.011
  4     337.610     338.212     340.049     343.166     347.280     348.000     365.204     369.437     379.215     388.870
  3     336.644     337.200     338.897     341.822     346.214     354.323     355.202     332.049     363.501     380.165
  2     334.559     335.037     336.493     339.002     342.783     350.016     347.336     326.148     347.456     360.320
  1     331.499     331.871     332.999     334.891     337.434     339.822     336.672     321.458     316.312     310.410



          11          12          13          14          15          16
  9     302.917     298.333     293.750     289.167     284.583     281.146
  8     357.299     356.502     355.028     354.912     354.547     354.151
  7     369.065     364.515     363.012     366.511     367.874     368.050
  6     347.750     341.058     336.374     355.133     357.566     357.501
  5     373.780     336.627     331.942     323.000     314.058     309.374
  4     385.966     374.936     365.835     351.577     309.627     307.199
  3     383.222     379.663     373.138     363.360     350.348     346.445
  2     363.473     364.019     359.308     352.134     344.501     341.406
  1     304.508     298.607     292.705     286.803     280.902     276.475



                              *** Output at End of Time Step No.    31 ***

     Time .......................................................   3.100E+04  (yr)

                              Water-Table Elevation  (m)

                    Areal Layers

                                                            K =  1

           1           2           3           4           5           6           7           8           9          10
  9     326.003     326.209     326.768     327.488     327.976     326.220     321.250     316.667     312.083     307.500
  8     329.972     330.246     331.010     332.053     332.855     330.417     347.716     353.882     357.280     359.960
  7     333.350     333.748     334.921     336.748     338.639     333.854     360.266     370.039     375.497     377.530
  6     335.907     336.447     338.131     341.226     346.571     358.175     370.187     378.551     383.662     381.416
  5     337.372     337.984     339.901     343.419     349.362     361.342     371.885     379.131     385.452     388.011
  4     337.610     338.212     340.049     343.166     347.280     348.000     365.204     369.437     379.215     388.870
  3     336.644     337.200     338.897     341.822     346.214     354.323     355.202     332.049     363.501     380.165
  2     334.559     335.037     336.493     339.002     342.783     350.016     347.336     326.148     347.456     360.320
  1     331.499     331.871     332.999     334.891     337.434     339.822     336.672     321.458     316.312     310.410



          11          12          13          14          15          16
  9     302.917     298.333     293.750     289.167     284.583     281.146
  8     357.299     356.502     355.028     354.912     354.547     354.151
  7     369.065     364.515     363.012     366.511     367.874     368.050
  6     347.750     341.058     336.374     355.133     357.566     357.501
  5     373.780     336.627     331.942     323.000     314.058     309.374
  4     385.966     374.936     365.835     351.577     309.627     307.199
  3     383.222     379.663     373.138     363.360     350.348     346.445
  2     363.473     364.019     359.308     352.134     344.501     341.406
  1     304.508     298.607     292.705     286.803     280.902     276.475


