  0.000000000000e+00  0.000000000000e+00  0.000000000000e+00  0.330551244974e+03
  0.600000000000e+04  0.000000000000e+00  0.000000000000e+00  0.330902522702e+03
  0.120000000000e+05  0.000000000000e+00  0.000000000000e+00  0.331964667057e+03
  0.180000000000e+05  0.000000000000e+00  0.000000000000e+00  0.333741036782e+03
  0.240000000000e+05  0.000000000000e+00  0.000000000000e+00  0.336098365391e+03
  0.300000000000e+05  0.000000000000e+00  0.000000000000e+00  0.338075987244e+03
  0.360000000000e+05  0.000000000000e+00  0.000000000000e+00  0.334615125046e+03
  0.420000000000e+05  0.000000000000e+00  0.000000000000e+00  0.323763311864e+03
  0.480000000000e+05  0.000000000000e+00  0.000000000000e+00  0.320273351431e+03
  0.000000000000e+00  0.600000000000e+04  0.000000000000e+00  0.333353763528e+03
  0.600000000000e+04  0.600000000000e+04  0.000000000000e+00  0.333804662789e+03
  0.120000000000e+05  0.600000000000e+04  0.000000000000e+00  0.335178581824e+03
  0.180000000000e+05  0.600000000000e+04  0.000000000000e+00  0.337543152227e+03
  0.240000000000e+05  0.600000000000e+04  0.000000000000e+00  0.341034712601e+03
  0.300000000000e+05  0.600000000000e+04  0.000000000000e+00  0.345593076048e+03
  0.360000000000e+05  0.600000000000e+04  0.000000000000e+00  0.342391469486e+03
  0.420000000000e+05  0.600000000000e+04  0.000000000000e+00  0.329401052214e+03
  0.480000000000e+05  0.600000000000e+04  0.000000000000e+00  0.338501343217e+03
  0.000000000000e+00  0.120000000000e+05  0.000000000000e+00  0.335236630576e+03
  0.600000000000e+04  0.120000000000e+05  0.000000000000e+00  0.335762097287e+03
  0.120000000000e+05  0.120000000000e+05  0.000000000000e+00  0.337367136462e+03
  0.180000000000e+05  0.120000000000e+05  0.000000000000e+00  0.340139274175e+03
  0.240000000000e+05  0.120000000000e+05  0.000000000000e+00  0.344250425628e+03
  0.300000000000e+05  0.120000000000e+05  0.000000000000e+00  0.349844222158e+03
  0.360000000000e+05  0.120000000000e+05  0.000000000000e+00  0.349686416265e+03
  0.420000000000e+05  0.120000000000e+05  0.000000000000e+00  0.337755937871e+03
  0.480000000000e+05  0.120000000000e+05  0.000000000000e+00  0.352914634371e+03
  0.000000000000e+00  0.180000000000e+05  0.000000000000e+00  0.336060752080e+03
  0.600000000000e+04  0.180000000000e+05  0.000000000000e+00  0.336628130499e+03
  0.120000000000e+05  0.180000000000e+05  0.000000000000e+00  0.338363314671e+03
  0.180000000000e+05  0.180000000000e+05  0.000000000000e+00  0.341329038361e+03
  0.240000000000e+05  0.180000000000e+05  0.000000000000e+00  0.345399192635e+03
  0.300000000000e+05  0.180000000000e+05  0.000000000000e+00  0.349659443868e+03
  0.360000000000e+05  0.180000000000e+05  0.000000000000e+00  0.359053392477e+03
  0.420000000000e+05  0.180000000000e+05  0.000000000000e+00  0.361168471231e+03
  0.480000000000e+05  0.180000000000e+05  0.000000000000e+00  0.367393518482e+03
  0.000000000000e+00  0.240000000000e+05  0.000000000000e+00  0.335747193067e+03
  0.600000000000e+04  0.240000000000e+05  0.000000000000e+00  0.336319302591e+03
  0.120000000000e+05  0.240000000000e+05  0.000000000000e+00  0.338109558150e+03
  0.180000000000e+05  0.240000000000e+05  0.000000000000e+00  0.341394191924e+03
  0.240000000000e+05  0.240000000000e+05  0.000000000000e+00  0.346881725881e+03
  0.300000000000e+05  0.240000000000e+05  0.000000000000e+00  0.356136408519e+03
  0.360000000000e+05  0.240000000000e+05  0.000000000000e+00  0.364924669536e+03
  0.420000000000e+05  0.240000000000e+05  0.000000000000e+00  0.370028229850e+03
  0.480000000000e+05  0.240000000000e+05  0.000000000000e+00  0.373419773231e+03
  0.000000000000e+00  0.300000000000e+05  0.000000000000e+00  0.334284276450e+03
  0.600000000000e+04  0.300000000000e+05  0.000000000000e+00  0.334782445028e+03
  0.120000000000e+05  0.300000000000e+05  0.000000000000e+00  0.336333933969e+03
  0.180000000000e+05  0.300000000000e+05  0.000000000000e+00  0.339171224058e+03
  0.240000000000e+05  0.300000000000e+05  0.000000000000e+00  0.343988299366e+03
  0.300000000000e+05  0.300000000000e+05  0.000000000000e+00  0.352654615629e+03
  0.360000000000e+05  0.300000000000e+05  0.000000000000e+00  0.362966370975e+03
  0.420000000000e+05  0.300000000000e+05  0.000000000000e+00  0.369253247908e+03
  0.480000000000e+05  0.300000000000e+05  0.000000000000e+00  0.371787253327e+03
  0.000000000000e+00  0.360000000000e+05  0.000000000000e+00  0.331811284105e+03
  0.600000000000e+04  0.360000000000e+05  0.000000000000e+00  0.332173811816e+03
  0.120000000000e+05  0.360000000000e+05  0.000000000000e+00  0.333236033274e+03
  0.180000000000e+05  0.360000000000e+05  0.000000000000e+00  0.334868517661e+03
  0.240000000000e+05  0.360000000000e+05  0.000000000000e+00  0.336573715902e+03
  0.300000000000e+05  0.360000000000e+05  0.000000000000e+00  0.337269253799e+03
  0.360000000000e+05  0.360000000000e+05  0.000000000000e+00  0.353351836978e+03
  0.420000000000e+05  0.360000000000e+05  0.000000000000e+00  0.360851378492e+03
  0.480000000000e+05  0.360000000000e+05  0.000000000000e+00  0.363451697317e+03
  0.000000000000e+00  0.420000000000e+05  0.000000000000e+00  0.328587617024e+03
  0.600000000000e+04  0.420000000000e+05  0.000000000000e+00  0.328836219956e+03
  0.120000000000e+05  0.420000000000e+05  0.000000000000e+00  0.329527809008e+03
  0.180000000000e+05  0.420000000000e+05  0.000000000000e+00  0.330468783233e+03
  0.240000000000e+05  0.420000000000e+05  0.000000000000e+00  0.331255029921e+03
  0.300000000000e+05  0.420000000000e+05  0.000000000000e+00  0.331718039683e+03
  0.360000000000e+05  0.420000000000e+05  0.000000000000e+00  0.341367203801e+03
  0.420000000000e+05  0.420000000000e+05  0.000000000000e+00  0.345209754159e+03
  0.480000000000e+05  0.420000000000e+05  0.000000000000e+00  0.345839789441e+03
  0.000000000000e+00  0.480000000000e+05  0.000000000000e+00  0.324829359961e+03
  0.600000000000e+04  0.480000000000e+05  0.000000000000e+00  0.325015792233e+03
  0.120000000000e+05  0.480000000000e+05  0.000000000000e+00  0.325523544928e+03
  0.180000000000e+05  0.480000000000e+05  0.000000000000e+00  0.326183380741e+03
  0.240000000000e+05  0.480000000000e+05  0.000000000000e+00  0.326701374402e+03
  0.300000000000e+05  0.480000000000e+05  0.000000000000e+00  0.327066166956e+03
  0.360000000000e+05  0.480000000000e+05  0.000000000000e+00  0.325331815298e+03
  0.420000000000e+05  0.480000000000e+05  0.000000000000e+00  0.322440475747e+03
  0.480000000000e+05  0.480000000000e+05  0.000000000000e+00  0.318063334199e+03
  0.000000000000e+00  0.000000000000e+00  0.100000000000e+03  0.330551566563e+03
  0.600000000000e+04  0.000000000000e+00  0.100000000000e+03  0.330902888908e+03
  0.120000000000e+05  0.000000000000e+00  0.100000000000e+03  0.331965177409e+03
  0.180000000000e+05  0.000000000000e+00  0.100000000000e+03  0.333741862231e+03
  0.240000000000e+05  0.000000000000e+00  0.100000000000e+03  0.336100671385e+03
  0.300000000000e+05  0.000000000000e+00  0.100000000000e+03  0.338093346950e+03
  0.360000000000e+05  0.000000000000e+00  0.100000000000e+03  0.334623560284e+03
  0.420000000000e+05  0.000000000000e+00  0.100000000000e+03  0.323504460010e+03
  0.480000000000e+05  0.000000000000e+00  0.100000000000e+03  0.319670074981e+03
  0.540000000000e+05  0.000000000000e+00  0.100000000000e+03  0.313765328407e+03
  0.600000000000e+05  0.000000000000e+00  0.100000000000e+03  0.308277969326e+03
  0.660000000000e+05  0.000000000000e+00  0.100000000000e+03  0.302518323492e+03
  0.720000000000e+05  0.000000000000e+00  0.100000000000e+03  0.296618769624e+03
  0.780000000000e+05  0.000000000000e+00  0.100000000000e+03  0.290651081752e+03
  0.840000000000e+05  0.000000000000e+00  0.100000000000e+03  0.284801840946e+03
  0.900000000000e+05  0.000000000000e+00  0.100000000000e+03  0.280869396678e+03
  0.000000000000e+00  0.600000000000e+04  0.100000000000e+03  0.333354011486e+03
  0.600000000000e+04  0.600000000000e+04  0.100000000000e+03  0.333804963981e+03
  0.120000000000e+05  0.600000000000e+04  0.100000000000e+03  0.335179063890e+03
  0.180000000000e+05  0.600000000000e+04  0.100000000000e+03  0.337544249499e+03
  0.240000000000e+05  0.600000000000e+04  0.100000000000e+03  0.341043793588e+03
  0.300000000000e+05  0.600000000000e+04  0.100000000000e+03  0.345746213725e+03
  0.360000000000e+05  0.600000000000e+04  0.100000000000e+03  0.342534111269e+03
  0.420000000000e+05  0.600000000000e+04  0.100000000000e+03  0.329056498692e+03
  0.480000000000e+05  0.600000000000e+04  0.100000000000e+03  0.338807111032e+03
  0.540000000000e+05  0.600000000000e+04  0.100000000000e+03  0.343318478574e+03
  0.600000000000e+05  0.600000000000e+04  0.100000000000e+03  0.341736843443e+03
  0.660000000000e+05  0.600000000000e+04  0.100000000000e+03  0.337173095170e+03
  0.720000000000e+05  0.600000000000e+04  0.100000000000e+03  0.331256221702e+03
  0.780000000000e+05  0.600000000000e+04  0.100000000000e+03  0.324616560560e+03
  0.840000000000e+05  0.600000000000e+04  0.100000000000e+03  0.318350368137e+03
  0.900000000000e+05  0.600000000000e+04  0.100000000000e+03  0.315739717348e+03
  0.000000000000e+00  0.120000000000e+05  0.100000000000e+03  0.335236739078e+03
  0.600000000000e+04  0.120000000000e+05  0.100000000000e+03  0.335762261577e+03
  0.120000000000e+05  0.120000000000e+05  0.100000000000e+03  0.337367487544e+03
  0.180000000000e+05  0.120000000000e+05  0.100000000000e+03  0.340140209509e+03
  0.240000000000e+05  0.120000000000e+05  0.100000000000e+03  0.344258540919e+03
  0.300000000000e+05  0.120000000000e+05  0.100000000000e+03  0.349985715586e+03
  0.360000000000e+05  0.120000000000e+05  0.100000000000e+03  0.349821147419e+03
  0.420000000000e+05  0.120000000000e+05  0.100000000000e+03  0.337170565335e+03
  0.480000000000e+05  0.120000000000e+05  0.100000000000e+03  0.353334798261e+03
  0.540000000000e+05  0.120000000000e+05  0.100000000000e+03  0.361183675419e+03
  0.600000000000e+05  0.120000000000e+05  0.100000000000e+03  0.359974529236e+03
  0.660000000000e+05  0.120000000000e+05  0.100000000000e+03  0.354214505715e+03
  0.720000000000e+05  0.120000000000e+05  0.100000000000e+03  0.346933153046e+03
  0.780000000000e+05  0.120000000000e+05  0.100000000000e+03  0.338029297788e+03
  0.840000000000e+05  0.120000000000e+05  0.100000000000e+03  0.327728823280e+03
  0.900000000000e+05  0.120000000000e+05  0.100000000000e+03  0.324564661197e+03
  0.000000000000e+00  0.180000000000e+05  0.100000000000e+03  0.336060792687e+03
  0.600000000000e+04  0.180000000000e+05  0.100000000000e+03  0.336628228490e+03
  0.120000000000e+05  0.180000000000e+05  0.100000000000e+03  0.338363584049e+03
  0.180000000000e+05  0.180000000000e+05  0.100000000000e+03  0.341329318640e+03
  0.240000000000e+05  0.180000000000e+05  0.100000000000e+03  0.345391916757e+03
  0.300000000000e+05  0.180000000000e+05  0.100000000000e+03  0.349495618308e+03
  0.360000000000e+05  0.180000000000e+05  0.100000000000e+03  0.359203039268e+03
  0.420000000000e+05  0.180000000000e+05  0.100000000000e+03  0.361313510207e+03
  0.480000000000e+05  0.180000000000e+05  0.100000000000e+03  0.367683834091e+03
  0.540000000000e+05  0.180000000000e+05  0.100000000000e+03  0.370583327788e+03
  0.600000000000e+05  0.180000000000e+05  0.100000000000e+03  0.365572497696e+03
  0.660000000000e+05  0.180000000000e+05  0.100000000000e+03  0.355344232624e+03
  0.720000000000e+05  0.180000000000e+05  0.100000000000e+03  0.346615306970e+03
  0.780000000000e+05  0.180000000000e+05  0.100000000000e+03  0.334528284819e+03
  0.840000000000e+05  0.180000000000e+05  0.100000000000e+03  0.311839392801e+03
  0.900000000000e+05  0.180000000000e+05  0.100000000000e+03  0.308590612908e+03
  0.000000000000e+00  0.240000000000e+05  0.100000000000e+03  0.335747264436e+03
  0.600000000000e+04  0.240000000000e+05  0.100000000000e+03  0.336319439864e+03
  0.120000000000e+05  0.240000000000e+05  0.100000000000e+03  0.338109939948e+03
  0.180000000000e+05  0.240000000000e+05  0.100000000000e+03  0.341395375552e+03
  0.240000000000e+05  0.240000000000e+05  0.100000000000e+03  0.346890181591e+03
  0.300000000000e+05  0.240000000000e+05  0.100000000000e+03  0.356281202674e+03
  0.360000000000e+05  0.240000000000e+05  0.100000000000e+03  0.365084590041e+03
  0.420000000000e+05  0.240000000000e+05  0.100000000000e+03  0.370185823704e+03
  0.480000000000e+05  0.240000000000e+05  0.100000000000e+03  0.373620354640e+03
  0.540000000000e+05  0.240000000000e+05  0.100000000000e+03  0.372005708337e+03
  0.600000000000e+05  0.240000000000e+05  0.100000000000e+03  0.360343067876e+03
  0.660000000000e+05  0.240000000000e+05  0.100000000000e+03  0.338646775151e+03
  0.720000000000e+05  0.240000000000e+05  0.100000000000e+03  0.332799144705e+03
  0.780000000000e+05  0.240000000000e+05  0.100000000000e+03  0.324391336420e+03
  0.840000000000e+05  0.240000000000e+05  0.100000000000e+03  0.315351526951e+03
  0.900000000000e+05  0.240000000000e+05  0.100000000000e+03  0.311107503608e+03
  0.000000000000e+00  0.300000000000e+05  0.100000000000e+03  0.334284467263e+03
  0.600000000000e+04  0.300000000000e+05  0.100000000000e+03  0.334782701352e+03
  0.120000000000e+05  0.300000000000e+05  0.100000000000e+03  0.336334440572e+03
  0.180000000000e+05  0.300000000000e+05  0.100000000000e+03  0.339172612298e+03
  0.240000000000e+05  0.300000000000e+05  0.100000000000e+03  0.343997631532e+03
  0.300000000000e+05  0.300000000000e+05  0.100000000000e+03  0.352797089655e+03
  0.360000000000e+05  0.300000000000e+05  0.100000000000e+03  0.363128608668e+03
  0.420000000000e+05  0.300000000000e+05  0.100000000000e+03  0.369411300116e+03
  0.480000000000e+05  0.300000000000e+05  0.100000000000e+03  0.371950740090e+03
  0.540000000000e+05  0.300000000000e+05  0.100000000000e+03  0.367700059603e+03
  0.600000000000e+05  0.300000000000e+05  0.100000000000e+03  0.349244508097e+03
  0.660000000000e+05  0.300000000000e+05  0.100000000000e+03  0.341413071364e+03
  0.720000000000e+05  0.300000000000e+05  0.100000000000e+03  0.336914898950e+03
  0.780000000000e+05  0.300000000000e+05  0.100000000000e+03  0.339287086866e+03
  0.840000000000e+05  0.300000000000e+05  0.100000000000e+03  0.337230365375e+03
  0.900000000000e+05  0.300000000000e+05  0.100000000000e+03  0.335865127164e+03
  0.000000000000e+00  0.360000000000e+05  0.100000000000e+03  0.331811639929e+03
  0.600000000000e+04  0.360000000000e+05  0.100000000000e+03  0.332174218273e+03
  0.120000000000e+05  0.360000000000e+05  0.100000000000e+03  0.333236589672e+03
  0.180000000000e+05  0.360000000000e+05  0.100000000000e+03  0.334868855358e+03
  0.240000000000e+05  0.360000000000e+05  0.100000000000e+03  0.336558629275e+03
  0.300000000000e+05  0.360000000000e+05  0.100000000000e+03  0.336918959452e+03
  0.360000000000e+05  0.360000000000e+05  0.100000000000e+03  0.353503963934e+03
  0.420000000000e+05  0.360000000000e+05  0.100000000000e+03  0.361019975404e+03
  0.480000000000e+05  0.360000000000e+05  0.100000000000e+03  0.363652766616e+03
  0.540000000000e+05  0.360000000000e+05  0.100000000000e+03  0.361508462655e+03
  0.600000000000e+05  0.360000000000e+05  0.100000000000e+03  0.353416040129e+03
  0.660000000000e+05  0.360000000000e+05  0.100000000000e+03  0.347421605953e+03
  0.720000000000e+05  0.360000000000e+05  0.100000000000e+03  0.343565287339e+03
  0.780000000000e+05  0.360000000000e+05  0.100000000000e+03  0.342274897042e+03
  0.840000000000e+05  0.360000000000e+05  0.100000000000e+03  0.340710387838e+03
  0.900000000000e+05  0.360000000000e+05  0.100000000000e+03  0.339914054689e+03
  0.000000000000e+00  0.420000000000e+05  0.100000000000e+03  0.328588136248e+03
  0.600000000000e+04  0.420000000000e+05  0.100000000000e+03  0.328836773425e+03
  0.120000000000e+05  0.420000000000e+05  0.100000000000e+03  0.329528456990e+03
  0.180000000000e+05  0.420000000000e+05  0.100000000000e+03  0.330469344283e+03
  0.240000000000e+05  0.420000000000e+05  0.100000000000e+03  0.331248893900e+03
  0.300000000000e+05  0.420000000000e+05  0.100000000000e+03  0.331577963354e+03
  0.360000000000e+05  0.420000000000e+05  0.100000000000e+03  0.341504111705e+03
  0.420000000000e+05  0.420000000000e+05  0.100000000000e+03  0.345353367619e+03
  0.480000000000e+05  0.420000000000e+05  0.100000000000e+03  0.345998464690e+03
  0.540000000000e+05  0.420000000000e+05  0.100000000000e+03  0.343976830011e+03
  0.600000000000e+05  0.420000000000e+05  0.100000000000e+03  0.339226789311e+03
  0.660000000000e+05  0.420000000000e+05  0.100000000000e+03  0.334546806718e+03
  0.720000000000e+05  0.420000000000e+05  0.100000000000e+03  0.330688276378e+03
  0.780000000000e+05  0.420000000000e+05  0.100000000000e+03  0.327861968235e+03
  0.840000000000e+05  0.420000000000e+05  0.100000000000e+03  0.325539895210e+03
  0.900000000000e+05  0.420000000000e+05  0.100000000000e+03  0.324392241932e+03
  0.000000000000e+00  0.480000000000e+05  0.100000000000e+03  0.324829948368e+03
  0.600000000000e+04  0.480000000000e+05  0.100000000000e+03  0.325016405303e+03
  0.120000000000e+05  0.480000000000e+05  0.100000000000e+03  0.325524222799e+03
  0.180000000000e+05  0.480000000000e+05  0.100000000000e+03  0.326183997261e+03
  0.240000000000e+05  0.480000000000e+05  0.100000000000e+03  0.326697574955e+03
  0.300000000000e+05  0.480000000000e+05  0.100000000000e+03  0.326966103050e+03
  0.360000000000e+05  0.480000000000e+05  0.100000000000e+03  0.324902457116e+03
  0.420000000000e+05  0.480000000000e+05  0.100000000000e+03  0.321828631930e+03
  0.480000000000e+05  0.480000000000e+05  0.100000000000e+03  0.317170178732e+03
  0.540000000000e+05  0.480000000000e+05  0.100000000000e+03  0.311251515222e+03
  0.600000000000e+05  0.480000000000e+05  0.100000000000e+03  0.306607960676e+03
  0.660000000000e+05  0.480000000000e+05  0.100000000000e+03  0.302016593453e+03
  0.720000000000e+05  0.480000000000e+05  0.100000000000e+03  0.297507926470e+03
  0.780000000000e+05  0.480000000000e+05  0.100000000000e+03  0.293103255649e+03
  0.840000000000e+05  0.480000000000e+05  0.100000000000e+03  0.288810347324e+03
  0.900000000000e+05  0.480000000000e+05  0.100000000000e+03  0.285844776514e+03
  0.000000000000e+00  0.000000000000e+00  0.200000000000e+03  0.330552538302e+03
  0.600000000000e+04  0.000000000000e+00  0.200000000000e+03  0.330903994476e+03
  0.120000000000e+05  0.000000000000e+00  0.200000000000e+03  0.331966713793e+03
  0.180000000000e+05  0.000000000000e+00  0.200000000000e+03  0.333744304859e+03
  0.240000000000e+05  0.000000000000e+00  0.200000000000e+03  0.336106874379e+03
  0.300000000000e+05  0.000000000000e+00  0.200000000000e+03  0.338138838234e+03
  0.360000000000e+05  0.000000000000e+00  0.200000000000e+03  0.334648727406e+03
  0.420000000000e+05  0.000000000000e+00  0.200000000000e+03  0.322734808362e+03
  0.480000000000e+05  0.000000000000e+00  0.200000000000e+03  0.318546559927e+03
  0.540000000000e+05  0.000000000000e+00  0.200000000000e+03  0.312938610521e+03
  0.600000000000e+05  0.000000000000e+00  0.200000000000e+03  0.307352337917e+03
  0.660000000000e+05  0.000000000000e+00  0.200000000000e+03  0.301557634112e+03
  0.720000000000e+05  0.000000000000e+00  0.200000000000e+03  0.295657564483e+03
  0.780000000000e+05  0.000000000000e+00  0.200000000000e+03  0.289705951131e+03
  0.840000000000e+05  0.000000000000e+00  0.200000000000e+03  0.283843315239e+03
  0.900000000000e+05  0.000000000000e+00  0.200000000000e+03  0.279791542096e+03
  0.000000000000e+00  0.600000000000e+04  0.200000000000e+03  0.333354754231e+03
  0.600000000000e+04  0.600000000000e+04  0.200000000000e+03  0.333805866008e+03
  0.120000000000e+05  0.600000000000e+04  0.200000000000e+03  0.335180500876e+03
  0.180000000000e+05  0.600000000000e+04  0.200000000000e+03  0.337547348680e+03
  0.240000000000e+05  0.600000000000e+04  0.200000000000e+03  0.341067471766e+03
  0.300000000000e+05  0.600000000000e+04  0.200000000000e+03  0.346214014943e+03
  0.360000000000e+05  0.600000000000e+04  0.200000000000e+03  0.342979225968e+03
  0.420000000000e+05  0.600000000000e+04  0.200000000000e+03  0.327995549257e+03
  0.480000000000e+05  0.600000000000e+04  0.200000000000e+03  0.339264215500e+03
  0.540000000000e+05  0.600000000000e+04  0.200000000000e+03  0.343565436296e+03
  0.600000000000e+05  0.600000000000e+04  0.200000000000e+03  0.341989667074e+03
  0.660000000000e+05  0.600000000000e+04  0.200000000000e+03  0.337436518592e+03
  0.720000000000e+05  0.600000000000e+04  0.200000000000e+03  0.331529600985e+03
  0.780000000000e+05  0.600000000000e+04  0.200000000000e+03  0.324896828239e+03
  0.840000000000e+05  0.600000000000e+04  0.200000000000e+03  0.318635292171e+03
  0.900000000000e+05  0.600000000000e+04  0.200000000000e+03  0.316028940615e+03
  0.000000000000e+00  0.120000000000e+05  0.200000000000e+03  0.335237059495e+03
  0.600000000000e+04  0.120000000000e+05  0.200000000000e+03  0.335762748844e+03
  0.120000000000e+05  0.120000000000e+05  0.200000000000e+03  0.337368528380e+03
  0.180000000000e+05  0.120000000000e+05  0.200000000000e+03  0.340142845993e+03
  0.240000000000e+05  0.120000000000e+05  0.200000000000e+03  0.344279781994e+03
  0.300000000000e+05  0.120000000000e+05  0.200000000000e+03  0.350422246292e+03
  0.360000000000e+05  0.120000000000e+05  0.200000000000e+03  0.350244521856e+03
  0.420000000000e+05  0.120000000000e+05  0.200000000000e+03  0.335339534654e+03
  0.480000000000e+05  0.120000000000e+05  0.200000000000e+03  0.353888596397e+03
  0.540000000000e+05  0.120000000000e+05  0.200000000000e+03  0.361427058305e+03
  0.600000000000e+05  0.120000000000e+05  0.200000000000e+03  0.360213287495e+03
  0.660000000000e+05  0.120000000000e+05  0.200000000000e+03  0.354456630892e+03
  0.720000000000e+05  0.120000000000e+05  0.200000000000e+03  0.347177837491e+03
  0.780000000000e+05  0.120000000000e+05  0.200000000000e+03  0.338283608474e+03
  0.840000000000e+05  0.120000000000e+05  0.200000000000e+03  0.327980650685e+03
  0.900000000000e+05  0.120000000000e+05  0.200000000000e+03  0.324821198252e+03
  0.000000000000e+00  0.180000000000e+05  0.200000000000e+03  0.336060908578e+03
  0.600000000000e+04  0.180000000000e+05  0.200000000000e+03  0.336628516364e+03
  0.120000000000e+05  0.180000000000e+05  0.200000000000e+03  0.338364391249e+03
  0.180000000000e+05  0.180000000000e+05  0.200000000000e+03  0.341330326382e+03
  0.240000000000e+05  0.180000000000e+05  0.200000000000e+03  0.345373363311e+03
  0.300000000000e+05  0.180000000000e+05  0.200000000000e+03  0.348974031608e+03
  0.360000000000e+05  0.180000000000e+05  0.200000000000e+03  0.359660944146e+03
  0.420000000000e+05  0.180000000000e+05  0.200000000000e+03  0.361764404139e+03
  0.480000000000e+05  0.180000000000e+05  0.200000000000e+03  0.368140935326e+03
  0.540000000000e+05  0.180000000000e+05  0.200000000000e+03  0.370803988838e+03
  0.600000000000e+05  0.180000000000e+05  0.200000000000e+03  0.365795342603e+03
  0.660000000000e+05  0.180000000000e+05  0.200000000000e+03  0.355571008248e+03
  0.720000000000e+05  0.180000000000e+05  0.200000000000e+03  0.346849423813e+03
  0.780000000000e+05  0.180000000000e+05  0.200000000000e+03  0.334767698781e+03
  0.840000000000e+05  0.180000000000e+05  0.200000000000e+03  0.311299925068e+03
  0.900000000000e+05  0.180000000000e+05  0.200000000000e+03  0.308243550425e+03
  0.000000000000e+00  0.240000000000e+05  0.200000000000e+03  0.335747472417e+03
  0.600000000000e+04  0.240000000000e+05  0.200000000000e+03  0.336319844504e+03
  0.120000000000e+05  0.240000000000e+05  0.200000000000e+03  0.338111069517e+03
  0.180000000000e+05  0.240000000000e+05  0.200000000000e+03  0.341398766118e+03
  0.240000000000e+05  0.240000000000e+05  0.200000000000e+03  0.346912376185e+03
  0.300000000000e+05  0.240000000000e+05  0.200000000000e+03  0.356727589360e+03
  0.360000000000e+05  0.240000000000e+05  0.200000000000e+03  0.365565057375e+03
  0.420000000000e+05  0.240000000000e+05  0.200000000000e+03  0.370657682553e+03
  0.480000000000e+05  0.240000000000e+05  0.200000000000e+03  0.373996935772e+03
  0.540000000000e+05  0.240000000000e+05  0.200000000000e+03  0.372224819774e+03
  0.600000000000e+05  0.240000000000e+05  0.200000000000e+03  0.360563939852e+03
  0.660000000000e+05  0.240000000000e+05  0.200000000000e+03  0.338156324929e+03
  0.720000000000e+05  0.240000000000e+05  0.200000000000e+03  0.332585648335e+03
  0.780000000000e+05  0.240000000000e+05  0.200000000000e+03  0.324052437841e+03
  0.840000000000e+05  0.240000000000e+05  0.200000000000e+03  0.315029825695e+03
  0.900000000000e+05  0.240000000000e+05  0.200000000000e+03  0.310680715004e+03
  0.000000000000e+00  0.300000000000e+05  0.200000000000e+03  0.334285034798e+03
  0.600000000000e+04  0.300000000000e+05  0.200000000000e+03  0.334783464326e+03
  0.120000000000e+05  0.300000000000e+05  0.200000000000e+03  0.336335944924e+03
  0.180000000000e+05  0.300000000000e+05  0.200000000000e+03  0.339176615711e+03
  0.240000000000e+05  0.300000000000e+05  0.200000000000e+03  0.344022852957e+03
  0.300000000000e+05  0.300000000000e+05  0.200000000000e+03  0.353241284688e+03
  0.360000000000e+05  0.300000000000e+05  0.200000000000e+03  0.363616332219e+03
  0.420000000000e+05  0.300000000000e+05  0.200000000000e+03  0.369884909341e+03
  0.480000000000e+05  0.300000000000e+05  0.200000000000e+03  0.372300151511e+03
  0.540000000000e+05  0.300000000000e+05  0.200000000000e+03  0.367923543203e+03
  0.600000000000e+05  0.300000000000e+05  0.200000000000e+03  0.348884866338e+03
  0.660000000000e+05  0.300000000000e+05  0.200000000000e+03  0.341321744938e+03
  0.720000000000e+05  0.300000000000e+05  0.200000000000e+03  0.336784274027e+03
  0.780000000000e+05  0.300000000000e+05  0.200000000000e+03  0.339513987556e+03
  0.840000000000e+05  0.300000000000e+05  0.200000000000e+03  0.337476300551e+03
  0.900000000000e+05  0.300000000000e+05  0.200000000000e+03  0.336114824658e+03
  0.000000000000e+00  0.360000000000e+05  0.200000000000e+03  0.331812704632e+03
  0.600000000000e+04  0.360000000000e+05  0.200000000000e+03  0.332175434972e+03
  0.120000000000e+05  0.360000000000e+05  0.200000000000e+03  0.333238268159e+03
  0.180000000000e+05  0.360000000000e+05  0.200000000000e+03  0.334870255441e+03
  0.240000000000e+05  0.360000000000e+05  0.200000000000e+03  0.336521325339e+03
  0.300000000000e+05  0.360000000000e+05  0.200000000000e+03  0.335825281538e+03
  0.360000000000e+05  0.360000000000e+05  0.200000000000e+03  0.353973985349e+03
  0.420000000000e+05  0.360000000000e+05  0.200000000000e+03  0.361526308518e+03
  0.480000000000e+05  0.360000000000e+05  0.200000000000e+03  0.364051139863e+03
  0.540000000000e+05  0.360000000000e+05  0.200000000000e+03  0.361748575909e+03
  0.600000000000e+05  0.360000000000e+05  0.200000000000e+03  0.353641912274e+03
  0.660000000000e+05  0.360000000000e+05  0.200000000000e+03  0.347654178429e+03
  0.720000000000e+05  0.360000000000e+05  0.200000000000e+03  0.343800863326e+03
  0.780000000000e+05  0.360000000000e+05  0.200000000000e+03  0.342520381179e+03
  0.840000000000e+05  0.360000000000e+05  0.200000000000e+03  0.340958753658e+03
  0.900000000000e+05  0.360000000000e+05  0.200000000000e+03  0.340163750161e+03
  0.000000000000e+00  0.420000000000e+05  0.200000000000e+03  0.328589694635e+03
  0.600000000000e+04  0.420000000000e+05  0.200000000000e+03  0.328838434585e+03
  0.120000000000e+05  0.420000000000e+05  0.200000000000e+03  0.329530407687e+03
  0.180000000000e+05  0.420000000000e+05  0.200000000000e+03  0.330471215711e+03
  0.240000000000e+05  0.420000000000e+05  0.200000000000e+03  0.331234204094e+03
  0.300000000000e+05  0.420000000000e+05  0.200000000000e+03  0.331151047727e+03
  0.360000000000e+05  0.420000000000e+05  0.200000000000e+03  0.341937650019e+03
  0.420000000000e+05  0.420000000000e+05  0.200000000000e+03  0.345804266823e+03
  0.480000000000e+05  0.420000000000e+05  0.200000000000e+03  0.346356591271e+03
  0.540000000000e+05  0.420000000000e+05  0.200000000000e+03  0.344225747902e+03
  0.600000000000e+05  0.420000000000e+05  0.200000000000e+03  0.339481782640e+03
  0.660000000000e+05  0.420000000000e+05  0.200000000000e+03  0.334808389520e+03
  0.720000000000e+05  0.420000000000e+05  0.200000000000e+03  0.330955930777e+03
  0.780000000000e+05  0.420000000000e+05  0.200000000000e+03  0.328137545300e+03
  0.840000000000e+05  0.420000000000e+05  0.200000000000e+03  0.325823015148e+03
  0.900000000000e+05  0.420000000000e+05  0.200000000000e+03  0.324680163405e+03
  0.000000000000e+00  0.480000000000e+05  0.200000000000e+03  0.324831722601e+03
  0.600000000000e+04  0.480000000000e+05  0.200000000000e+03  0.325018253521e+03
  0.120000000000e+05  0.480000000000e+05  0.200000000000e+03  0.325526269107e+03
  0.180000000000e+05  0.480000000000e+05  0.200000000000e+03  0.326185977716e+03
  0.240000000000e+05  0.480000000000e+05  0.200000000000e+03  0.326688815555e+03
  0.300000000000e+05  0.480000000000e+05  0.200000000000e+03  0.326674607294e+03
  0.360000000000e+05  0.480000000000e+05  0.200000000000e+03  0.323578845325e+03
  0.420000000000e+05  0.480000000000e+05  0.200000000000e+03  0.319953875797e+03
  0.480000000000e+05  0.480000000000e+05  0.200000000000e+03  0.315475224600e+03
  0.540000000000e+05  0.480000000000e+05  0.200000000000e+03  0.310324768853e+03
  0.600000000000e+05  0.480000000000e+05  0.200000000000e+03  0.305701157279e+03
  0.660000000000e+05  0.480000000000e+05  0.200000000000e+03  0.301111827804e+03
  0.720000000000e+05  0.480000000000e+05  0.200000000000e+03  0.296584805692e+03
  0.780000000000e+05  0.480000000000e+05  0.200000000000e+03  0.292136183598e+03
  0.840000000000e+05  0.480000000000e+05  0.200000000000e+03  0.287771646861e+03
  0.900000000000e+05  0.480000000000e+05  0.200000000000e+03  0.284691636619e+03
  0.000000000000e+00  0.000000000000e+00  0.300000000000e+03  0.330554181674e+03
  0.600000000000e+04  0.000000000000e+00  0.300000000000e+03  0.330905860891e+03
  0.120000000000e+05  0.000000000000e+00  0.300000000000e+03  0.331969294131e+03
  0.180000000000e+05  0.000000000000e+00  0.300000000000e+03  0.333748289621e+03
  0.240000000000e+05  0.000000000000e+00  0.300000000000e+03  0.336115120027e+03
  0.300000000000e+05  0.000000000000e+00  0.300000000000e+03  0.338191413525e+03
  0.360000000000e+05  0.000000000000e+00  0.300000000000e+03  0.334689229181e+03
  0.420000000000e+05  0.000000000000e+00  0.300000000000e+03  0.321458291369e+03
  0.480000000000e+05  0.000000000000e+00  0.300000000000e+03  0.316311500147e+03
  0.540000000000e+05  0.000000000000e+00  0.300000000000e+03  0.310409800180e+03
  0.600000000000e+05  0.000000000000e+00  0.300000000000e+03  0.304508200199e+03
  0.660000000000e+05  0.000000000000e+00  0.300000000000e+03  0.298606600201e+03
  0.720000000000e+05  0.000000000000e+00  0.300000000000e+03  0.292704900195e+03
  0.780000000000e+05  0.000000000000e+00  0.300000000000e+03  0.286803300186e+03
  0.840000000000e+05  0.000000000000e+00  0.300000000000e+03  0.280901600182e+03
  0.900000000000e+05  0.000000000000e+00  0.300000000000e+03  0.276475400200e+03
  0.000000000000e+00  0.600000000000e+04  0.300000000000e+03  0.333355988285e+03
  0.600000000000e+04  0.600000000000e+04  0.300000000000e+03  0.333807364302e+03
  0.120000000000e+05  0.600000000000e+04  0.300000000000e+03  0.335182869713e+03
  0.180000000000e+05  0.600000000000e+04  0.300000000000e+03  0.337551955396e+03
  0.240000000000e+05  0.600000000000e+04  0.300000000000e+03  0.341094535139e+03
  0.300000000000e+05  0.600000000000e+04  0.300000000000e+03  0.347022046092e+03
  0.360000000000e+05  0.600000000000e+04  0.300000000000e+03  0.343780287622e+03
  0.420000000000e+05  0.600000000000e+04  0.300000000000e+03  0.326147500170e+03
  0.480000000000e+05  0.600000000000e+04  0.300000000000e+03  0.340084117749e+03
  0.540000000000e+05  0.600000000000e+04  0.300000000000e+03  0.344330232735e+03
  0.600000000000e+05  0.600000000000e+04  0.300000000000e+03  0.342781132039e+03
  0.660000000000e+05  0.600000000000e+04  0.300000000000e+03  0.338261401493e+03
  0.720000000000e+05  0.600000000000e+04  0.300000000000e+03  0.332384915133e+03
  0.780000000000e+05  0.600000000000e+04  0.300000000000e+03  0.325772453145e+03
  0.840000000000e+05  0.600000000000e+04  0.300000000000e+03  0.319525533813e+03
  0.900000000000e+05  0.600000000000e+04  0.300000000000e+03  0.316935731598e+03
  0.000000000000e+00  0.120000000000e+05  0.300000000000e+03  0.335237576510e+03
  0.600000000000e+04  0.120000000000e+05  0.300000000000e+03  0.335763542365e+03
  0.120000000000e+05  0.120000000000e+05  0.300000000000e+03  0.337370225509e+03
  0.180000000000e+05  0.120000000000e+05  0.300000000000e+03  0.340146743548e+03
  0.240000000000e+05  0.120000000000e+05  0.300000000000e+03  0.344304167531e+03
  0.300000000000e+05  0.120000000000e+05  0.300000000000e+03  0.351191461296e+03
  0.360000000000e+05  0.120000000000e+05  0.300000000000e+03  0.351017233415e+03
  0.420000000000e+05  0.120000000000e+05  0.300000000000e+03  0.332049200277e+03
  0.480000000000e+05  0.120000000000e+05  0.300000000000e+03  0.354758579028e+03
  0.540000000000e+05  0.120000000000e+05  0.300000000000e+03  0.362149244641e+03
  0.600000000000e+05  0.120000000000e+05  0.300000000000e+03  0.360929391619e+03
  0.660000000000e+05  0.120000000000e+05  0.300000000000e+03  0.355182863618e+03
  0.720000000000e+05  0.120000000000e+05  0.300000000000e+03  0.347911190986e+03
  0.780000000000e+05  0.120000000000e+05  0.300000000000e+03  0.339046569681e+03
  0.840000000000e+05  0.120000000000e+05  0.300000000000e+03  0.328756994168e+03
  0.900000000000e+05  0.120000000000e+05  0.300000000000e+03  0.325606929769e+03
  0.000000000000e+00  0.180000000000e+05  0.300000000000e+03  0.336061081961e+03
  0.600000000000e+04  0.180000000000e+05  0.300000000000e+03  0.336628975690e+03
  0.120000000000e+05  0.180000000000e+05  0.300000000000e+03  0.338365729680e+03
  0.180000000000e+05  0.180000000000e+05  0.300000000000e+03  0.341332499092e+03
  0.240000000000e+05  0.180000000000e+05  0.300000000000e+03  0.345354724785e+03
  0.300000000000e+05  0.180000000000e+05  0.300000000000e+03  0.348000000000e+03
  0.360000000000e+05  0.180000000000e+05  0.300000000000e+03  0.360454842402e+03
  0.420000000000e+05  0.180000000000e+05  0.300000000000e+03  0.362583590290e+03
  0.480000000000e+05  0.180000000000e+05  0.300000000000e+03  0.368934420343e+03
  0.540000000000e+05  0.180000000000e+05  0.300000000000e+03  0.371458755425e+03
  0.600000000000e+05  0.180000000000e+05  0.300000000000e+03  0.366463441564e+03
  0.660000000000e+05  0.180000000000e+05  0.300000000000e+03  0.356270736949e+03
  0.720000000000e+05  0.180000000000e+05  0.300000000000e+03  0.347563971278e+03
  0.780000000000e+05  0.180000000000e+05  0.300000000000e+03  0.335523373852e+03
  0.840000000000e+05  0.180000000000e+05  0.300000000000e+03  0.309626512188e+03
  0.900000000000e+05  0.180000000000e+05  0.300000000000e+03  0.307198500117e+03
  0.000000000000e+00  0.240000000000e+05  0.300000000000e+03  0.335747798657e+03
  0.600000000000e+04  0.240000000000e+05  0.300000000000e+03  0.336320495127e+03
  0.120000000000e+05  0.240000000000e+05  0.300000000000e+03  0.338112902732e+03
  0.180000000000e+05  0.240000000000e+05  0.300000000000e+03  0.341403953258e+03
  0.240000000000e+05  0.240000000000e+05  0.300000000000e+03  0.346938096695e+03
  0.300000000000e+05  0.240000000000e+05  0.300000000000e+03  0.357513354034e+03
  0.360000000000e+05  0.240000000000e+05  0.300000000000e+03  0.366367682520e+03
  0.420000000000e+05  0.240000000000e+05  0.300000000000e+03  0.371446747612e+03
  0.480000000000e+05  0.240000000000e+05  0.300000000000e+03  0.374725298958e+03
  0.540000000000e+05  0.240000000000e+05  0.300000000000e+03  0.372877566528e+03
  0.600000000000e+05  0.240000000000e+05  0.300000000000e+03  0.361262434209e+03
  0.660000000000e+05  0.240000000000e+05  0.300000000000e+03  0.336626512439e+03
  0.720000000000e+05  0.240000000000e+05  0.300000000000e+03  0.331941600096e+03
  0.780000000000e+05  0.240000000000e+05  0.300000000000e+03  0.323000000124e+03
  0.840000000000e+05  0.240000000000e+05  0.300000000000e+03  0.314058400115e+03
  0.900000000000e+05  0.240000000000e+05  0.300000000000e+03  0.309373505108e+03
  0.000000000000e+00  0.300000000000e+05  0.300000000000e+03  0.334285964375e+03
  0.600000000000e+04  0.300000000000e+05  0.300000000000e+03  0.334784716137e+03
  0.120000000000e+05  0.300000000000e+05  0.300000000000e+03  0.336338403777e+03
  0.180000000000e+05  0.300000000000e+05  0.300000000000e+03  0.339182803662e+03
  0.240000000000e+05  0.300000000000e+05  0.300000000000e+03  0.344054735769e+03
  0.300000000000e+05  0.300000000000e+05  0.300000000000e+03  0.354040287575e+03
  0.360000000000e+05  0.300000000000e+05  0.300000000000e+03  0.364431836107e+03
  0.420000000000e+05  0.300000000000e+05  0.300000000000e+03  0.370676273081e+03
  0.480000000000e+05  0.300000000000e+05  0.300000000000e+03  0.373020231761e+03
  0.540000000000e+05  0.300000000000e+05  0.300000000000e+03  0.368606353450e+03
  0.600000000000e+05  0.300000000000e+05  0.300000000000e+03  0.347749900277e+03
  0.660000000000e+05  0.300000000000e+05  0.300000000000e+03  0.341058400068e+03
  0.720000000000e+05  0.300000000000e+05  0.300000000000e+03  0.336373506102e+03
  0.780000000000e+05  0.300000000000e+05  0.300000000000e+03  0.340219292597e+03
  0.840000000000e+05  0.300000000000e+05  0.300000000000e+03  0.338230230467e+03
  0.900000000000e+05  0.300000000000e+05  0.300000000000e+03  0.336882917497e+03
  0.000000000000e+00  0.360000000000e+05  0.300000000000e+03  0.331814469867e+03
  0.600000000000e+04  0.360000000000e+05  0.300000000000e+03  0.332177453566e+03
  0.120000000000e+05  0.360000000000e+05  0.300000000000e+03  0.333241086357e+03
  0.180000000000e+05  0.360000000000e+05  0.300000000000e+03  0.334873699881e+03
  0.240000000000e+05  0.360000000000e+05  0.300000000000e+03  0.336487707717e+03
  0.300000000000e+05  0.360000000000e+05  0.300000000000e+03  0.333854200375e+03
  0.360000000000e+05  0.360000000000e+05  0.300000000000e+03  0.354804850350e+03
  0.420000000000e+05  0.360000000000e+05  0.300000000000e+03  0.362376834208e+03
  0.480000000000e+05  0.360000000000e+05  0.300000000000e+03  0.364845983451e+03
  0.540000000000e+05  0.360000000000e+05  0.300000000000e+03  0.362465132507e+03
  0.600000000000e+05  0.360000000000e+05  0.300000000000e+03  0.354334402359e+03
  0.660000000000e+05  0.360000000000e+05  0.300000000000e+03  0.348360189895e+03
  0.720000000000e+05  0.360000000000e+05  0.300000000000e+03  0.344516680670e+03
  0.780000000000e+05  0.360000000000e+05  0.300000000000e+03  0.343256709063e+03
  0.840000000000e+05  0.360000000000e+05  0.300000000000e+03  0.341702996356e+03
  0.900000000000e+05  0.360000000000e+05  0.300000000000e+03  0.340911848557e+03
  0.000000000000e+00  0.420000000000e+05  0.300000000000e+03  0.328592294191e+03
  0.600000000000e+04  0.420000000000e+05  0.300000000000e+03  0.328841205398e+03
  0.120000000000e+05  0.420000000000e+05  0.300000000000e+03  0.329533676250e+03
  0.180000000000e+05  0.420000000000e+05  0.300000000000e+03  0.330474865415e+03
  0.240000000000e+05  0.420000000000e+05  0.300000000000e+03  0.331222414622e+03
  0.300000000000e+05  0.420000000000e+05  0.300000000000e+03  0.330416700099e+03
  0.360000000000e+05  0.420000000000e+05  0.300000000000e+03  0.342739034303e+03
  0.420000000000e+05  0.420000000000e+05  0.300000000000e+03  0.346628572740e+03
  0.480000000000e+05  0.420000000000e+05  0.300000000000e+03  0.347155550794e+03
  0.540000000000e+05  0.420000000000e+05  0.300000000000e+03  0.345002201153e+03
  0.600000000000e+05  0.420000000000e+05  0.300000000000e+03  0.340279829402e+03
  0.660000000000e+05  0.420000000000e+05  0.300000000000e+03  0.335626356723e+03
  0.720000000000e+05  0.420000000000e+05  0.300000000000e+03  0.331792810712e+03
  0.780000000000e+05  0.420000000000e+05  0.300000000000e+03  0.328999640989e+03
  0.840000000000e+05  0.420000000000e+05  0.300000000000e+03  0.326710133734e+03
  0.900000000000e+05  0.420000000000e+05  0.300000000000e+03  0.325585285894e+03
  0.000000000000e+00  0.480000000000e+05  0.300000000000e+03  0.324834710254e+03
  0.600000000000e+04  0.480000000000e+05  0.300000000000e+03  0.325021364366e+03
  0.120000000000e+05  0.480000000000e+05  0.300000000000e+03  0.325529719234e+03
  0.180000000000e+05  0.480000000000e+05  0.300000000000e+03  0.326189646667e+03
  0.240000000000e+05  0.480000000000e+05  0.300000000000e+03  0.326682883801e+03
  0.300000000000e+05  0.480000000000e+05  0.300000000000e+03  0.326220019118e+03
  0.360000000000e+05  0.480000000000e+05  0.300000000000e+03  0.321250000149e+03
  0.420000000000e+05  0.480000000000e+05  0.300000000000e+03  0.316666700209e+03
  0.480000000000e+05  0.480000000000e+05  0.300000000000e+03  0.312083300223e+03
  0.540000000000e+05  0.480000000000e+05  0.300000000000e+03  0.307500000199e+03
  0.600000000000e+05  0.480000000000e+05  0.300000000000e+03  0.302916700192e+03
  0.660000000000e+05  0.480000000000e+05  0.300000000000e+03  0.298333300188e+03
  0.720000000000e+05  0.480000000000e+05  0.300000000000e+03  0.293750000188e+03
  0.780000000000e+05  0.480000000000e+05  0.300000000000e+03  0.289166700193e+03
  0.840000000000e+05  0.480000000000e+05  0.300000000000e+03  0.284583300203e+03
  0.900000000000e+05  0.480000000000e+05  0.300000000000e+03  0.281145800222e+03
  0.000000000000e+00  0.000000000000e+00  0.400000000000e+03  0.330554181674e+03
  0.600000000000e+04  0.000000000000e+00  0.400000000000e+03  0.330905860891e+03
  0.120000000000e+05  0.000000000000e+00  0.400000000000e+03  0.331969294131e+03
  0.180000000000e+05  0.000000000000e+00  0.400000000000e+03  0.333748289621e+03
  0.240000000000e+05  0.000000000000e+00  0.400000000000e+03  0.336115120027e+03
  0.300000000000e+05  0.000000000000e+00  0.400000000000e+03  0.338191413525e+03
  0.360000000000e+05  0.000000000000e+00  0.400000000000e+03  0.334689229181e+03
  0.420000000000e+05  0.000000000000e+00  0.400000000000e+03  0.321458291369e+03
  0.480000000000e+05  0.000000000000e+00  0.400000000000e+03  0.316311500147e+03
  0.540000000000e+05  0.000000000000e+00  0.400000000000e+03  0.310409800180e+03
  0.600000000000e+05  0.000000000000e+00  0.400000000000e+03  0.304508200199e+03
  0.660000000000e+05  0.000000000000e+00  0.400000000000e+03  0.298606600201e+03
  0.720000000000e+05  0.000000000000e+00  0.400000000000e+03  0.292704900195e+03
  0.780000000000e+05  0.000000000000e+00  0.400000000000e+03  0.286803300186e+03
  0.840000000000e+05  0.000000000000e+00  0.400000000000e+03  0.280901600182e+03
  0.900000000000e+05  0.000000000000e+00  0.400000000000e+03  0.276475400200e+03
  0.000000000000e+00  0.600000000000e+04  0.400000000000e+03  0.333355988285e+03
  0.600000000000e+04  0.600000000000e+04  0.400000000000e+03  0.333807364302e+03
  0.120000000000e+05  0.600000000000e+04  0.400000000000e+03  0.335182869713e+03
  0.180000000000e+05  0.600000000000e+04  0.400000000000e+03  0.337551955396e+03
  0.240000000000e+05  0.600000000000e+04  0.400000000000e+03  0.341094535139e+03
  0.300000000000e+05  0.600000000000e+04  0.400000000000e+03  0.347022046092e+03
  0.360000000000e+05  0.600000000000e+04  0.400000000000e+03  0.343780287622e+03
  0.420000000000e+05  0.600000000000e+04  0.400000000000e+03  0.326147500170e+03
  0.480000000000e+05  0.600000000000e+04  0.400000000000e+03  0.340084117749e+03
  0.540000000000e+05  0.600000000000e+04  0.400000000000e+03  0.344330232735e+03
  0.600000000000e+05  0.600000000000e+04  0.400000000000e+03  0.342781132039e+03
  0.660000000000e+05  0.600000000000e+04  0.400000000000e+03  0.338261401493e+03
  0.720000000000e+05  0.600000000000e+04  0.400000000000e+03  0.332384915133e+03
  0.780000000000e+05  0.600000000000e+04  0.400000000000e+03  0.325772453145e+03
  0.840000000000e+05  0.600000000000e+04  0.400000000000e+03  0.319525533813e+03
  0.900000000000e+05  0.600000000000e+04  0.400000000000e+03  0.316935731598e+03
  0.000000000000e+00  0.120000000000e+05  0.400000000000e+03  0.335237576510e+03
  0.600000000000e+04  0.120000000000e+05  0.400000000000e+03  0.335763542365e+03
  0.120000000000e+05  0.120000000000e+05  0.400000000000e+03  0.337370225509e+03
  0.180000000000e+05  0.120000000000e+05  0.400000000000e+03  0.340146743548e+03
  0.240000000000e+05  0.120000000000e+05  0.400000000000e+03  0.344304167531e+03
  0.300000000000e+05  0.120000000000e+05  0.400000000000e+03  0.352353239010e+03
  0.360000000000e+05  0.120000000000e+05  0.400000000000e+03  0.352197323491e+03
  0.420000000000e+05  0.120000000000e+05  0.400000000000e+03  0.332049200277e+03
  0.480000000000e+05  0.120000000000e+05  0.400000000000e+03  0.355991104004e+03
  0.540000000000e+05  0.120000000000e+05  0.400000000000e+03  0.363332955186e+03
  0.600000000000e+05  0.120000000000e+05  0.400000000000e+03  0.362103435608e+03
  0.660000000000e+05  0.120000000000e+05  0.400000000000e+03  0.356361585692e+03
  0.720000000000e+05  0.120000000000e+05  0.400000000000e+03  0.347911190986e+03
  0.780000000000e+05  0.120000000000e+05  0.400000000000e+03  0.339046569681e+03
  0.840000000000e+05  0.120000000000e+05  0.400000000000e+03  0.328756994168e+03
  0.900000000000e+05  0.120000000000e+05  0.400000000000e+03  0.325606929769e+03
  0.000000000000e+00  0.180000000000e+05  0.400000000000e+03  0.336061081961e+03
  0.600000000000e+04  0.180000000000e+05  0.400000000000e+03  0.336628975690e+03
  0.120000000000e+05  0.180000000000e+05  0.400000000000e+03  0.338365729680e+03
  0.180000000000e+05  0.180000000000e+05  0.400000000000e+03  0.341332499092e+03
  0.240000000000e+05  0.180000000000e+05  0.400000000000e+03  0.345354724785e+03
  0.300000000000e+05  0.180000000000e+05  0.400000000000e+03  0.348000000000e+03
  0.360000000000e+05  0.180000000000e+05  0.400000000000e+03  0.361630027184e+03
  0.420000000000e+05  0.180000000000e+05  0.400000000000e+03  0.363811347744e+03
  0.480000000000e+05  0.180000000000e+05  0.400000000000e+03  0.370067112518e+03
  0.540000000000e+05  0.180000000000e+05  0.400000000000e+03  0.372541587252e+03
  0.600000000000e+05  0.180000000000e+05  0.400000000000e+03  0.367574108527e+03
  0.660000000000e+05  0.180000000000e+05  0.400000000000e+03  0.357465647602e+03
  0.720000000000e+05  0.180000000000e+05  0.400000000000e+03  0.347563971278e+03
  0.780000000000e+05  0.180000000000e+05  0.400000000000e+03  0.335523373852e+03
  0.840000000000e+05  0.180000000000e+05  0.400000000000e+03  0.309626512188e+03
  0.900000000000e+05  0.180000000000e+05  0.400000000000e+03  0.307198500117e+03
  0.000000000000e+00  0.240000000000e+05  0.400000000000e+03  0.335747798657e+03
  0.600000000000e+04  0.240000000000e+05  0.400000000000e+03  0.336320495127e+03
  0.120000000000e+05  0.240000000000e+05  0.400000000000e+03  0.338112902732e+03
  0.180000000000e+05  0.240000000000e+05  0.400000000000e+03  0.341403953258e+03
  0.240000000000e+05  0.240000000000e+05  0.400000000000e+03  0.346938096695e+03
  0.300000000000e+05  0.240000000000e+05  0.400000000000e+03  0.358700516312e+03
  0.360000000000e+05  0.240000000000e+05  0.400000000000e+03  0.367493195163e+03
  0.420000000000e+05  0.240000000000e+05  0.400000000000e+03  0.372553427827e+03
  0.480000000000e+05  0.240000000000e+05  0.400000000000e+03  0.375804279632e+03
  0.540000000000e+05  0.240000000000e+05  0.400000000000e+03  0.373959686173e+03
  0.600000000000e+05  0.240000000000e+05  0.400000000000e+03  0.362503510576e+03
  0.660000000000e+05  0.240000000000e+05  0.400000000000e+03  0.336626512439e+03
  0.720000000000e+05  0.240000000000e+05  0.400000000000e+03  0.331941600096e+03
  0.780000000000e+05  0.240000000000e+05  0.400000000000e+03  0.323000000124e+03
  0.840000000000e+05  0.240000000000e+05  0.400000000000e+03  0.314058400115e+03
  0.900000000000e+05  0.240000000000e+05  0.400000000000e+03  0.309373505108e+03
  0.000000000000e+00  0.300000000000e+05  0.400000000000e+03  0.334285964375e+03
  0.600000000000e+04  0.300000000000e+05  0.400000000000e+03  0.334784716137e+03
  0.120000000000e+05  0.300000000000e+05  0.400000000000e+03  0.336338403777e+03
  0.180000000000e+05  0.300000000000e+05  0.400000000000e+03  0.339182803662e+03
  0.240000000000e+05  0.300000000000e+05  0.400000000000e+03  0.344054735769e+03
  0.300000000000e+05  0.300000000000e+05  0.400000000000e+03  0.355238751230e+03
  0.360000000000e+05  0.300000000000e+05  0.400000000000e+03  0.365576180298e+03
  0.420000000000e+05  0.300000000000e+05  0.400000000000e+03  0.371785121339e+03
  0.480000000000e+05  0.300000000000e+05  0.400000000000e+03  0.374107729181e+03
  0.540000000000e+05  0.300000000000e+05  0.400000000000e+03  0.369791328621e+03
  0.600000000000e+05  0.300000000000e+05  0.400000000000e+03  0.347749900277e+03
  0.660000000000e+05  0.300000000000e+05  0.400000000000e+03  0.341058400068e+03
  0.720000000000e+05  0.300000000000e+05  0.400000000000e+03  0.336373506102e+03
  0.780000000000e+05  0.300000000000e+05  0.400000000000e+03  0.340219292597e+03
  0.840000000000e+05  0.300000000000e+05  0.400000000000e+03  0.338230230467e+03
  0.900000000000e+05  0.300000000000e+05  0.400000000000e+03  0.336882917497e+03
  0.000000000000e+00  0.360000000000e+05  0.400000000000e+03  0.331814469867e+03
  0.600000000000e+04  0.360000000000e+05  0.400000000000e+03  0.332177453566e+03
  0.120000000000e+05  0.360000000000e+05  0.400000000000e+03  0.333241086357e+03
  0.180000000000e+05  0.360000000000e+05  0.400000000000e+03  0.334873699881e+03
  0.240000000000e+05  0.360000000000e+05  0.400000000000e+03  0.336487707717e+03
  0.300000000000e+05  0.360000000000e+05  0.400000000000e+03  0.333854200375e+03
  0.360000000000e+05  0.360000000000e+05  0.400000000000e+03  0.356015941019e+03
  0.420000000000e+05  0.360000000000e+05  0.400000000000e+03  0.363568642860e+03
  0.480000000000e+05  0.360000000000e+05  0.400000000000e+03  0.366032898895e+03
  0.540000000000e+05  0.360000000000e+05  0.400000000000e+03  0.363643778231e+03
  0.600000000000e+05  0.360000000000e+05  0.400000000000e+03  0.355517904424e+03
  0.660000000000e+05  0.360000000000e+05  0.400000000000e+03  0.348360189895e+03
  0.720000000000e+05  0.360000000000e+05  0.400000000000e+03  0.344516680670e+03
  0.780000000000e+05  0.360000000000e+05  0.400000000000e+03  0.343256709063e+03
  0.840000000000e+05  0.360000000000e+05  0.400000000000e+03  0.341702996356e+03
  0.900000000000e+05  0.360000000000e+05  0.400000000000e+03  0.340911848557e+03
  0.000000000000e+00  0.420000000000e+05  0.400000000000e+03  0.328592294191e+03
  0.600000000000e+04  0.420000000000e+05  0.400000000000e+03  0.328841205398e+03
  0.120000000000e+05  0.420000000000e+05  0.400000000000e+03  0.329533676250e+03
  0.180000000000e+05  0.420000000000e+05  0.400000000000e+03  0.330474865415e+03
  0.240000000000e+05  0.420000000000e+05  0.400000000000e+03  0.331222414622e+03
  0.300000000000e+05  0.420000000000e+05  0.400000000000e+03  0.330416700099e+03
  0.360000000000e+05  0.420000000000e+05  0.400000000000e+03  0.342739034303e+03
  0.420000000000e+05  0.420000000000e+05  0.400000000000e+03  0.346628572740e+03
  0.480000000000e+05  0.420000000000e+05  0.400000000000e+03  0.347155550794e+03
  0.540000000000e+05  0.420000000000e+05  0.400000000000e+03  0.345002201153e+03
  0.600000000000e+05  0.420000000000e+05  0.400000000000e+03  0.340279829402e+03
  0.660000000000e+05  0.420000000000e+05  0.400000000000e+03  0.335626356723e+03
  0.720000000000e+05  0.420000000000e+05  0.400000000000e+03  0.331792810712e+03
  0.780000000000e+05  0.420000000000e+05  0.400000000000e+03  0.328999640989e+03
  0.840000000000e+05  0.420000000000e+05  0.400000000000e+03  0.326710133734e+03
  0.900000000000e+05  0.420000000000e+05  0.400000000000e+03  0.325585285894e+03
  0.000000000000e+00  0.480000000000e+05  0.400000000000e+03  0.324834710254e+03
  0.600000000000e+04  0.480000000000e+05  0.400000000000e+03  0.325021364366e+03
  0.120000000000e+05  0.480000000000e+05  0.400000000000e+03  0.325529719234e+03
  0.180000000000e+05  0.480000000000e+05  0.400000000000e+03  0.326189646667e+03
  0.240000000000e+05  0.480000000000e+05  0.400000000000e+03  0.326682883801e+03
  0.300000000000e+05  0.480000000000e+05  0.400000000000e+03  0.326220019118e+03
  0.360000000000e+05  0.480000000000e+05  0.400000000000e+03  0.321250000149e+03
  0.420000000000e+05  0.480000000000e+05  0.400000000000e+03  0.316666700209e+03
  0.480000000000e+05  0.480000000000e+05  0.400000000000e+03  0.312083300223e+03
  0.540000000000e+05  0.480000000000e+05  0.400000000000e+03  0.307500000199e+03
  0.600000000000e+05  0.480000000000e+05  0.400000000000e+03  0.302916700192e+03
  0.660000000000e+05  0.480000000000e+05  0.400000000000e+03  0.298333300188e+03
  0.720000000000e+05  0.480000000000e+05  0.400000000000e+03  0.293750000188e+03
  0.780000000000e+05  0.480000000000e+05  0.400000000000e+03  0.289166700193e+03
  0.840000000000e+05  0.480000000000e+05  0.400000000000e+03  0.284583300203e+03
  0.900000000000e+05  0.480000000000e+05  0.400000000000e+03  0.281145800222e+03
