

                          .                                                                               
                          .                                                                               


                              X-Direction Node Coordinates    (m)

           1           2           3           4           5           6           7           8           9          10
           0.00        0.10        0.20        0.30        0.40        0.50        0.60        0.70        0.80        0.90



          11
           1.00




                              Y-Direction Node Coordinates   (m)

           1           2           3           4           5           6           7           8           9          10
           0.00        0.10        0.20        0.30        0.40        0.50        0.60        0.70        0.80        0.90



          11
           1.00




                              Z-Direction Node Coordinates   (m)

           1           2           3           4           5           6           7           8           9          10
           0.00        0.10        0.20        0.30        0.40        0.50        0.60        0.70        0.80        0.90



          11
           1.00



                              *** Output at End of Steady State Iteration No.     1 ***

     Time .......................................................    0.00      (s)
     Maximum change in potentiometric head ...  1.0000E+01    (m ) at location (  1.00    , 0.900    ,  1.00    )(m)

                              Fluid Potentiometric Head (m)

                    Areal Layers

                                                            K =  1

           1           2           3           4           5           6           7           8           9          10
 11      10.000      10.000      10.000      10.000      10.000      10.000                                                
 10      10.000      10.000      10.000      10.000      10.000      10.000                                                
  9      10.000      10.000      10.000      10.000      10.000      10.000                                                
  8      10.000      10.000      10.000       9.999       9.999       9.999                                                
  7      10.000      10.000      10.000       9.999       9.999       9.999                                                
  6      10.000      10.000      10.000       9.999       9.999       9.999                                                
  5      10.000      10.000      10.000       9.999       9.999       9.999                                                
  4      10.000      10.000      10.000       9.999       9.999       9.999                                                
  3      10.000      10.000      10.000      10.000      10.000      10.000                                                
  2      10.000      10.000      10.000      10.000      10.000      10.000                                                
  1      10.000      10.000      10.000      10.000      10.000      10.000                                                



          11

                                                            K =  2

           1           2           3           4           5           6           7           8           9          10
 11      10.000      10.000      10.000      10.000      10.000      10.000                                                
 10      10.000      10.000      10.000      10.000      10.000      10.000                                                
  9      10.000      10.000      10.000      10.000      10.000      10.000                                                
  8      10.000      10.000      10.000       9.999       9.999       9.999                                                
  7      10.000      10.000      10.000       9.999       9.999       9.999                                                
  6      10.000      10.000      10.000       9.999       9.999       9.999                                                
  5      10.000      10.000      10.000       9.999       9.999       9.999                                                
  4      10.000      10.000      10.000       9.999       9.999       9.999                                                
  3      10.000      10.000      10.000      10.000      10.000      10.000                                                
  2      10.000      10.000      10.000      10.000      10.000      10.000                                                
  1      10.000      10.000      10.000      10.000      10.000      10.000                                                



          11

                                                            K =  3

           1           2           3           4           5           6           7           8           9          10
 11      10.000      10.000      10.000      10.000      10.000      10.000      10.000      10.000      10.000      10.000
 10      10.000      10.000      10.000      10.000      10.000      10.000      10.000      10.000      10.000      10.000
  9      10.000      10.000      10.000      10.000      10.000      10.000      10.000      10.000      10.000      10.000
  8      10.000      10.000      10.000       9.999       9.999       9.999       9.999      10.000      10.000      10.000
  7      10.000      10.000      10.000       9.999       9.999       9.999       9.999      10.000      10.000      10.000
  6      10.000      10.000      10.000       9.999       9.999       9.999       9.999      10.000      10.000      10.000
  5      10.000      10.000      10.000       9.999       9.999       9.999       9.999      10.000      10.000      10.000
  4      10.000      10.000      10.000       9.999       9.999       9.999       9.999      10.000      10.000      10.000
  3      10.000      10.000      10.000      10.000      10.000      10.000      10.000      10.000      10.000      10.000
  2      10.000      10.000      10.000      10.000      10.000      10.000      10.000      10.000      10.000      10.000
  1      10.000      10.000      10.000      10.000      10.000      10.000      10.000      10.000      10.000      10.000



          11
 11      10.000
 10      10.000
  9      10.000
  8      10.000
  7      10.000
  6      10.000
  5      10.000
  4      10.000
  3      10.000
  2      10.000
  1      10.000

                                                            K =  4

           1           2           3           4           5           6           7           8           9          10
 11      10.000      10.000      10.000      10.000      10.000      10.000      10.000      10.000      10.000      10.000
 10      10.000      10.000      10.000      10.000      10.000      10.000      10.000      10.000      10.000      10.000
  9      10.000      10.000      10.000      10.000      10.000      10.000      10.000      10.000      10.000      10.000
  8      10.000      10.000      10.000       9.999       9.999       9.999      10.000      10.000      10.000      10.000
  7      10.000      10.000      10.000       9.999       9.999       9.999       9.999      10.000      10.000      10.000
  6      10.000      10.000      10.000       9.999       9.999       9.999       9.999      10.000      10.000      10.000
  5      10.000      10.000      10.000       9.999       9.999       9.999       9.999      10.000      10.000      10.000
  4      10.000      10.000      10.000       9.999       9.999       9.999      10.000      10.000      10.000      10.000
  3      10.000      10.000      10.000      10.000      10.000      10.000      10.000      10.000      10.000      10.000
  2      10.000      10.000      10.000      10.000      10.000      10.000      10.000      10.000      10.000      10.000
  1      10.000      10.000      10.000      10.000      10.000      10.000      10.000      10.000      10.000      10.000



          11
 11      10.000
 10      10.000
  9      10.000
  8      10.000
  7      10.000
  6      10.000
  5      10.000
  4      10.000
  3      10.000
  2      10.000
  1      10.000

                                                            K =  5

           1           2           3           4           5           6           7           8           9          10
 11      10.000      10.000      10.000      10.000      10.000      10.000      10.000      10.000      10.000      10.000
 10      10.000      10.000      10.000      10.000      10.000      10.000      10.000      10.000      10.000      10.000
  9      10.000      10.000      10.000      10.000      10.000      10.000      10.000      10.000      10.000      10.000
  8      10.000      10.000      10.000      10.000      10.000      10.000      10.000      10.000      10.000      10.000
  7      10.000      10.000      10.000       9.999       9.999       9.999      10.000      10.000      10.000      10.000
  6      10.000      10.000      10.000       9.999       9.999       9.999      10.000      10.000      10.000      10.000
  5      10.000      10.000      10.000       9.999       9.999       9.999      10.000      10.000      10.000      10.000
  4      10.000      10.000      10.000      10.000      10.000      10.000      10.000      10.000      10.000      10.000
  3      10.000      10.000      10.000      10.000      10.000      10.000      10.000      10.000      10.000      10.000
  2      10.000      10.000      10.000      10.000      10.000      10.000      10.000      10.000      10.000      10.000
  1      10.000      10.000      10.000      10.000      10.000      10.000      10.000      10.000      10.000      10.000



          11
 11      10.000
 10      10.000
  9      10.000
  8      10.000
  7      10.000
  6      10.000
  5      10.000
  4      10.000
  3      10.000
  2      10.000
  1      10.000

                                                            K =  6

           1           2           3           4           5           6           7           8           9          10
 11      10.000      10.000      10.000      10.000      10.000      10.000      10.000      10.000      10.000      10.000
 10      10.000      10.000      10.000      10.000      10.000      10.000      10.000      10.000      10.000      10.000
  9      10.000      10.000      10.000      10.000      10.000      10.000      10.000      10.000      10.000      10.000
  8      10.000      10.000      10.000      10.000      10.000      10.000      10.000      10.000      10.000      10.000
  7      10.000      10.000      10.000      10.000      10.000      10.000      10.000      10.000      10.000      10.000
  6      10.000      10.000      10.000      10.000      10.000      10.000      10.000      10.000      10.000      10.000
  5      10.000      10.000      10.000      10.000      10.000      10.000      10.000      10.000      10.000      10.000
  4      10.000      10.000      10.000      10.000      10.000      10.000      10.000      10.000      10.000      10.000
  3      10.000      10.000      10.000      10.000      10.000      10.000      10.000      10.000      10.000      10.000
  2      10.000      10.000      10.000      10.000      10.000      10.000      10.000      10.000      10.000      10.000
  1      10.000      10.000      10.000      10.000      10.000      10.000      10.000      10.000      10.000      10.000



          11
 11      10.000
 10      10.000
  9      10.000
  8      10.000
  7      10.000
  6      10.000
  5      10.000
  4      10.000
  3      10.000
  2      10.000
  1      10.000

                                                            K =  7

           1           2           3           4           5           6           7           8           9          10
 11      10.000      10.000      10.000      10.000      10.000      10.000      10.000      10.000      10.000      10.000
 10      10.000      10.000      10.000      10.000      10.000      10.000      10.000      10.000      10.000      10.000
  9      10.000      10.000      10.000      10.000      10.000      10.000      10.000      10.000      10.000      10.000
  8      10.000      10.000      10.000      10.000      10.000      10.000      10.000      10.000      10.000      10.000
  7      10.000      10.000      10.000      10.000      10.000      10.000      10.000      10.000      10.000      10.000
  6      10.000      10.000      10.000      10.000      10.000      10.000      10.000      10.000      10.000      10.000
  5      10.000      10.000      10.000      10.000      10.000      10.000      10.000      10.000      10.000      10.000
  4      10.000      10.000      10.000      10.000      10.000      10.000      10.000      10.000      10.000      10.000
  3      10.000      10.000      10.000      10.000      10.000      10.000      10.000      10.000      10.000      10.000
  2      10.000      10.000      10.000      10.000      10.000      10.000      10.000      10.000      10.000      10.000
  1      10.000      10.000      10.000      10.000      10.000      10.000      10.000      10.000      10.000      10.000



          11
 11      10.000
 10      10.000
  9      10.000
  8      10.000
  7      10.000
  6      10.000
  5      10.000
  4      10.000
  3      10.000
  2      10.000
  1      10.000

                                                            K =  8

           1           2           3           4           5           6           7           8           9          10
 11      10.000      10.000      10.000      10.000      10.000      10.000      10.000      10.000      10.000      10.000
 10      10.000      10.000      10.000      10.000      10.000      10.000      10.000      10.000      10.000      10.000
  9      10.000      10.000      10.000      10.000      10.000      10.000      10.000      10.000      10.000      10.000
  8      10.000      10.000      10.000      10.000      10.000      10.000      10.000      10.000      10.000      10.000
  7      10.000      10.000      10.000      10.000      10.000      10.000      10.000      10.000      10.000      10.000
  6      10.000      10.000      10.000      10.000      10.000      10.000      10.000      10.000      10.000      10.000
  5      10.000      10.000      10.000      10.000      10.000      10.000      10.000      10.000      10.000      10.000
  4      10.000      10.000      10.000      10.000      10.000      10.000      10.000      10.000      10.000      10.000
  3      10.000      10.000      10.000      10.000      10.000      10.000      10.000      10.000      10.000      10.000
  2      10.000      10.000      10.000      10.000      10.000      10.000      10.000      10.000      10.000      10.000
  1      10.000      10.000      10.000      10.000      10.000      10.000      10.000      10.000      10.000      10.000



          11
 11      10.000
 10      10.000
  9      10.000
  8      10.000
  7      10.000
  6      10.000
  5      10.000
  4      10.000
  3      10.000
  2      10.000
  1      10.000

                                                            K =  9

           1           2           3           4           5           6           7           8           9          10
 11      10.000      10.000      10.000      10.000      10.000      10.000      10.000      10.000      10.000      10.000
 10      10.000      10.000      10.000      10.000      10.000      10.000      10.000      10.000      10.000      10.000
  9      10.000      10.000      10.000      10.000      10.000      10.000      10.000      10.000      10.000      10.000
  8      10.000      10.000      10.000      10.000      10.000      10.000      10.000      10.000      10.000      10.000
  7      10.000      10.000      10.000      10.000      10.000      10.000      10.000      10.000      10.000      10.000
  6      10.000      10.000      10.000      10.000      10.000      10.000      10.000      10.000      10.000      10.000
  5      10.000      10.000      10.000      10.000      10.000      10.000      10.000      10.000      10.000      10.000
  4      10.000      10.000      10.000      10.000      10.000      10.000      10.000      10.000      10.000      10.000
  3      10.000      10.000      10.000      10.000      10.000      10.000      10.000      10.000      10.000      10.000
  2      10.000      10.000      10.000      10.000      10.000      10.000      10.000      10.000      10.000      10.000
  1      10.000      10.000      10.000      10.000      10.000      10.000      10.000      10.000      10.000      10.000



          11
 11      10.000
 10      10.000
  9      10.000
  8      10.000
  7      10.000
  6      10.000
  5      10.000
  4      10.000
  3      10.000
  2      10.000
  1      10.000

                                                            K = 10

           1           2           3           4           5           6           7           8           9          10
 11      10.000      10.000      10.000      10.000      10.000      10.000      10.000      10.000      10.000      10.000
 10      10.000      10.000      10.000      10.000      10.000      10.000      10.000      10.000      10.000      10.000
  9      10.000      10.000      10.000      10.000      10.000      10.000      10.000      10.000      10.000      10.000
  8      10.000      10.000      10.000      10.000      10.000      10.000      10.000      10.000      10.000      10.000
  7      10.000      10.000      10.000      10.000      10.000      10.000      10.000      10.000      10.000      10.000
  6      10.000      10.000      10.000      10.000      10.000      10.000      10.000      10.000      10.000      10.000
  5      10.000      10.000      10.000      10.000      10.000      10.000      10.000      10.000      10.000      10.000
  4      10.000      10.000      10.000      10.000      10.000      10.000      10.000      10.000      10.000      10.000
  3      10.000      10.000      10.000      10.000      10.000      10.000      10.000      10.000      10.000      10.000
  2      10.000      10.000      10.000      10.000      10.000      10.000      10.000      10.000      10.000      10.000
  1      10.000      10.000      10.000      10.000      10.000      10.000      10.000      10.000      10.000      10.000



          11
 11      10.000
 10      10.000
  9      10.000
  8      10.000
  7      10.000
  6      10.000
  5      10.000
  4      10.000
  3      10.000
  2      10.000
  1      10.000

                                                            K = 11

           1           2           3           4           5           6           7           8           9          10
 11      10.000      10.000      10.000      10.000      10.000      10.000      10.000      10.000      10.000      10.000
 10      10.000      10.000      10.000      10.000      10.000      10.000      10.000      10.000      10.000      10.000
  9      10.000      10.000      10.000      10.000      10.000      10.000      10.000      10.000      10.000      10.000
  8      10.000      10.000      10.000      10.000      10.000      10.000      10.000      10.000      10.000      10.000
  7      10.000      10.000      10.000      10.000      10.000      10.000      10.000      10.000      10.000      10.000
  6      10.000      10.000      10.000      10.000      10.000      10.000      10.000      10.000      10.000      10.000
  5      10.000      10.000      10.000      10.000      10.000      10.000      10.000      10.000      10.000      10.000
  4      10.000      10.000      10.000      10.000      10.000      10.000      10.000      10.000      10.000      10.000
  3      10.000      10.000      10.000      10.000      10.000      10.000      10.000      10.000      10.000      10.000
  2      10.000      10.000      10.000      10.000      10.000      10.000      10.000      10.000      10.000      10.000
  1      10.000      10.000      10.000      10.000      10.000      10.000      10.000      10.000      10.000      10.000



          11
 11      10.000
 10      10.000
  9      10.000
  8      10.000
  7      10.000
  6      10.000
  5      10.000
  4      10.000
  3      10.000
  2      10.000
  1      10.000



                              *** Output at End of Steady State Iteration No.     2 ***

     Time .......................................................    0.00      (s)
     Maximum change in potentiometric head ...  5.1977E-04    (m ) at location ( 0.300    , 0.500    ,  0.00    )(m)

                              Fluid Potentiometric Head (m)

                    Areal Layers

                                                            K =  1

           1           2           3           4           5           6           7           8           9          10
 11      10.000      10.000      10.000      10.000      10.000      10.000                                                
 10      10.000      10.000      10.000      10.000      10.000      10.000                                                
  9      10.000      10.000      10.000      10.000      10.000      10.000                                                
  8      10.000      10.000      10.000      10.000      10.000      10.000                                                
  7      10.000      10.000      10.000      10.000      10.000      10.000                                                
  6      10.000      10.000      10.000      10.000      10.000      10.000                                                
  5      10.000      10.000      10.000      10.000      10.000      10.000                                                
  4      10.000      10.000      10.000      10.000      10.000      10.000                                                
  3      10.000      10.000      10.000      10.000      10.000      10.000                                                
  2      10.000      10.000      10.000      10.000      10.000      10.000                                                
  1      10.000      10.000      10.000      10.000      10.000      10.000                                                



          11

                                                            K =  2

           1           2           3           4           5           6           7           8           9          10
 11      10.000      10.000      10.000      10.000      10.000      10.000                                                
 10      10.000      10.000      10.000      10.000      10.000      10.000                                                
  9      10.000      10.000      10.000      10.000      10.000      10.000                                                
  8      10.000      10.000      10.000      10.000      10.000      10.000                                                
  7      10.000      10.000      10.000      10.000      10.000      10.000                                                
  6      10.000      10.000      10.000      10.000      10.000      10.000                                                
  5      10.000      10.000      10.000      10.000      10.000      10.000                                                
  4      10.000      10.000      10.000      10.000      10.000      10.000                                                
  3      10.000      10.000      10.000      10.000      10.000      10.000                                                
  2      10.000      10.000      10.000      10.000      10.000      10.000                                                
  1      10.000      10.000      10.000      10.000      10.000      10.000                                                



          11

                                                            K =  3

           1           2           3           4           5           6           7           8           9          10
 11      10.000      10.000      10.000      10.000      10.000      10.000      10.000      10.000      10.000      10.000
 10      10.000      10.000      10.000      10.000      10.000      10.000      10.000      10.000      10.000      10.000
  9      10.000      10.000      10.000      10.000      10.000      10.000      10.000      10.000      10.000      10.000
  8      10.000      10.000      10.000      10.000      10.000      10.000      10.000      10.000      10.000      10.000
  7      10.000      10.000      10.000      10.000      10.000      10.000      10.000      10.000      10.000      10.000
  6      10.000      10.000      10.000      10.000      10.000      10.000      10.000      10.000      10.000      10.000
  5      10.000      10.000      10.000      10.000      10.000      10.000      10.000      10.000      10.000      10.000
  4      10.000      10.000      10.000      10.000      10.000      10.000      10.000      10.000      10.000      10.000
  3      10.000      10.000      10.000      10.000      10.000      10.000      10.000      10.000      10.000      10.000
  2      10.000      10.000      10.000      10.000      10.000      10.000      10.000      10.000      10.000      10.000
  1      10.000      10.000      10.000      10.000      10.000      10.000      10.000      10.000      10.000      10.000



          11
 11      10.000
 10      10.000
  9      10.000
  8      10.000
  7      10.000
  6      10.000
  5      10.000
  4      10.000
  3      10.000
  2      10.000
  1      10.000

                                                            K =  4

           1           2           3           4           5           6           7           8           9          10
 11      10.000      10.000      10.000      10.000      10.000      10.000      10.000      10.000      10.000      10.000
 10      10.000      10.000      10.000      10.000      10.000      10.000      10.000      10.000      10.000      10.000
  9      10.000      10.000      10.000      10.000      10.000      10.000      10.000      10.000      10.000      10.000
  8      10.000      10.000      10.000      10.000      10.000      10.000      10.000      10.000      10.000      10.000
  7      10.000      10.000      10.000      10.000      10.000      10.000      10.000      10.000      10.000      10.000
  6      10.000      10.000      10.000      10.000      10.000      10.000      10.000      10.000      10.000      10.000
  5      10.000      10.000      10.000      10.000      10.000      10.000      10.000      10.000      10.000      10.000
  4      10.000      10.000      10.000      10.000      10.000      10.000      10.000      10.000      10.000      10.000
  3      10.000      10.000      10.000      10.000      10.000      10.000      10.000      10.000      10.000      10.000
  2      10.000      10.000      10.000      10.000      10.000      10.000      10.000      10.000      10.000      10.000
  1      10.000      10.000      10.000      10.000      10.000      10.000      10.000      10.000      10.000      10.000



          11
 11      10.000
 10      10.000
  9      10.000
  8      10.000
  7      10.000
  6      10.000
  5      10.000
  4      10.000
  3      10.000
  2      10.000
  1      10.000

                                                            K =  5

           1           2           3           4           5           6           7           8           9          10
 11      10.000      10.000      10.000      10.000      10.000      10.000      10.000      10.000      10.000      10.000
 10      10.000      10.000      10.000      10.000      10.000      10.000      10.000      10.000      10.000      10.000
  9      10.000      10.000      10.000      10.000      10.000      10.000      10.000      10.000      10.000      10.000
  8      10.000      10.000      10.000      10.000      10.000      10.000      10.000      10.000      10.000      10.000
  7      10.000      10.000      10.000      10.000      10.000      10.000      10.000      10.000      10.000      10.000
  6      10.000      10.000      10.000      10.000      10.000      10.000      10.000      10.000      10.000      10.000
  5      10.000      10.000      10.000      10.000      10.000      10.000      10.000      10.000      10.000      10.000
  4      10.000      10.000      10.000      10.000      10.000      10.000      10.000      10.000      10.000      10.000
  3      10.000      10.000      10.000      10.000      10.000      10.000      10.000      10.000      10.000      10.000
  2      10.000      10.000      10.000      10.000      10.000      10.000      10.000      10.000      10.000      10.000
  1      10.000      10.000      10.000      10.000      10.000      10.000      10.000      10.000      10.000      10.000



          11
 11      10.000
 10      10.000
  9      10.000
  8      10.000
  7      10.000
  6      10.000
  5      10.000
  4      10.000
  3      10.000
  2      10.000
  1      10.000

                                                            K =  6

           1           2           3           4           5           6           7           8           9          10
 11      10.000      10.000      10.000      10.000      10.000      10.000      10.000      10.000      10.000      10.000
 10      10.000      10.000      10.000      10.000      10.000      10.000      10.000      10.000      10.000      10.000
  9      10.000      10.000      10.000      10.000      10.000      10.000      10.000      10.000      10.000      10.000
  8      10.000      10.000      10.000      10.000      10.000      10.000      10.000      10.000      10.000      10.000
  7      10.000      10.000      10.000      10.000      10.000      10.000      10.000      10.000      10.000      10.000
  6      10.000      10.000      10.000      10.000      10.000      10.000      10.000      10.000      10.000      10.000
  5      10.000      10.000      10.000      10.000      10.000      10.000      10.000      10.000      10.000      10.000
  4      10.000      10.000      10.000      10.000      10.000      10.000      10.000      10.000      10.000      10.000
  3      10.000      10.000      10.000      10.000      10.000      10.000      10.000      10.000      10.000      10.000
  2      10.000      10.000      10.000      10.000      10.000      10.000      10.000      10.000      10.000      10.000
  1      10.000      10.000      10.000      10.000      10.000      10.000      10.000      10.000      10.000      10.000



          11
 11      10.000
 10      10.000
  9      10.000
  8      10.000
  7      10.000
  6      10.000
  5      10.000
  4      10.000
  3      10.000
  2      10.000
  1      10.000

                                                            K =  7

           1           2           3           4           5           6           7           8           9          10
 11      10.000      10.000      10.000      10.000      10.000      10.000      10.000      10.000      10.000      10.000
 10      10.000      10.000      10.000      10.000      10.000      10.000      10.000      10.000      10.000      10.000
  9      10.000      10.000      10.000      10.000      10.000      10.000      10.000      10.000      10.000      10.000
  8      10.000      10.000      10.000      10.000      10.000      10.000      10.000      10.000      10.000      10.000
  7      10.000      10.000      10.000      10.000      10.000      10.000      10.000      10.000      10.000      10.000
  6      10.000      10.000      10.000      10.000      10.000      10.000      10.000      10.000      10.000      10.000
  5      10.000      10.000      10.000      10.000      10.000      10.000      10.000      10.000      10.000      10.000
  4      10.000      10.000      10.000      10.000      10.000      10.000      10.000      10.000      10.000      10.000
  3      10.000      10.000      10.000      10.000      10.000      10.000      10.000      10.000      10.000      10.000
  2      10.000      10.000      10.000      10.000      10.000      10.000      10.000      10.000      10.000      10.000
  1      10.000      10.000      10.000      10.000      10.000      10.000      10.000      10.000      10.000      10.000



          11
 11      10.000
 10      10.000
  9      10.000
  8      10.000
  7      10.000
  6      10.000
  5      10.000
  4      10.000
  3      10.000
  2      10.000
  1      10.000

                                                            K =  8

           1           2           3           4           5           6           7           8           9          10
 11      10.000      10.000      10.000      10.000      10.000      10.000      10.000      10.000      10.000      10.000
 10      10.000      10.000      10.000      10.000      10.000      10.000      10.000      10.000      10.000      10.000
  9      10.000      10.000      10.000      10.000      10.000      10.000      10.000      10.000      10.000      10.000
  8      10.000      10.000      10.000      10.000      10.000      10.000      10.000      10.000      10.000      10.000
  7      10.000      10.000      10.000      10.000      10.000      10.000      10.000      10.000      10.000      10.000
  6      10.000      10.000      10.000      10.000      10.000      10.000      10.000      10.000      10.000      10.000
  5      10.000      10.000      10.000      10.000      10.000      10.000      10.000      10.000      10.000      10.000
  4      10.000      10.000      10.000      10.000      10.000      10.000      10.000      10.000      10.000      10.000
  3      10.000      10.000      10.000      10.000      10.000      10.000      10.000      10.000      10.000      10.000
  2      10.000      10.000      10.000      10.000      10.000      10.000      10.000      10.000      10.000      10.000
  1      10.000      10.000      10.000      10.000      10.000      10.000      10.000      10.000      10.000      10.000



          11
 11      10.000
 10      10.000
  9      10.000
  8      10.000
  7      10.000
  6      10.000
  5      10.000
  4      10.000
  3      10.000
  2      10.000
  1      10.000

                                                            K =  9

           1           2           3           4           5           6           7           8           9          10
 11      10.000      10.000      10.000      10.000      10.000      10.000      10.000      10.000      10.000      10.000
 10      10.000      10.000      10.000      10.000      10.000      10.000      10.000      10.000      10.000      10.000
  9      10.000      10.000      10.000      10.000      10.000      10.000      10.000      10.000      10.000      10.000
  8      10.000      10.000      10.000      10.000      10.000      10.000      10.000      10.000      10.000      10.000
  7      10.000      10.000      10.000      10.000      10.000      10.000      10.000      10.000      10.000      10.000
  6      10.000      10.000      10.000      10.000      10.000      10.000      10.000      10.000      10.000      10.000
  5      10.000      10.000      10.000      10.000      10.000      10.000      10.000      10.000      10.000      10.000
  4      10.000      10.000      10.000      10.000      10.000      10.000      10.000      10.000      10.000      10.000
  3      10.000      10.000      10.000      10.000      10.000      10.000      10.000      10.000      10.000      10.000
  2      10.000      10.000      10.000      10.000      10.000      10.000      10.000      10.000      10.000      10.000
  1      10.000      10.000      10.000      10.000      10.000      10.000      10.000      10.000      10.000      10.000



          11
 11      10.000
 10      10.000
  9      10.000
  8      10.000
  7      10.000
  6      10.000
  5      10.000
  4      10.000
  3      10.000
  2      10.000
  1      10.000

                                                            K = 10

           1           2           3           4           5           6           7           8           9          10
 11      10.000      10.000      10.000      10.000      10.000      10.000      10.000      10.000      10.000      10.000
 10      10.000      10.000      10.000      10.000      10.000      10.000      10.000      10.000      10.000      10.000
  9      10.000      10.000      10.000      10.000      10.000      10.000      10.000      10.000      10.000      10.000
  8      10.000      10.000      10.000      10.000      10.000      10.000      10.000      10.000      10.000      10.000
  7      10.000      10.000      10.000      10.000      10.000      10.000      10.000      10.000      10.000      10.000
  6      10.000      10.000      10.000      10.000      10.000      10.000      10.000      10.000      10.000      10.000
  5      10.000      10.000      10.000      10.000      10.000      10.000      10.000      10.000      10.000      10.000
  4      10.000      10.000      10.000      10.000      10.000      10.000      10.000      10.000      10.000      10.000
  3      10.000      10.000      10.000      10.000      10.000      10.000      10.000      10.000      10.000      10.000
  2      10.000      10.000      10.000      10.000      10.000      10.000      10.000      10.000      10.000      10.000
  1      10.000      10.000      10.000      10.000      10.000      10.000      10.000      10.000      10.000      10.000



          11
 11      10.000
 10      10.000
  9      10.000
  8      10.000
  7      10.000
  6      10.000
  5      10.000
  4      10.000
  3      10.000
  2      10.000
  1      10.000

                                                            K = 11

           1           2           3           4           5           6           7           8           9          10
 11      10.000      10.000      10.000      10.000      10.000      10.000      10.000      10.000      10.000      10.000
 10      10.000      10.000      10.000      10.000      10.000      10.000      10.000      10.000      10.000      10.000
  9      10.000      10.000      10.000      10.000      10.000      10.000      10.000      10.000      10.000      10.000
  8      10.000      10.000      10.000      10.000      10.000      10.000      10.000      10.000      10.000      10.000
  7      10.000      10.000      10.000      10.000      10.000      10.000      10.000      10.000      10.000      10.000
  6      10.000      10.000      10.000      10.000      10.000      10.000      10.000      10.000      10.000      10.000
  5      10.000      10.000      10.000      10.000      10.000      10.000      10.000      10.000      10.000      10.000
  4      10.000      10.000      10.000      10.000      10.000      10.000      10.000      10.000      10.000      10.000
  3      10.000      10.000      10.000      10.000      10.000      10.000      10.000      10.000      10.000      10.000
  2      10.000      10.000      10.000      10.000      10.000      10.000      10.000      10.000      10.000      10.000
  1      10.000      10.000      10.000      10.000      10.000      10.000      10.000      10.000      10.000      10.000



          11
 11      10.000
 10      10.000
  9      10.000
  8      10.000
  7      10.000
  6      10.000
  5      10.000
  4      10.000
  3      10.000
  2      10.000
  1      10.000



                              *** Output at End of Steady State Iteration No.     3 ***

     Time .......................................................    0.00      (s)
     Maximum change in potentiometric head ...  2.1193E-08    (m ) at location ( 0.300    , 0.500    ,  0.00    )(m)

                              Fluid Potentiometric Head (m)

                    Areal Layers

                                                            K =  1

           1           2           3           4           5           6           7           8           9          10
 11      10.000      10.000      10.000      10.000      10.000      10.000                                                
 10      10.000      10.000      10.000      10.000      10.000      10.000                                                
  9      10.000      10.000      10.000      10.000      10.000      10.000                                                
  8      10.000      10.000      10.000      10.000      10.000      10.000                                                
  7      10.000      10.000      10.000      10.000      10.000      10.000                                                
  6      10.000      10.000      10.000      10.000      10.000      10.000                                                
  5      10.000      10.000      10.000      10.000      10.000      10.000                                                
  4      10.000      10.000      10.000      10.000      10.000      10.000                                                
  3      10.000      10.000      10.000      10.000      10.000      10.000                                                
  2      10.000      10.000      10.000      10.000      10.000      10.000                                                
  1      10.000      10.000      10.000      10.000      10.000      10.000                                                



          11

                                                            K =  2

           1           2           3           4           5           6           7           8           9          10
 11      10.000      10.000      10.000      10.000      10.000      10.000                                                
 10      10.000      10.000      10.000      10.000      10.000      10.000                                                
  9      10.000      10.000      10.000      10.000      10.000      10.000                                                
  8      10.000      10.000      10.000      10.000      10.000      10.000                                                
  7      10.000      10.000      10.000      10.000      10.000      10.000                                                
  6      10.000      10.000      10.000      10.000      10.000      10.000                                                
  5      10.000      10.000      10.000      10.000      10.000      10.000                                                
  4      10.000      10.000      10.000      10.000      10.000      10.000                                                
  3      10.000      10.000      10.000      10.000      10.000      10.000                                                
  2      10.000      10.000      10.000      10.000      10.000      10.000                                                
  1      10.000      10.000      10.000      10.000      10.000      10.000                                                



          11

                                                            K =  3

           1           2           3           4           5           6           7           8           9          10
 11      10.000      10.000      10.000      10.000      10.000      10.000      10.000      10.000      10.000      10.000
 10      10.000      10.000      10.000      10.000      10.000      10.000      10.000      10.000      10.000      10.000
  9      10.000      10.000      10.000      10.000      10.000      10.000      10.000      10.000      10.000      10.000
  8      10.000      10.000      10.000      10.000      10.000      10.000      10.000      10.000      10.000      10.000
  7      10.000      10.000      10.000      10.000      10.000      10.000      10.000      10.000      10.000      10.000
  6      10.000      10.000      10.000      10.000      10.000      10.000      10.000      10.000      10.000      10.000
  5      10.000      10.000      10.000      10.000      10.000      10.000      10.000      10.000      10.000      10.000
  4      10.000      10.000      10.000      10.000      10.000      10.000      10.000      10.000      10.000      10.000
  3      10.000      10.000      10.000      10.000      10.000      10.000      10.000      10.000      10.000      10.000
  2      10.000      10.000      10.000      10.000      10.000      10.000      10.000      10.000      10.000      10.000
  1      10.000      10.000      10.000      10.000      10.000      10.000      10.000      10.000      10.000      10.000



          11
 11      10.000
 10      10.000
  9      10.000
  8      10.000
  7      10.000
  6      10.000
  5      10.000
  4      10.000
  3      10.000
  2      10.000
  1      10.000

                                                            K =  4

           1           2           3           4           5           6           7           8           9          10
 11      10.000      10.000      10.000      10.000      10.000      10.000      10.000      10.000      10.000      10.000
 10      10.000      10.000      10.000      10.000      10.000      10.000      10.000      10.000      10.000      10.000
  9      10.000      10.000      10.000      10.000      10.000      10.000      10.000      10.000      10.000      10.000
  8      10.000      10.000      10.000      10.000      10.000      10.000      10.000      10.000      10.000      10.000
  7      10.000      10.000      10.000      10.000      10.000      10.000      10.000      10.000      10.000      10.000
  6      10.000      10.000      10.000      10.000      10.000      10.000      10.000      10.000      10.000      10.000
  5      10.000      10.000      10.000      10.000      10.000      10.000      10.000      10.000      10.000      10.000
  4      10.000      10.000      10.000      10.000      10.000      10.000      10.000      10.000      10.000      10.000
  3      10.000      10.000      10.000      10.000      10.000      10.000      10.000      10.000      10.000      10.000
  2      10.000      10.000      10.000      10.000      10.000      10.000      10.000      10.000      10.000      10.000
  1      10.000      10.000      10.000      10.000      10.000      10.000      10.000      10.000      10.000      10.000



          11
 11      10.000
 10      10.000
  9      10.000
  8      10.000
  7      10.000
  6      10.000
  5      10.000
  4      10.000
  3      10.000
  2      10.000
  1      10.000

                                                            K =  5

           1           2           3           4           5           6           7           8           9          10
 11      10.000      10.000      10.000      10.000      10.000      10.000      10.000      10.000      10.000      10.000
 10      10.000      10.000      10.000      10.000      10.000      10.000      10.000      10.000      10.000      10.000
  9      10.000      10.000      10.000      10.000      10.000      10.000      10.000      10.000      10.000      10.000
  8      10.000      10.000      10.000      10.000      10.000      10.000      10.000      10.000      10.000      10.000
  7      10.000      10.000      10.000      10.000      10.000      10.000      10.000      10.000      10.000      10.000
  6      10.000      10.000      10.000      10.000      10.000      10.000      10.000      10.000      10.000      10.000
  5      10.000      10.000      10.000      10.000      10.000      10.000      10.000      10.000      10.000      10.000
  4      10.000      10.000      10.000      10.000      10.000      10.000      10.000      10.000      10.000      10.000
  3      10.000      10.000      10.000      10.000      10.000      10.000      10.000      10.000      10.000      10.000
  2      10.000      10.000      10.000      10.000      10.000      10.000      10.000      10.000      10.000      10.000
  1      10.000      10.000      10.000      10.000      10.000      10.000      10.000      10.000      10.000      10.000



          11
 11      10.000
 10      10.000
  9      10.000
  8      10.000
  7      10.000
  6      10.000
  5      10.000
  4      10.000
  3      10.000
  2      10.000
  1      10.000

                                                            K =  6

           1           2           3           4           5           6           7           8           9          10
 11      10.000      10.000      10.000      10.000      10.000      10.000      10.000      10.000      10.000      10.000
 10      10.000      10.000      10.000      10.000      10.000      10.000      10.000      10.000      10.000      10.000
  9      10.000      10.000      10.000      10.000      10.000      10.000      10.000      10.000      10.000      10.000
  8      10.000      10.000      10.000      10.000      10.000      10.000      10.000      10.000      10.000      10.000
  7      10.000      10.000      10.000      10.000      10.000      10.000      10.000      10.000      10.000      10.000
  6      10.000      10.000      10.000      10.000      10.000      10.000      10.000      10.000      10.000      10.000
  5      10.000      10.000      10.000      10.000      10.000      10.000      10.000      10.000      10.000      10.000
  4      10.000      10.000      10.000      10.000      10.000      10.000      10.000      10.000      10.000      10.000
  3      10.000      10.000      10.000      10.000      10.000      10.000      10.000      10.000      10.000      10.000
  2      10.000      10.000      10.000      10.000      10.000      10.000      10.000      10.000      10.000      10.000
  1      10.000      10.000      10.000      10.000      10.000      10.000      10.000      10.000      10.000      10.000



          11
 11      10.000
 10      10.000
  9      10.000
  8      10.000
  7      10.000
  6      10.000
  5      10.000
  4      10.000
  3      10.000
  2      10.000
  1      10.000

                                                            K =  7

           1           2           3           4           5           6           7           8           9          10
 11      10.000      10.000      10.000      10.000      10.000      10.000      10.000      10.000      10.000      10.000
 10      10.000      10.000      10.000      10.000      10.000      10.000      10.000      10.000      10.000      10.000
  9      10.000      10.000      10.000      10.000      10.000      10.000      10.000      10.000      10.000      10.000
  8      10.000      10.000      10.000      10.000      10.000      10.000      10.000      10.000      10.000      10.000
  7      10.000      10.000      10.000      10.000      10.000      10.000      10.000      10.000      10.000      10.000
  6      10.000      10.000      10.000      10.000      10.000      10.000      10.000      10.000      10.000      10.000
  5      10.000      10.000      10.000      10.000      10.000      10.000      10.000      10.000      10.000      10.000
  4      10.000      10.000      10.000      10.000      10.000      10.000      10.000      10.000      10.000      10.000
  3      10.000      10.000      10.000      10.000      10.000      10.000      10.000      10.000      10.000      10.000
  2      10.000      10.000      10.000      10.000      10.000      10.000      10.000      10.000      10.000      10.000
  1      10.000      10.000      10.000      10.000      10.000      10.000      10.000      10.000      10.000      10.000



          11
 11      10.000
 10      10.000
  9      10.000
  8      10.000
  7      10.000
  6      10.000
  5      10.000
  4      10.000
  3      10.000
  2      10.000
  1      10.000

                                                            K =  8

           1           2           3           4           5           6           7           8           9          10
 11      10.000      10.000      10.000      10.000      10.000      10.000      10.000      10.000      10.000      10.000
 10      10.000      10.000      10.000      10.000      10.000      10.000      10.000      10.000      10.000      10.000
  9      10.000      10.000      10.000      10.000      10.000      10.000      10.000      10.000      10.000      10.000
  8      10.000      10.000      10.000      10.000      10.000      10.000      10.000      10.000      10.000      10.000
  7      10.000      10.000      10.000      10.000      10.000      10.000      10.000      10.000      10.000      10.000
  6      10.000      10.000      10.000      10.000      10.000      10.000      10.000      10.000      10.000      10.000
  5      10.000      10.000      10.000      10.000      10.000      10.000      10.000      10.000      10.000      10.000
  4      10.000      10.000      10.000      10.000      10.000      10.000      10.000      10.000      10.000      10.000
  3      10.000      10.000      10.000      10.000      10.000      10.000      10.000      10.000      10.000      10.000
  2      10.000      10.000      10.000      10.000      10.000      10.000      10.000      10.000      10.000      10.000
  1      10.000      10.000      10.000      10.000      10.000      10.000      10.000      10.000      10.000      10.000



          11
 11      10.000
 10      10.000
  9      10.000
  8      10.000
  7      10.000
  6      10.000
  5      10.000
  4      10.000
  3      10.000
  2      10.000
  1      10.000

                                                            K =  9

           1           2           3           4           5           6           7           8           9          10
 11      10.000      10.000      10.000      10.000      10.000      10.000      10.000      10.000      10.000      10.000
 10      10.000      10.000      10.000      10.000      10.000      10.000      10.000      10.000      10.000      10.000
  9      10.000      10.000      10.000      10.000      10.000      10.000      10.000      10.000      10.000      10.000
  8      10.000      10.000      10.000      10.000      10.000      10.000      10.000      10.000      10.000      10.000
  7      10.000      10.000      10.000      10.000      10.000      10.000      10.000      10.000      10.000      10.000
  6      10.000      10.000      10.000      10.000      10.000      10.000      10.000      10.000      10.000      10.000
  5      10.000      10.000      10.000      10.000      10.000      10.000      10.000      10.000      10.000      10.000
  4      10.000      10.000      10.000      10.000      10.000      10.000      10.000      10.000      10.000      10.000
  3      10.000      10.000      10.000      10.000      10.000      10.000      10.000      10.000      10.000      10.000
  2      10.000      10.000      10.000      10.000      10.000      10.000      10.000      10.000      10.000      10.000
  1      10.000      10.000      10.000      10.000      10.000      10.000      10.000      10.000      10.000      10.000



          11
 11      10.000
 10      10.000
  9      10.000
  8      10.000
  7      10.000
  6      10.000
  5      10.000
  4      10.000
  3      10.000
  2      10.000
  1      10.000

                                                            K = 10

           1           2           3           4           5           6           7           8           9          10
 11      10.000      10.000      10.000      10.000      10.000      10.000      10.000      10.000      10.000      10.000
 10      10.000      10.000      10.000      10.000      10.000      10.000      10.000      10.000      10.000      10.000
  9      10.000      10.000      10.000      10.000      10.000      10.000      10.000      10.000      10.000      10.000
  8      10.000      10.000      10.000      10.000      10.000      10.000      10.000      10.000      10.000      10.000
  7      10.000      10.000      10.000      10.000      10.000      10.000      10.000      10.000      10.000      10.000
  6      10.000      10.000      10.000      10.000      10.000      10.000      10.000      10.000      10.000      10.000
  5      10.000      10.000      10.000      10.000      10.000      10.000      10.000      10.000      10.000      10.000
  4      10.000      10.000      10.000      10.000      10.000      10.000      10.000      10.000      10.000      10.000
  3      10.000      10.000      10.000      10.000      10.000      10.000      10.000      10.000      10.000      10.000
  2      10.000      10.000      10.000      10.000      10.000      10.000      10.000      10.000      10.000      10.000
  1      10.000      10.000      10.000      10.000      10.000      10.000      10.000      10.000      10.000      10.000



          11
 11      10.000
 10      10.000
  9      10.000
  8      10.000
  7      10.000
  6      10.000
  5      10.000
  4      10.000
  3      10.000
  2      10.000
  1      10.000

                                                            K = 11

           1           2           3           4           5           6           7           8           9          10
 11      10.000      10.000      10.000      10.000      10.000      10.000      10.000      10.000      10.000      10.000
 10      10.000      10.000      10.000      10.000      10.000      10.000      10.000      10.000      10.000      10.000
  9      10.000      10.000      10.000      10.000      10.000      10.000      10.000      10.000      10.000      10.000
  8      10.000      10.000      10.000      10.000      10.000      10.000      10.000      10.000      10.000      10.000
  7      10.000      10.000      10.000      10.000      10.000      10.000      10.000      10.000      10.000      10.000
  6      10.000      10.000      10.000      10.000      10.000      10.000      10.000      10.000      10.000      10.000
  5      10.000      10.000      10.000      10.000      10.000      10.000      10.000      10.000      10.000      10.000
  4      10.000      10.000      10.000      10.000      10.000      10.000      10.000      10.000      10.000      10.000
  3      10.000      10.000      10.000      10.000      10.000      10.000      10.000      10.000      10.000      10.000
  2      10.000      10.000      10.000      10.000      10.000      10.000      10.000      10.000      10.000      10.000
  1      10.000      10.000      10.000      10.000      10.000      10.000      10.000      10.000      10.000      10.000



          11
 11      10.000
 10      10.000
  9      10.000
  8      10.000
  7      10.000
  6      10.000
  5      10.000
  4      10.000
  3      10.000
  2      10.000
  1      10.000




                                       ***** Simulation Completed *****
               Last time value calculated ...................................... 1.0000E+04 (s)
               Last time step index ............................................       1
