

                          .                                                                               
                          .                                                                               


                              X-Direction Node Coordinates    (m)

           1           2           3           4           5           6           7           8           9          10
           0.00        0.10        0.20        0.30        0.40        0.50        0.60        0.70        0.80        0.90



          11
           1.00




                              Y-Direction Node Coordinates   (m)

           1           2           3           4           5           6           7           8           9          10
           0.00        0.10        0.20        0.30        0.40        0.50        0.60        0.70        0.80        0.90



          11
           1.00




                              Z-Direction Node Coordinates   (m)

           1           2           3           4           5           6           7           8           9          10
           0.00        0.10        0.20        0.30        0.40        0.50        0.60        0.70        0.80        0.90



          11
           1.00



                              *** Output at End of Steady State Iteration No.     1 ***

     Time .......................................................    0.00      (s)


                         Specified Head B.C.: Flow Rates (average over time step)
                         (positive is into the region)
                    Fluid   (kg/s)

                    Areal Layers

                                                            K =  3

           1           2           3           4           5           6           7           8           9          10



          11
 11  4.7241E-04
 10  7.7235E-04
  9  3.6949E-04
  8  2.8827E-04
  7  2.7334E-04
  6  2.7152E-04
  5  2.7335E-04
  4  2.8829E-04
  3  3.6963E-04
  2  7.7274E-04
  1  4.7265E-04

                                                            K =  4

           1           2           3           4           5           6           7           8           9          10



          11
 11  9.3360E-04
 10  1.5278E-03
  9  7.3658E-04
  8  5.7686E-04
  7  5.4824E-04
  6  5.4414E-04
  5  5.4827E-04
  4  5.7694E-04
  3  7.3693E-04
  2  1.5293E-03
  1  9.3431E-04

                                                            K =  5

           1           2           3           4           5           6           7           8           9          10



          11
 11  9.0563E-04
 10  1.4900E-03
  9  7.4166E-04
  8  5.9202E-04
  7  5.6456E-04
  6  5.6128E-04
  5  5.6473E-04
  4  5.9217E-04
  3  7.4218E-04
  2  1.4916E-03
  1  9.0719E-04

                                                            K =  6

           1           2           3           4           5           6           7           8           9          10



          11
 11  8.7806E-04
 10  1.4751E-03
  9  8.3429E-04
  8  7.0409E-04
  7  6.8039E-04
  6  6.7687E-04
  5  6.8066E-04
  4  7.0430E-04
  3  8.3471E-04
  2  1.4766E-03
  1  8.7888E-04

                                                            K =  7

           1           2           3           4           5           6           7           8           9          10



          11
 11  8.7706E-04
 10  1.6171E-03
  9  1.3878E-03
  8  1.3262E-03
  7  1.3108E-03
  6  1.3085E-03
  5  1.3120E-03
  4  1.3266E-03
  3  1.3879E-03
  2  1.6174E-03
  1  8.7769E-04

                                                            K =  8

           1           2           3           4           5           6           7           8           9          10



          11
 11  8.8416E-04
 10  1.7367E-03
  9  1.6810E-03
  8  1.6552E-03
  7  1.6465E-03
  6  1.6448E-03
  5  1.6469E-03
  4  1.6560E-03
  3  1.6811E-03
  2  1.7367E-03
  1  8.8418E-04

                                                            K =  9

           1           2           3           4           5           6           7           8           9          10



          11
 11  8.7872E-04
 10  1.7492E-03
  9  1.7329E-03
  8  1.7227E-03
  7  1.7175E-03
  6  1.7161E-03
  5  1.7176E-03
  4  1.7230E-03
  3  1.7343E-03
  2  1.7492E-03
  1  8.7863E-04

                                                            K = 10

           1           2           3           4           5           6           7           8           9          10



          11
 11  8.7178E-04
 10  1.7399E-03
  9  1.7342E-03
  8  1.7287E-03
  7  1.7257E-03
  6  1.7243E-03
  5  1.7253E-03
  4  1.7289E-03
  3  1.7343E-03
  2  1.7404E-03
  1  8.7159E-04

                                                            K = 11

           1           2           3           4           5           6           7           8           9          10



          11
 11  4.3444E-04
 10  8.6784E-04
  9  8.6544E-04
  8  8.6358E-04
  7  8.6213E-04
  6  8.6163E-04
  5  8.6187E-04
  4  8.6347E-04
  3  8.6565E-04
  2  8.6784E-04
  1  4.3468E-04




                         Specified Flux B.C.: Flow Rates (at end of time step)
                         (positive is into the region)
                    Fluid Mass   (kg/s)

                    Areal Layers

                                                            K =  1

           1           2           3           4           5           6           7           8           9          10
 11  2.5000E-05                                                                                                            
 10  5.0000E-05                                                                                                            
  9  5.0000E-05                                                                                                            
  8  5.0000E-05                                                                                                            
  7  5.0000E-05                                                                                                            
  6  5.0000E-05                                                                                                            
  5  5.0000E-05                                                                                                            
  4  5.0000E-05                                                                                                            
  3  5.0000E-05                                                                                                            
  2  5.0000E-05                                                                                                            
  1  2.5000E-05                                                                                                            



          11

                                                            K =  2

           1           2           3           4           5           6           7           8           9          10
 11  5.0000E-05                                                                                                            
 10  1.0000E-04                                                                                                            
  9  1.0000E-04                                                                                                            
  8  1.0000E-04                                                                                                            
  7  1.0000E-04                                                                                                            
  6  1.0000E-04                                                                                                            
  5  1.0000E-04                                                                                                            
  4  1.0000E-04                                                                                                            
  3  1.0000E-04                                                                                                            
  2  1.0000E-04                                                                                                            
  1  5.0000E-05                                                                                                            



          11

                                                            K =  3

           1           2           3           4           5           6           7           8           9          10
 11  5.0000E-05                                                                                                            
 10  1.0000E-04                                                                                                            
  9  1.0000E-04                                                                                                            
  8  1.0000E-04                                                                                                            
  7  1.0000E-04                                                                                                            
  6  1.0000E-04                                                                                                            
  5  1.0000E-04                                                                                                            
  4  1.0000E-04                                                                                                            
  3  1.0000E-04                                                                                                            
  2  1.0000E-04                                                                                                            
  1  5.0000E-05                                                                                                            



          11

                                                            K =  4

           1           2           3           4           5           6           7           8           9          10
 11  5.0000E-05                                                                                                            
 10  1.0000E-04                                                                                                            
  9  1.0000E-04                                                                                                            
  8  1.0000E-04                                                                                                            
  7  1.0000E-04                                                                                                            
  6  1.0000E-04                                                                                                            
  5  1.0000E-04                                                                                                            
  4  1.0000E-04                                                                                                            
  3  1.0000E-04                                                                                                            
  2  1.0000E-04                                                                                                            
  1  5.0000E-05                                                                                                            



          11

                                                            K =  5

           1           2           3           4           5           6           7           8           9          10
 11  5.0000E-05                                                                                                            
 10  1.0000E-04                                                                                                            
  9  1.0000E-04                                                                                                            
  8  1.0000E-04                                                                                                            
  7  1.0000E-04                                                                                                            
  6  1.0000E-04                                                                                                            
  5  1.0000E-04                                                                                                            
  4  1.0000E-04                                                                                                            
  3  1.0000E-04                                                                                                            
  2  1.0000E-04                                                                                                            
  1  5.0000E-05                                                                                                            



          11

                                                            K =  6

           1           2           3           4           5           6           7           8           9          10
 11  5.0000E-05                                                                                                            
 10  1.0000E-04                                                                                                            
  9  1.0000E-04                                                                                                            
  8  1.0000E-04                                                                                                            
  7  1.0000E-04                                                                                                            
  6  1.0000E-04                                                                                                            
  5  1.0000E-04                                                                                                            
  4  1.0000E-04                                                                                                            
  3  1.0000E-04                                                                                                            
  2  1.0000E-04                                                                                                            
  1  5.0000E-05                                                                                                            



          11

                                                            K =  7

           1           2           3           4           5           6           7           8           9          10
 11  5.0000E-05                                                                                                            
 10  1.0000E-04                                                                                                            
  9  1.0000E-04                                                                                                            
  8  1.0000E-04                                                                                                            
  7  1.0000E-04                                                                                                            
  6  1.0000E-04                                                                                                            
  5  1.0000E-04                                                                                                            
  4  1.0000E-04                                                                                                            
  3  1.0000E-04                                                                                                            
  2  1.0000E-04                                                                                                            
  1  5.0000E-05                                                                                                            



          11

                                                            K =  8

           1           2           3           4           5           6           7           8           9          10
 11  5.0000E-05                                                                                                            
 10  1.0000E-04                                                                                                            
  9  1.0000E-04                                                                                                            
  8  1.0000E-04                                                                                                            
  7  1.0000E-04                                                                                                            
  6  1.0000E-04                                                                                                            
  5  1.0000E-04                                                                                                            
  4  1.0000E-04                                                                                                            
  3  1.0000E-04                                                                                                            
  2  1.0000E-04                                                                                                            
  1  5.0000E-05                                                                                                            



          11

                                                            K =  9

           1           2           3           4           5           6           7           8           9          10
 11  5.0000E-05                                                                                                            
 10  1.0000E-04                                                                                                            
  9  1.0000E-04                                                                                                            
  8  1.0000E-04                                                                                                            
  7  1.0000E-04                                                                                                            
  6  1.0000E-04                                                                                                            
  5  1.0000E-04                                                                                                            
  4  1.0000E-04                                                                                                            
  3  1.0000E-04                                                                                                            
  2  1.0000E-04                                                                                                            
  1  5.0000E-05                                                                                                            



          11

                                                            K = 10

           1           2           3           4           5           6           7           8           9          10
 11  5.0000E-05                                                                                                            
 10  1.0000E-04                                                                                                            
  9  1.0000E-04                                                                                                            
  8  1.0000E-04                                                                                                            
  7  1.0000E-04                                                                                                            
  6  1.0000E-04                                                                                                            
  5  1.0000E-04                                                                                                            
  4  1.0000E-04                                                                                                            
  3  1.0000E-04                                                                                                            
  2  1.0000E-04                                                                                                            
  1  5.0000E-05                                                                                                            



          11

                                                            K = 11

           1           2           3           4           5           6           7           8           9          10
 11  2.5000E-05                                                                                                            
 10  5.0000E-05                                                                                                            
  9  5.0000E-05                                                                                                            
  8  5.0000E-05                                                                                                            
  7  5.0000E-05                                                                                                            
  6  5.0000E-05                                                                                                            
  5  5.0000E-05                                                                                                            
  4  5.0000E-05                                                                                                            
  3  5.0000E-05                                                                                                            
  2  5.0000E-05                                                                                                            
  1  2.5000E-05                                                                                                            



          11



                              *** Output at End of Steady State Iteration No.     2 ***

     Time .......................................................    0.00      (s)


                         Specified Head B.C.: Flow Rates (average over time step)
                         (positive is into the region)
                    Fluid   (kg/s)

                    Areal Layers

                                                            K =  3

           1           2           3           4           5           6           7           8           9          10



          11
 11 -4.2990E-05
 10 -6.6726E-05
  9 -2.0008E-05
  8 -7.9808E-06
  7 -4.9399E-06
  6 -4.3506E-06
  5 -4.9399E-06
  4 -7.9808E-06
  3 -2.0008E-05
  2 -6.6726E-05
  1 -4.2990E-05

                                                            K =  4

           1           2           3           4           5           6           7           8           9          10



          11
 11 -8.5261E-05
 10 -1.3255E-04
  9 -4.0482E-05
  8 -1.6850E-05
  7 -1.0893E-05
  6 -9.7409E-06
  5 -1.0893E-05
  4 -1.6850E-05
  3 -4.0482E-05
  2 -1.3255E-04
  1 -8.5261E-05

                                                            K =  5

           1           2           3           4           5           6           7           8           9          10



          11
 11 -8.3996E-05
 10 -1.3163E-04
  9 -4.3918E-05
  8 -2.1753E-05
  7 -1.6226E-05
  6 -1.5162E-05
  5 -1.6226E-05
  4 -2.1753E-05
  3 -4.3918E-05
  2 -1.3163E-04
  1 -8.3996E-05

                                                            K =  6

           1           2           3           4           5           6           7           8           9          10



          11
 11 -8.4149E-05
 10 -1.3611E-04
  9 -6.0615E-05
  8 -4.2237E-05
  7 -3.7673E-05
  6 -3.6780E-05
  5 -3.7673E-05
  4 -4.2237E-05
  3 -6.0615E-05
  2 -1.3611E-04
  1 -8.4149E-05

                                                            K =  7

           1           2           3           4           5           6           7           8           9          10



          11
 11 -8.8214E-05
 10 -1.6068E-04
  9 -1.3351E-04
  8 -1.2472E-04
  7 -1.2184E-04
  6 -1.2114E-04
  5 -1.2184E-04
  4 -1.2472E-04
  3 -1.3351E-04
  2 -1.6068E-04
  1 -8.8214E-05

                                                            K =  8

           1           2           3           4           5           6           7           8           9          10



          11
 11 -9.2277E-05
 10 -1.8065E-04
  9 -1.7324E-04
  8 -1.6908E-04
  7 -1.6718E-04
  6 -1.6664E-04
  5 -1.6718E-04
  4 -1.6908E-04
  3 -1.7324E-04
  2 -1.8065E-04
  1 -9.2277E-05

                                                            K =  9

           1           2           3           4           5           6           7           8           9          10



          11
 11 -9.3963E-05
 10 -1.8675E-04
  9 -1.8429E-04
  8 -1.8234E-04
  7 -1.8122E-04
  6 -1.8086E-04
  5 -1.8122E-04
  4 -1.8234E-04
  3 -1.8429E-04
  2 -1.8675E-04
  1 -9.3963E-05

                                                            K = 10

           1           2           3           4           5           6           7           8           9          10



          11
 11 -9.4490E-05
 10 -1.8851E-04
  9 -1.8743E-04
  8 -1.8638E-04
  7 -1.8567E-04
  6 -1.8543E-04
  5 -1.8567E-04
  4 -1.8638E-04
  3 -1.8743E-04
  2 -1.8851E-04
  1 -9.4490E-05

                                                            K = 11

           1           2           3           4           5           6           7           8           9          10



          11
 11 -4.7298E-05
 10 -9.4435E-05
  9 -9.4050E-05
  8 -9.3641E-05
  7 -9.3352E-05
  6 -9.3249E-05
  5 -9.3352E-05
  4 -9.3641E-05
  3 -9.4050E-05
  2 -9.4435E-05
  1 -4.7298E-05




                         Specified Flux B.C.: Flow Rates (at end of time step)
                         (positive is into the region)
                    Fluid Mass   (kg/s)

                    Areal Layers

                                                            K =  1

           1           2           3           4           5           6           7           8           9          10
 11  2.5000E-05                                                                                                            
 10  5.0000E-05                                                                                                            
  9  5.0000E-05                                                                                                            
  8  5.0000E-05                                                                                                            
  7  5.0000E-05                                                                                                            
  6  5.0000E-05                                                                                                            
  5  5.0000E-05                                                                                                            
  4  5.0000E-05                                                                                                            
  3  5.0000E-05                                                                                                            
  2  5.0000E-05                                                                                                            
  1  2.5000E-05                                                                                                            



          11

                                                            K =  2

           1           2           3           4           5           6           7           8           9          10
 11  5.0000E-05                                                                                                            
 10  1.0000E-04                                                                                                            
  9  1.0000E-04                                                                                                            
  8  1.0000E-04                                                                                                            
  7  1.0000E-04                                                                                                            
  6  1.0000E-04                                                                                                            
  5  1.0000E-04                                                                                                            
  4  1.0000E-04                                                                                                            
  3  1.0000E-04                                                                                                            
  2  1.0000E-04                                                                                                            
  1  5.0000E-05                                                                                                            



          11

                                                            K =  3

           1           2           3           4           5           6           7           8           9          10
 11  5.0000E-05                                                                                                            
 10  1.0000E-04                                                                                                            
  9  1.0000E-04                                                                                                            
  8  1.0000E-04                                                                                                            
  7  1.0000E-04                                                                                                            
  6  1.0000E-04                                                                                                            
  5  1.0000E-04                                                                                                            
  4  1.0000E-04                                                                                                            
  3  1.0000E-04                                                                                                            
  2  1.0000E-04                                                                                                            
  1  5.0000E-05                                                                                                            



          11

                                                            K =  4

           1           2           3           4           5           6           7           8           9          10
 11  5.0000E-05                                                                                                            
 10  1.0000E-04                                                                                                            
  9  1.0000E-04                                                                                                            
  8  1.0000E-04                                                                                                            
  7  1.0000E-04                                                                                                            
  6  1.0000E-04                                                                                                            
  5  1.0000E-04                                                                                                            
  4  1.0000E-04                                                                                                            
  3  1.0000E-04                                                                                                            
  2  1.0000E-04                                                                                                            
  1  5.0000E-05                                                                                                            



          11

                                                            K =  5

           1           2           3           4           5           6           7           8           9          10
 11  5.0000E-05                                                                                                            
 10  1.0000E-04                                                                                                            
  9  1.0000E-04                                                                                                            
  8  1.0000E-04                                                                                                            
  7  1.0000E-04                                                                                                            
  6  1.0000E-04                                                                                                            
  5  1.0000E-04                                                                                                            
  4  1.0000E-04                                                                                                            
  3  1.0000E-04                                                                                                            
  2  1.0000E-04                                                                                                            
  1  5.0000E-05                                                                                                            



          11

                                                            K =  6

           1           2           3           4           5           6           7           8           9          10
 11  5.0000E-05                                                                                                            
 10  1.0000E-04                                                                                                            
  9  1.0000E-04                                                                                                            
  8  1.0000E-04                                                                                                            
  7  1.0000E-04                                                                                                            
  6  1.0000E-04                                                                                                            
  5  1.0000E-04                                                                                                            
  4  1.0000E-04                                                                                                            
  3  1.0000E-04                                                                                                            
  2  1.0000E-04                                                                                                            
  1  5.0000E-05                                                                                                            



          11

                                                            K =  7

           1           2           3           4           5           6           7           8           9          10
 11  5.0000E-05                                                                                                            
 10  1.0000E-04                                                                                                            
  9  1.0000E-04                                                                                                            
  8  1.0000E-04                                                                                                            
  7  1.0000E-04                                                                                                            
  6  1.0000E-04                                                                                                            
  5  1.0000E-04                                                                                                            
  4  1.0000E-04                                                                                                            
  3  1.0000E-04                                                                                                            
  2  1.0000E-04                                                                                                            
  1  5.0000E-05                                                                                                            



          11

                                                            K =  8

           1           2           3           4           5           6           7           8           9          10
 11  5.0000E-05                                                                                                            
 10  1.0000E-04                                                                                                            
  9  1.0000E-04                                                                                                            
  8  1.0000E-04                                                                                                            
  7  1.0000E-04                                                                                                            
  6  1.0000E-04                                                                                                            
  5  1.0000E-04                                                                                                            
  4  1.0000E-04                                                                                                            
  3  1.0000E-04                                                                                                            
  2  1.0000E-04                                                                                                            
  1  5.0000E-05                                                                                                            



          11

                                                            K =  9

           1           2           3           4           5           6           7           8           9          10
 11  5.0000E-05                                                                                                            
 10  1.0000E-04                                                                                                            
  9  1.0000E-04                                                                                                            
  8  1.0000E-04                                                                                                            
  7  1.0000E-04                                                                                                            
  6  1.0000E-04                                                                                                            
  5  1.0000E-04                                                                                                            
  4  1.0000E-04                                                                                                            
  3  1.0000E-04                                                                                                            
  2  1.0000E-04                                                                                                            
  1  5.0000E-05                                                                                                            



          11

                                                            K = 10

           1           2           3           4           5           6           7           8           9          10
 11  5.0000E-05                                                                                                            
 10  1.0000E-04                                                                                                            
  9  1.0000E-04                                                                                                            
  8  1.0000E-04                                                                                                            
  7  1.0000E-04                                                                                                            
  6  1.0000E-04                                                                                                            
  5  1.0000E-04                                                                                                            
  4  1.0000E-04                                                                                                            
  3  1.0000E-04                                                                                                            
  2  1.0000E-04                                                                                                            
  1  5.0000E-05                                                                                                            



          11

                                                            K = 11

           1           2           3           4           5           6           7           8           9          10
 11  2.5000E-05                                                                                                            
 10  5.0000E-05                                                                                                            
  9  5.0000E-05                                                                                                            
  8  5.0000E-05                                                                                                            
  7  5.0000E-05                                                                                                            
  6  5.0000E-05                                                                                                            
  5  5.0000E-05                                                                                                            
  4  5.0000E-05                                                                                                            
  3  5.0000E-05                                                                                                            
  2  5.0000E-05                                                                                                            
  1  2.5000E-05                                                                                                            



          11



                              *** Output at End of Steady State Iteration No.     3 ***

     Time .......................................................    0.00      (s)


                         Specified Head B.C.: Flow Rates (average over time step)
                         (positive is into the region)
                    Fluid   (kg/s)

                    Areal Layers

                                                            K =  3

           1           2           3           4           5           6           7           8           9          10



          11
 11 -4.3001E-05
 10 -6.6744E-05
  9 -2.0016E-05
  8 -7.9873E-06
  7 -4.9465E-06
  6 -4.3571E-06
  5 -4.9465E-06
  4 -7.9873E-06
  3 -2.0016E-05
  2 -6.6744E-05
  1 -4.3001E-05

                                                            K =  4

           1           2           3           4           5           6           7           8           9          10



          11
 11 -8.5282E-05
 10 -1.3258E-04
  9 -4.0497E-05
  8 -1.6863E-05
  7 -1.0906E-05
  6 -9.7539E-06
  5 -1.0906E-05
  4 -1.6863E-05
  3 -4.0497E-05
  2 -1.3258E-04
  1 -8.5282E-05

                                                            K =  5

           1           2           3           4           5           6           7           8           9          10



          11
 11 -8.4016E-05
 10 -1.3166E-04
  9 -4.3933E-05
  8 -2.1765E-05
  7 -1.6238E-05
  6 -1.5174E-05
  5 -1.6238E-05
  4 -2.1765E-05
  3 -4.3933E-05
  2 -1.3166E-04
  1 -8.4016E-05

                                                            K =  6

           1           2           3           4           5           6           7           8           9          10



          11
 11 -8.4168E-05
 10 -1.3614E-04
  9 -6.0632E-05
  8 -4.2251E-05
  7 -3.7687E-05
  6 -3.6793E-05
  5 -3.7687E-05
  4 -4.2251E-05
  3 -6.0632E-05
  2 -1.3614E-04
  1 -8.4168E-05

                                                            K =  7

           1           2           3           4           5           6           7           8           9          10



          11
 11 -8.8233E-05
 10 -1.6072E-04
  9 -1.3354E-04
  8 -1.2475E-04
  7 -1.2186E-04
  6 -1.2117E-04
  5 -1.2186E-04
  4 -1.2475E-04
  3 -1.3354E-04
  2 -1.6072E-04
  1 -8.8233E-05

                                                            K =  8

           1           2           3           4           5           6           7           8           9          10



          11
 11 -9.2296E-05
 10 -1.8068E-04
  9 -1.7328E-04
  8 -1.6912E-04
  7 -1.6722E-04
  6 -1.6668E-04
  5 -1.6722E-04
  4 -1.6912E-04
  3 -1.7328E-04
  2 -1.8068E-04
  1 -9.2296E-05

                                                            K =  9

           1           2           3           4           5           6           7           8           9          10



          11
 11 -9.3981E-05
 10 -1.8679E-04
  9 -1.8432E-04
  8 -1.8237E-04
  7 -1.8125E-04
  6 -1.8090E-04
  5 -1.8125E-04
  4 -1.8237E-04
  3 -1.8432E-04
  2 -1.8679E-04
  1 -9.3981E-05

                                                            K = 10

           1           2           3           4           5           6           7           8           9          10



          11
 11 -9.4508E-05
 10 -1.8855E-04
  9 -1.8747E-04
  8 -1.8641E-04
  7 -1.8571E-04
  6 -1.8546E-04
  5 -1.8571E-04
  4 -1.8641E-04
  3 -1.8747E-04
  2 -1.8855E-04
  1 -9.4508E-05

                                                            K = 11

           1           2           3           4           5           6           7           8           9          10



          11
 11 -4.7307E-05
 10 -9.4453E-05
  9 -9.4067E-05
  8 -9.3659E-05
  7 -9.3369E-05
  6 -9.3266E-05
  5 -9.3369E-05
  4 -9.3659E-05
  3 -9.4067E-05
  2 -9.4453E-05
  1 -4.7307E-05




                         Specified Flux B.C.: Flow Rates (at end of time step)
                         (positive is into the region)
                    Fluid Mass   (kg/s)

                    Areal Layers

                                                            K =  1

           1           2           3           4           5           6           7           8           9          10
 11  2.5000E-05                                                                                                            
 10  5.0000E-05                                                                                                            
  9  5.0000E-05                                                                                                            
  8  5.0000E-05                                                                                                            
  7  5.0000E-05                                                                                                            
  6  5.0000E-05                                                                                                            
  5  5.0000E-05                                                                                                            
  4  5.0000E-05                                                                                                            
  3  5.0000E-05                                                                                                            
  2  5.0000E-05                                                                                                            
  1  2.5000E-05                                                                                                            



          11

                                                            K =  2

           1           2           3           4           5           6           7           8           9          10
 11  5.0000E-05                                                                                                            
 10  1.0000E-04                                                                                                            
  9  1.0000E-04                                                                                                            
  8  1.0000E-04                                                                                                            
  7  1.0000E-04                                                                                                            
  6  1.0000E-04                                                                                                            
  5  1.0000E-04                                                                                                            
  4  1.0000E-04                                                                                                            
  3  1.0000E-04                                                                                                            
  2  1.0000E-04                                                                                                            
  1  5.0000E-05                                                                                                            



          11

                                                            K =  3

           1           2           3           4           5           6           7           8           9          10
 11  5.0000E-05                                                                                                            
 10  1.0000E-04                                                                                                            
  9  1.0000E-04                                                                                                            
  8  1.0000E-04                                                                                                            
  7  1.0000E-04                                                                                                            
  6  1.0000E-04                                                                                                            
  5  1.0000E-04                                                                                                            
  4  1.0000E-04                                                                                                            
  3  1.0000E-04                                                                                                            
  2  1.0000E-04                                                                                                            
  1  5.0000E-05                                                                                                            



          11

                                                            K =  4

           1           2           3           4           5           6           7           8           9          10
 11  5.0000E-05                                                                                                            
 10  1.0000E-04                                                                                                            
  9  1.0000E-04                                                                                                            
  8  1.0000E-04                                                                                                            
  7  1.0000E-04                                                                                                            
  6  1.0000E-04                                                                                                            
  5  1.0000E-04                                                                                                            
  4  1.0000E-04                                                                                                            
  3  1.0000E-04                                                                                                            
  2  1.0000E-04                                                                                                            
  1  5.0000E-05                                                                                                            



          11

                                                            K =  5

           1           2           3           4           5           6           7           8           9          10
 11  5.0000E-05                                                                                                            
 10  1.0000E-04                                                                                                            
  9  1.0000E-04                                                                                                            
  8  1.0000E-04                                                                                                            
  7  1.0000E-04                                                                                                            
  6  1.0000E-04                                                                                                            
  5  1.0000E-04                                                                                                            
  4  1.0000E-04                                                                                                            
  3  1.0000E-04                                                                                                            
  2  1.0000E-04                                                                                                            
  1  5.0000E-05                                                                                                            



          11

                                                            K =  6

           1           2           3           4           5           6           7           8           9          10
 11  5.0000E-05                                                                                                            
 10  1.0000E-04                                                                                                            
  9  1.0000E-04                                                                                                            
  8  1.0000E-04                                                                                                            
  7  1.0000E-04                                                                                                            
  6  1.0000E-04                                                                                                            
  5  1.0000E-04                                                                                                            
  4  1.0000E-04                                                                                                            
  3  1.0000E-04                                                                                                            
  2  1.0000E-04                                                                                                            
  1  5.0000E-05                                                                                                            



          11

                                                            K =  7

           1           2           3           4           5           6           7           8           9          10
 11  5.0000E-05                                                                                                            
 10  1.0000E-04                                                                                                            
  9  1.0000E-04                                                                                                            
  8  1.0000E-04                                                                                                            
  7  1.0000E-04                                                                                                            
  6  1.0000E-04                                                                                                            
  5  1.0000E-04                                                                                                            
  4  1.0000E-04                                                                                                            
  3  1.0000E-04                                                                                                            
  2  1.0000E-04                                                                                                            
  1  5.0000E-05                                                                                                            



          11

                                                            K =  8

           1           2           3           4           5           6           7           8           9          10
 11  5.0000E-05                                                                                                            
 10  1.0000E-04                                                                                                            
  9  1.0000E-04                                                                                                            
  8  1.0000E-04                                                                                                            
  7  1.0000E-04                                                                                                            
  6  1.0000E-04                                                                                                            
  5  1.0000E-04                                                                                                            
  4  1.0000E-04                                                                                                            
  3  1.0000E-04                                                                                                            
  2  1.0000E-04                                                                                                            
  1  5.0000E-05                                                                                                            



          11

                                                            K =  9

           1           2           3           4           5           6           7           8           9          10
 11  5.0000E-05                                                                                                            
 10  1.0000E-04                                                                                                            
  9  1.0000E-04                                                                                                            
  8  1.0000E-04                                                                                                            
  7  1.0000E-04                                                                                                            
  6  1.0000E-04                                                                                                            
  5  1.0000E-04                                                                                                            
  4  1.0000E-04                                                                                                            
  3  1.0000E-04                                                                                                            
  2  1.0000E-04                                                                                                            
  1  5.0000E-05                                                                                                            



          11

                                                            K = 10

           1           2           3           4           5           6           7           8           9          10
 11  5.0000E-05                                                                                                            
 10  1.0000E-04                                                                                                            
  9  1.0000E-04                                                                                                            
  8  1.0000E-04                                                                                                            
  7  1.0000E-04                                                                                                            
  6  1.0000E-04                                                                                                            
  5  1.0000E-04                                                                                                            
  4  1.0000E-04                                                                                                            
  3  1.0000E-04                                                                                                            
  2  1.0000E-04                                                                                                            
  1  5.0000E-05                                                                                                            



          11

                                                            K = 11

           1           2           3           4           5           6           7           8           9          10
 11  2.5000E-05                                                                                                            
 10  5.0000E-05                                                                                                            
  9  5.0000E-05                                                                                                            
  8  5.0000E-05                                                                                                            
  7  5.0000E-05                                                                                                            
  6  5.0000E-05                                                                                                            
  5  5.0000E-05                                                                                                            
  4  5.0000E-05                                                                                                            
  3  5.0000E-05                                                                                                            
  2  5.0000E-05                                                                                                            
  1  2.5000E-05                                                                                                            



          11




                                       ***** Simulation Completed *****
               Last time value calculated ...................................... 1.0000E+04 (s)
               Last time step index ............................................       1
