

                          .                                                                               
                          .                                                                               


                              X-Direction Node Coordinates    (m)

           1           2           3           4           5           6           7           8           9          10
           0.00        0.20        0.40        0.60        0.80        1.00        1.20        1.40        1.60        1.80



          11
           2.00




                              Y-Direction Node Coordinates   (m)

           1           2
           0.00        1.00




                              Z-Direction Node Coordinates   (m)

           1           2           3           4           5
           0.00        0.25        0.50        0.75        1.00




                              *** Output at End of Time Step No.     0 ***

                         Time .......................................................   0.000e+00  (s  )

                         X-direction - interstitial pore velocity between X(I) and X(I+1) (m /s  )

                    Vertical Slices

                                                            J =  1

           1           2           3           4           5           6           7           8           9          10
  5  1.9141e-04  1.9805e-04  2.0780e-04  2.2343e-04  2.4818e-04  2.8384e-04  3.2304e-04  3.2691e-04  2.9812e-04  2.7863e-04
  4  1.9066e-04  1.9561e-04  2.0322e-04  2.1630e-04  2.3965e-04  2.8108e-04  3.5065e-04  3.5241e-04  2.9086e-04  2.6339e-04
  3  1.8868e-04  1.8904e-04  1.9006e-04  1.9315e-04  2.0288e-04  2.3433e-04  4.8422e-04  4.7684e-04  2.3036e-04  2.0524e-04
  2  1.8647e-04  1.8146e-04  1.7364e-04  1.5961e-04  1.3218e-04  7.3067e-05  0.0000e+00              6.5251e-05  1.0784e-04
  1  1.8554e-04  1.7828e-04  1.6694e-04  1.4702e-04  1.1097e-04  4.7780e-05  0.0000e+00              3.7503e-05  7.6992e-05

                                                            J =  2

           1           2           3           4           5           6           7           8           9          10
  5  1.9141e-04  1.9805e-04  2.0780e-04  2.2343e-04  2.4818e-04  2.8384e-04  3.2304e-04  3.2691e-04  2.9812e-04  2.7863e-04
  4  1.9066e-04  1.9561e-04  2.0322e-04  2.1630e-04  2.3965e-04  2.8108e-04  3.5065e-04  3.5241e-04  2.9086e-04  2.6339e-04
  3  1.8868e-04  1.8904e-04  1.9006e-04  1.9315e-04  2.0288e-04  2.3433e-04  4.8422e-04  4.7684e-04  2.3036e-04  2.0524e-04
  2  1.8647e-04  1.8146e-04  1.7364e-04  1.5961e-04  1.3218e-04  7.3067e-05  0.0000e+00              6.5251e-05  1.0784e-04
  1  1.8554e-04  1.7828e-04  1.6694e-04  1.4702e-04  1.1097e-04  4.7780e-05  0.0000e+00              3.7503e-05  7.6992e-05



                         Y-direction - interstitial pore velocity between Y(J) and Y(J+1) (m /s  )

                    Vertical Slices

                                                            J =  1

           1           2           3           4           5           6           7           8           9          10
  5  0.0000e+00  0.0000e+00  0.0000e+00  0.0000e+00  4.1403e-20  0.0000e+00  0.0000e+00  0.0000e+00  0.0000e+00  0.0000e+00
  4  0.0000e+00  0.0000e+00  0.0000e+00  0.0000e+00  0.0000e+00  0.0000e+00  0.0000e+00  0.0000e+00  0.0000e+00  0.0000e+00
  3  0.0000e+00  0.0000e+00  0.0000e+00  0.0000e+00  0.0000e+00  0.0000e+00  0.0000e+00  0.0000e+00  0.0000e+00  0.0000e+00
  2  0.0000e+00  0.0000e+00  0.0000e+00  0.0000e+00  0.0000e+00  0.0000e+00  0.0000e+00              0.0000e+00  0.0000e+00
  1  0.0000e+00  0.0000e+00  0.0000e+00  0.0000e+00  0.0000e+00  0.0000e+00  0.0000e+00              0.0000e+00  0.0000e+00



          11
  5  0.0000e+00
  4  0.0000e+00
  3  0.0000e+00
  2  0.0000e+00
  1  0.0000e+00



                         Z-direction - interstitial pore velocity between Z(K) and Z(K+1) (m /s  )

                    Vertical Slices

                                                            J =  1

           1           2           3           4           5           6           7           8           9          10
  4  3.5475e-06  4.1492e-06  6.0969e-06  9.7670e-06  1.5468e-05  2.2289e-05  2.4501e-05  2.4141e-06 -1.7991e-05 -1.2185e-05
  3  8.7625e-06  1.0344e-05  1.5600e-05  2.6128e-05  4.4654e-05  7.4071e-05  1.1147e-04  4.6143e-06 -9.4927e-05 -4.6522e-05
  2  9.0344e-06  1.0799e-05  1.6863e-05  2.9992e-05  5.6820e-05  1.1338e-04  2.4239e-04             -2.1001e-04 -7.7919e-05
  1  3.7904e-06  4.5381e-06  7.0873e-06  1.2452e-05  2.2528e-05  3.9494e-05  5.9724e-05             -4.6879e-05 -2.4680e-05



          11
  4  6.2104e-19
  3  6.2104e-19
  2  5.9206e-18
  1 -4.6785e-18

                                                            J =  2

           1           2           3           4           5           6           7           8           9          10
  4  3.5475e-06  4.1492e-06  6.0969e-06  9.7670e-06  1.5468e-05  2.2289e-05  2.4501e-05  2.4141e-06 -1.7991e-05 -1.2185e-05
  3  8.7625e-06  1.0344e-05  1.5600e-05  2.6128e-05  4.4654e-05  7.4071e-05  1.1147e-04  4.6143e-06 -9.4927e-05 -4.6522e-05
  2  9.0344e-06  1.0799e-05  1.6863e-05  2.9992e-05  5.6820e-05  1.1338e-04  2.4239e-04             -2.1001e-04 -7.7919e-05
  1  3.7904e-06  4.5381e-06  7.0873e-06  1.2452e-05  2.2528e-05  3.9494e-05  5.9724e-05             -4.6879e-05 -2.4680e-05



          11
  4  6.2104e-19
  3  6.2104e-19
  2  5.9206e-18
  1 -4.6785e-18



                         X-direction - interstitial pore velocity at nodes (m /s  )

                    Vertical Slices

                                                            J =  1

           1           2           3           4           5           6           7           8           9          10
  5  1.8857e-04  1.9473e-04  2.0293e-04  2.1562e-04  2.3580e-04  2.6601e-04  3.0344e-04  3.2498e-04  3.1251e-04  2.8837e-04
  4  1.8857e-04  1.9314e-04  1.9941e-04  2.0976e-04  2.2798e-04  2.6037e-04  3.1587e-04  3.5153e-04  3.2164e-04  2.7713e-04
  3  1.8857e-04  1.8886e-04  1.8955e-04  1.9160e-04  1.9801e-04  2.1861e-04  0.0000e+00  4.8053e-04  0.0000e+00  2.1780e-04
  2  1.8857e-04  1.8397e-04  1.7755e-04  1.6663e-04  1.4589e-04  1.0262e-04  0.0000e+00              0.0000e+00  8.6546e-05
  1  1.8857e-04  1.8191e-04  1.7261e-04  1.5698e-04  1.2899e-04  7.9375e-05  0.0000e+00              0.0000e+00  5.7247e-05



          11
  5  2.7863e-04
  4  2.6339e-04
  3  2.0524e-04
  2  1.0784e-04
  1  7.6992e-05

                                                            J =  2

           1           2           3           4           5           6           7           8           9          10
  5  1.8857e-04  1.9473e-04  2.0293e-04  2.1562e-04  2.3580e-04  2.6601e-04  3.0344e-04  3.2498e-04  3.1251e-04  2.8837e-04
  4  1.8857e-04  1.9314e-04  1.9941e-04  2.0976e-04  2.2798e-04  2.6037e-04  3.1587e-04  3.5153e-04  3.2164e-04  2.7713e-04
  3  1.8857e-04  1.8886e-04  1.8955e-04  1.9160e-04  1.9801e-04  2.1861e-04  0.0000e+00  4.8053e-04  0.0000e+00  2.1780e-04
  2  1.8857e-04  1.8397e-04  1.7755e-04  1.6663e-04  1.4589e-04  1.0262e-04  0.0000e+00              0.0000e+00  8.6546e-05
  1  1.8857e-04  1.8191e-04  1.7261e-04  1.5698e-04  1.2899e-04  7.9375e-05  0.0000e+00              0.0000e+00  5.7247e-05



          11
  5  2.7863e-04
  4  2.6339e-04
  3  2.0524e-04
  2  1.0784e-04
  1  7.6992e-05



                         Y-direction - interstitial pore velocity at nodes (m /s  )

                    Vertical Slices

                                                            J =  1

           1           2           3           4           5           6           7           8           9          10
  5  0.0000e+00  0.0000e+00  0.0000e+00  0.0000e+00  0.0000e+00  0.0000e+00  0.0000e+00  0.0000e+00  0.0000e+00  0.0000e+00
  4  0.0000e+00  0.0000e+00  0.0000e+00  0.0000e+00  0.0000e+00  0.0000e+00  0.0000e+00  0.0000e+00  0.0000e+00  0.0000e+00
  3  0.0000e+00  0.0000e+00  0.0000e+00  0.0000e+00  0.0000e+00  0.0000e+00  0.0000e+00  0.0000e+00  0.0000e+00  0.0000e+00
  2  0.0000e+00  0.0000e+00  0.0000e+00  0.0000e+00  0.0000e+00  0.0000e+00  0.0000e+00              0.0000e+00  0.0000e+00
  1  0.0000e+00  0.0000e+00  0.0000e+00  0.0000e+00  0.0000e+00  0.0000e+00  0.0000e+00              0.0000e+00  0.0000e+00



          11
  5  0.0000e+00
  4  0.0000e+00
  3  0.0000e+00
  2  0.0000e+00
  1  0.0000e+00

                                                            J =  2

           1           2           3           4           5           6           7           8           9          10
  5  0.0000e+00  0.0000e+00  0.0000e+00  0.0000e+00  0.0000e+00  0.0000e+00  0.0000e+00  0.0000e+00  0.0000e+00  0.0000e+00
  4  0.0000e+00  0.0000e+00  0.0000e+00  0.0000e+00  0.0000e+00  0.0000e+00  0.0000e+00  0.0000e+00  0.0000e+00  0.0000e+00
  3  0.0000e+00  0.0000e+00  0.0000e+00  0.0000e+00  0.0000e+00  0.0000e+00  0.0000e+00  0.0000e+00  0.0000e+00  0.0000e+00
  2  0.0000e+00  0.0000e+00  0.0000e+00  0.0000e+00  0.0000e+00  0.0000e+00  0.0000e+00              0.0000e+00  0.0000e+00
  1  0.0000e+00  0.0000e+00  0.0000e+00  0.0000e+00  0.0000e+00  0.0000e+00  0.0000e+00              0.0000e+00  0.0000e+00



          11
  5  0.0000e+00
  4  0.0000e+00
  3  0.0000e+00
  2  0.0000e+00
  1  0.0000e+00



                         Z-direction - interstitial pore velocity at nodes (m /s  )

                    Vertical Slices

                                                            J =  1

           1           2           3           4           5           6           7           8           9          10
  5  0.0000e+00  0.0000e+00  0.0000e+00  0.0000e+00  0.0000e+00  0.0000e+00  0.0000e+00  0.0000e+00  0.0000e+00  0.0000e+00
  4  6.1550e-06  7.2467e-06  1.0848e-05  1.7947e-05  3.0061e-05  4.8180e-05  6.7985e-05  3.5142e-06 -5.6459e-05 -2.9354e-05
  3  8.8984e-06  1.0572e-05  1.6231e-05  2.8060e-05  5.0737e-05  9.3727e-05  0.0000e+00  0.0000e+00  0.0000e+00 -6.2221e-05
  2  6.4124e-06  7.6688e-06  1.1975e-05  2.1222e-05  3.9674e-05  7.6438e-05  1.5106e-04             -1.2844e-04 -5.1300e-05
  1  0.0000e+00  0.0000e+00  0.0000e+00  0.0000e+00  0.0000e+00  0.0000e+00  0.0000e+00              0.0000e+00  0.0000e+00



          11
  5  6.2104e-19
  4  6.2104e-19
  3  3.2708e-18
  2  6.2104e-19
  1 -4.6785e-18

                                                            J =  2

           1           2           3           4           5           6           7           8           9          10
  5  0.0000e+00  0.0000e+00  0.0000e+00  0.0000e+00  0.0000e+00  0.0000e+00  0.0000e+00  0.0000e+00  0.0000e+00  0.0000e+00
  4  6.1550e-06  7.2467e-06  1.0848e-05  1.7947e-05  3.0061e-05  4.8180e-05  6.7985e-05  3.5142e-06 -5.6459e-05 -2.9354e-05
  3  8.8984e-06  1.0572e-05  1.6231e-05  2.8060e-05  5.0737e-05  9.3727e-05  0.0000e+00  0.0000e+00  0.0000e+00 -6.2221e-05
  2  6.4124e-06  7.6688e-06  1.1975e-05  2.1222e-05  3.9674e-05  7.6438e-05  1.5106e-04             -1.2844e-04 -5.1300e-05
  1  0.0000e+00  0.0000e+00  0.0000e+00  0.0000e+00  0.0000e+00  0.0000e+00  0.0000e+00              0.0000e+00  0.0000e+00



          11
  5  6.2104e-19
  4  6.2104e-19
  3  3.2708e-18
  2  6.2104e-19
  1 -4.6785e-18




                                       ***** Simulation Completed *****
               Last time value calculated ...................................... 0.0000e+00 (s)
               Last time step index ............................................       0
