  0.000000000000E+00  0.000000000000E+00  0.000000000000E+00  0.330551244920E+03
  0.600000000000E+04  0.000000000000E+00  0.000000000000E+00  0.330902522661E+03
  0.120000000000E+05  0.000000000000E+00  0.000000000000E+00  0.331964667047E+03
  0.180000000000E+05  0.000000000000E+00  0.000000000000E+00  0.333741036807E+03
  0.240000000000E+05  0.000000000000E+00  0.000000000000E+00  0.336098365435E+03
  0.300000000000E+05  0.000000000000E+00  0.000000000000E+00  0.338075987285E+03
  0.360000000000E+05  0.000000000000E+00  0.000000000000E+00  0.334615125075E+03
  0.420000000000E+05  0.000000000000E+00  0.000000000000E+00  0.323763311866E+03
  0.480000000000E+05  0.000000000000E+00  0.000000000000E+00  0.320273351431E+03
  0.000000000000E+00  0.600000000000E+04  0.000000000000E+00  0.333353763477E+03
  0.600000000000E+04  0.600000000000E+04  0.000000000000E+00  0.333804662756E+03
  0.120000000000E+05  0.600000000000E+04  0.000000000000E+00  0.335178581831E+03
  0.180000000000E+05  0.600000000000E+04  0.000000000000E+00  0.337543152277E+03
  0.240000000000E+05  0.600000000000E+04  0.000000000000E+00  0.341034712661E+03
  0.300000000000E+05  0.600000000000E+04  0.000000000000E+00  0.345593075986E+03
  0.360000000000E+05  0.600000000000E+04  0.000000000000E+00  0.342391469456E+03
  0.420000000000E+05  0.600000000000E+04  0.000000000000E+00  0.329401052211E+03
  0.480000000000E+05  0.600000000000E+04  0.000000000000E+00  0.338501343216E+03
  0.000000000000E+00  0.120000000000E+05  0.000000000000E+00  0.335236630538E+03
  0.600000000000E+04  0.120000000000E+05  0.000000000000E+00  0.335762097269E+03
  0.120000000000E+05  0.120000000000E+05  0.000000000000E+00  0.337367136490E+03
  0.180000000000E+05  0.120000000000E+05  0.000000000000E+00  0.340139274242E+03
  0.240000000000E+05  0.120000000000E+05  0.000000000000E+00  0.344250425669E+03
  0.300000000000E+05  0.120000000000E+05  0.000000000000E+00  0.349844222104E+03
  0.360000000000E+05  0.120000000000E+05  0.000000000000E+00  0.349686416237E+03
  0.420000000000E+05  0.120000000000E+05  0.000000000000E+00  0.337755937870E+03
  0.480000000000E+05  0.120000000000E+05  0.000000000000E+00  0.352914634378E+03
  0.000000000000E+00  0.180000000000E+05  0.000000000000E+00  0.336060752048E+03
  0.600000000000E+04  0.180000000000E+05  0.000000000000E+00  0.336628130488E+03
  0.120000000000E+05  0.180000000000E+05  0.000000000000E+00  0.338363314711E+03
  0.180000000000E+05  0.180000000000E+05  0.000000000000E+00  0.341329038435E+03
  0.240000000000E+05  0.180000000000E+05  0.000000000000E+00  0.345399192679E+03
  0.300000000000E+05  0.180000000000E+05  0.000000000000E+00  0.349659443864E+03
  0.360000000000E+05  0.180000000000E+05  0.000000000000E+00  0.359053392471E+03
  0.420000000000E+05  0.180000000000E+05  0.000000000000E+00  0.361168471242E+03
  0.480000000000E+05  0.180000000000E+05  0.000000000000E+00  0.367393518469E+03
  0.000000000000E+00  0.240000000000E+05  0.000000000000E+00  0.335747193040E+03
  0.600000000000E+04  0.240000000000E+05  0.000000000000E+00  0.336319302588E+03
  0.120000000000E+05  0.240000000000E+05  0.000000000000E+00  0.338109558205E+03
  0.180000000000E+05  0.240000000000E+05  0.000000000000E+00  0.341394192029E+03
  0.240000000000E+05  0.240000000000E+05  0.000000000000E+00  0.346881725934E+03
  0.300000000000E+05  0.240000000000E+05  0.000000000000E+00  0.356136408489E+03
  0.360000000000E+05  0.240000000000E+05  0.000000000000E+00  0.364924669465E+03
  0.420000000000E+05  0.240000000000E+05  0.000000000000E+00  0.370028229803E+03
  0.480000000000E+05  0.240000000000E+05  0.000000000000E+00  0.373419773205E+03
  0.000000000000E+00  0.300000000000E+05  0.000000000000E+00  0.334284276423E+03
  0.600000000000E+04  0.300000000000E+05  0.000000000000E+00  0.334782445024E+03
  0.120000000000E+05  0.300000000000E+05  0.000000000000E+00  0.336333934023E+03
  0.180000000000E+05  0.300000000000E+05  0.000000000000E+00  0.339171224174E+03
  0.240000000000E+05  0.300000000000E+05  0.000000000000E+00  0.343988299466E+03
  0.300000000000E+05  0.300000000000E+05  0.000000000000E+00  0.352654615658E+03
  0.360000000000E+05  0.300000000000E+05  0.000000000000E+00  0.362966370934E+03
  0.420000000000E+05  0.300000000000E+05  0.000000000000E+00  0.369253247860E+03
  0.480000000000E+05  0.300000000000E+05  0.000000000000E+00  0.371787253301E+03
  0.000000000000E+00  0.360000000000E+05  0.000000000000E+00  0.331811284069E+03
  0.600000000000E+04  0.360000000000E+05  0.000000000000E+00  0.332173811798E+03
  0.120000000000E+05  0.360000000000E+05  0.000000000000E+00  0.333236033298E+03
  0.180000000000E+05  0.360000000000E+05  0.000000000000E+00  0.334868517730E+03
  0.240000000000E+05  0.360000000000E+05  0.000000000000E+00  0.336573715985E+03
  0.300000000000E+05  0.360000000000E+05  0.000000000000E+00  0.337269253811E+03
  0.360000000000E+05  0.360000000000E+05  0.000000000000E+00  0.353351836996E+03
  0.420000000000E+05  0.360000000000E+05  0.000000000000E+00  0.360851378480E+03
  0.480000000000E+05  0.360000000000E+05  0.000000000000E+00  0.363451697303E+03
  0.000000000000E+00  0.420000000000E+05  0.000000000000E+00  0.328587616967E+03
  0.600000000000E+04  0.420000000000E+05  0.000000000000E+00  0.328836219911E+03
  0.120000000000E+05  0.420000000000E+05  0.000000000000E+00  0.329527808993E+03
  0.180000000000E+05  0.420000000000E+05  0.000000000000E+00  0.330468783248E+03
  0.240000000000E+05  0.420000000000E+05  0.000000000000E+00  0.331255029949E+03
  0.300000000000E+05  0.420000000000E+05  0.000000000000E+00  0.331718039687E+03
  0.360000000000E+05  0.420000000000E+05  0.000000000000E+00  0.341367203799E+03
  0.420000000000E+05  0.420000000000E+05  0.000000000000E+00  0.345209754149E+03
  0.480000000000E+05  0.420000000000E+05  0.000000000000E+00  0.345839789433E+03
  0.000000000000E+00  0.480000000000E+05  0.000000000000E+00  0.324829359894E+03
  0.600000000000E+04  0.480000000000E+05  0.000000000000E+00  0.325015792176E+03
  0.120000000000E+05  0.480000000000E+05  0.000000000000E+00  0.325523544894E+03
  0.180000000000E+05  0.480000000000E+05  0.000000000000E+00  0.326183380732E+03
  0.240000000000E+05  0.480000000000E+05  0.000000000000E+00  0.326701374407E+03
  0.300000000000E+05  0.480000000000E+05  0.000000000000E+00  0.327066166957E+03
  0.360000000000E+05  0.480000000000E+05  0.000000000000E+00  0.325331815298E+03
  0.420000000000E+05  0.480000000000E+05  0.000000000000E+00  0.322440475745E+03
  0.480000000000E+05  0.480000000000E+05  0.000000000000E+00  0.318063334197E+03
  0.000000000000E+00  0.000000000000E+00  0.100000000000E+03  0.330551566509E+03
  0.600000000000E+04  0.000000000000E+00  0.100000000000E+03  0.330902888866E+03
  0.120000000000E+05  0.000000000000E+00  0.100000000000E+03  0.331965177398E+03
  0.180000000000E+05  0.000000000000E+00  0.100000000000E+03  0.333741862255E+03
  0.240000000000E+05  0.000000000000E+00  0.100000000000E+03  0.336100671429E+03
  0.300000000000E+05  0.000000000000E+00  0.100000000000E+03  0.338093346994E+03
  0.360000000000E+05  0.000000000000E+00  0.100000000000E+03  0.334623560315E+03
  0.420000000000E+05  0.000000000000E+00  0.100000000000E+03  0.323504460012E+03
  0.480000000000E+05  0.000000000000E+00  0.100000000000E+03  0.319670074981E+03
  0.540000000000E+05  0.000000000000E+00  0.100000000000E+03  0.313765328407E+03
  0.600000000000E+05  0.000000000000E+00  0.100000000000E+03  0.308277969327E+03
  0.660000000000E+05  0.000000000000E+00  0.100000000000E+03  0.302518323492E+03
  0.720000000000E+05  0.000000000000E+00  0.100000000000E+03  0.296618769624E+03
  0.780000000000E+05  0.000000000000E+00  0.100000000000E+03  0.290651081751E+03
  0.840000000000E+05  0.000000000000E+00  0.100000000000E+03  0.284801840947E+03
  0.900000000000E+05  0.000000000000E+00  0.100000000000E+03  0.280869396678E+03
  0.000000000000E+00  0.600000000000E+04  0.100000000000E+03  0.333354011435E+03
  0.600000000000E+04  0.600000000000E+04  0.100000000000E+03  0.333804963947E+03
  0.120000000000E+05  0.600000000000E+04  0.100000000000E+03  0.335179063897E+03
  0.180000000000E+05  0.600000000000E+04  0.100000000000E+03  0.337544249549E+03
  0.240000000000E+05  0.600000000000E+04  0.100000000000E+03  0.341043793651E+03
  0.300000000000E+05  0.600000000000E+04  0.100000000000E+03  0.345746213659E+03
  0.360000000000E+05  0.600000000000E+04  0.100000000000E+03  0.342534111239E+03
  0.420000000000E+05  0.600000000000E+04  0.100000000000E+03  0.329056498690E+03
  0.480000000000E+05  0.600000000000E+04  0.100000000000E+03  0.338807111030E+03
  0.540000000000E+05  0.600000000000E+04  0.100000000000E+03  0.343318478573E+03
  0.600000000000E+05  0.600000000000E+04  0.100000000000E+03  0.341736843444E+03
  0.660000000000E+05  0.600000000000E+04  0.100000000000E+03  0.337173095172E+03
  0.720000000000E+05  0.600000000000E+04  0.100000000000E+03  0.331256221701E+03
  0.780000000000E+05  0.600000000000E+04  0.100000000000E+03  0.324616560560E+03
  0.840000000000E+05  0.600000000000E+04  0.100000000000E+03  0.318350368138E+03
  0.900000000000E+05  0.600000000000E+04  0.100000000000E+03  0.315739717348E+03
  0.000000000000E+00  0.120000000000E+05  0.100000000000E+03  0.335236739039E+03
  0.600000000000E+04  0.120000000000E+05  0.100000000000E+03  0.335762261558E+03
  0.120000000000E+05  0.120000000000E+05  0.100000000000E+03  0.337367487572E+03
  0.180000000000E+05  0.120000000000E+05  0.100000000000E+03  0.340140209577E+03
  0.240000000000E+05  0.120000000000E+05  0.100000000000E+03  0.344258540961E+03
  0.300000000000E+05  0.120000000000E+05  0.100000000000E+03  0.349985715530E+03
  0.360000000000E+05  0.120000000000E+05  0.100000000000E+03  0.349821147391E+03
  0.420000000000E+05  0.120000000000E+05  0.100000000000E+03  0.337170565334E+03
  0.480000000000E+05  0.120000000000E+05  0.100000000000E+03  0.353334798269E+03
  0.540000000000E+05  0.120000000000E+05  0.100000000000E+03  0.361183675417E+03
  0.600000000000E+05  0.120000000000E+05  0.100000000000E+03  0.359974529240E+03
  0.660000000000E+05  0.120000000000E+05  0.100000000000E+03  0.354214505721E+03
  0.720000000000E+05  0.120000000000E+05  0.100000000000E+03  0.346933153049E+03
  0.780000000000E+05  0.120000000000E+05  0.100000000000E+03  0.338029297788E+03
  0.840000000000E+05  0.120000000000E+05  0.100000000000E+03  0.327728823280E+03
  0.900000000000E+05  0.120000000000E+05  0.100000000000E+03  0.324564661197E+03
  0.000000000000E+00  0.180000000000E+05  0.100000000000E+03  0.336060792655E+03
  0.600000000000E+04  0.180000000000E+05  0.100000000000E+03  0.336628228479E+03
  0.120000000000E+05  0.180000000000E+05  0.100000000000E+03  0.338363584089E+03
  0.180000000000E+05  0.180000000000E+05  0.100000000000E+03  0.341329318714E+03
  0.240000000000E+05  0.180000000000E+05  0.100000000000E+03  0.345391916801E+03
  0.300000000000E+05  0.180000000000E+05  0.100000000000E+03  0.349495618304E+03
  0.360000000000E+05  0.180000000000E+05  0.100000000000E+03  0.359203039264E+03
  0.420000000000E+05  0.180000000000E+05  0.100000000000E+03  0.361313510219E+03
  0.480000000000E+05  0.180000000000E+05  0.100000000000E+03  0.367683834078E+03
  0.540000000000E+05  0.180000000000E+05  0.100000000000E+03  0.370583327779E+03
  0.600000000000E+05  0.180000000000E+05  0.100000000000E+03  0.365572497694E+03
  0.660000000000E+05  0.180000000000E+05  0.100000000000E+03  0.355344232626E+03
  0.720000000000E+05  0.180000000000E+05  0.100000000000E+03  0.346615306972E+03
  0.780000000000E+05  0.180000000000E+05  0.100000000000E+03  0.334528284818E+03
  0.840000000000E+05  0.180000000000E+05  0.100000000000E+03  0.311839392801E+03
  0.900000000000E+05  0.180000000000E+05  0.100000000000E+03  0.308590612908E+03
  0.000000000000E+00  0.240000000000E+05  0.100000000000E+03  0.335747264408E+03
  0.600000000000E+04  0.240000000000E+05  0.100000000000E+03  0.336319439860E+03
  0.120000000000E+05  0.240000000000E+05  0.100000000000E+03  0.338109940004E+03
  0.180000000000E+05  0.240000000000E+05  0.100000000000E+03  0.341395375659E+03
  0.240000000000E+05  0.240000000000E+05  0.100000000000E+03  0.346890181643E+03
  0.300000000000E+05  0.240000000000E+05  0.100000000000E+03  0.356281202642E+03
  0.360000000000E+05  0.240000000000E+05  0.100000000000E+03  0.365084589967E+03
  0.420000000000E+05  0.240000000000E+05  0.100000000000E+03  0.370185823657E+03
  0.480000000000E+05  0.240000000000E+05  0.100000000000E+03  0.373620354614E+03
  0.540000000000E+05  0.240000000000E+05  0.100000000000E+03  0.372005708328E+03
  0.600000000000E+05  0.240000000000E+05  0.100000000000E+03  0.360343067882E+03
  0.660000000000E+05  0.240000000000E+05  0.100000000000E+03  0.338646775151E+03
  0.720000000000E+05  0.240000000000E+05  0.100000000000E+03  0.332799144705E+03
  0.780000000000E+05  0.240000000000E+05  0.100000000000E+03  0.324391336420E+03
  0.840000000000E+05  0.240000000000E+05  0.100000000000E+03  0.315351526951E+03
  0.900000000000E+05  0.240000000000E+05  0.100000000000E+03  0.311107503608E+03
  0.000000000000E+00  0.300000000000E+05  0.100000000000E+03  0.334284467236E+03
  0.600000000000E+04  0.300000000000E+05  0.100000000000E+03  0.334782701348E+03
  0.120000000000E+05  0.300000000000E+05  0.100000000000E+03  0.336334440626E+03
  0.180000000000E+05  0.300000000000E+05  0.100000000000E+03  0.339172612416E+03
  0.240000000000E+05  0.300000000000E+05  0.100000000000E+03  0.343997631634E+03
  0.300000000000E+05  0.300000000000E+05  0.100000000000E+03  0.352797089685E+03
  0.360000000000E+05  0.300000000000E+05  0.100000000000E+03  0.363128608625E+03
  0.420000000000E+05  0.300000000000E+05  0.100000000000E+03  0.369411300067E+03
  0.480000000000E+05  0.300000000000E+05  0.100000000000E+03  0.371950740064E+03
  0.540000000000E+05  0.300000000000E+05  0.100000000000E+03  0.367700059602E+03
  0.600000000000E+05  0.300000000000E+05  0.100000000000E+03  0.349244508097E+03
  0.660000000000E+05  0.300000000000E+05  0.100000000000E+03  0.341413071364E+03
  0.720000000000E+05  0.300000000000E+05  0.100000000000E+03  0.336914898950E+03
  0.780000000000E+05  0.300000000000E+05  0.100000000000E+03  0.339287086867E+03
  0.840000000000E+05  0.300000000000E+05  0.100000000000E+03  0.337230365375E+03
  0.900000000000E+05  0.300000000000E+05  0.100000000000E+03  0.335865127164E+03
  0.000000000000E+00  0.360000000000E+05  0.100000000000E+03  0.331811639893E+03
  0.600000000000E+04  0.360000000000E+05  0.100000000000E+03  0.332174218255E+03
  0.120000000000E+05  0.360000000000E+05  0.100000000000E+03  0.333236589696E+03
  0.180000000000E+05  0.360000000000E+05  0.100000000000E+03  0.334868855427E+03
  0.240000000000E+05  0.360000000000E+05  0.100000000000E+03  0.336558629360E+03
  0.300000000000E+05  0.360000000000E+05  0.100000000000E+03  0.336918959463E+03
  0.360000000000E+05  0.360000000000E+05  0.100000000000E+03  0.353503963954E+03
  0.420000000000E+05  0.360000000000E+05  0.100000000000E+03  0.361019975391E+03
  0.480000000000E+05  0.360000000000E+05  0.100000000000E+03  0.363652766602E+03
  0.540000000000E+05  0.360000000000E+05  0.100000000000E+03  0.361508462654E+03
  0.600000000000E+05  0.360000000000E+05  0.100000000000E+03  0.353416040131E+03
  0.660000000000E+05  0.360000000000E+05  0.100000000000E+03  0.347421605954E+03
  0.720000000000E+05  0.360000000000E+05  0.100000000000E+03  0.343565287340E+03
  0.780000000000E+05  0.360000000000E+05  0.100000000000E+03  0.342274897043E+03
  0.840000000000E+05  0.360000000000E+05  0.100000000000E+03  0.340710387839E+03
  0.900000000000E+05  0.360000000000E+05  0.100000000000E+03  0.339914054690E+03
  0.000000000000E+00  0.420000000000E+05  0.100000000000E+03  0.328588136190E+03
  0.600000000000E+04  0.420000000000E+05  0.100000000000E+03  0.328836773379E+03
  0.120000000000E+05  0.420000000000E+05  0.100000000000E+03  0.329528456974E+03
  0.180000000000E+05  0.420000000000E+05  0.100000000000E+03  0.330469344298E+03
  0.240000000000E+05  0.420000000000E+05  0.100000000000E+03  0.331248893928E+03
  0.300000000000E+05  0.420000000000E+05  0.100000000000E+03  0.331577963356E+03
  0.360000000000E+05  0.420000000000E+05  0.100000000000E+03  0.341504111702E+03
  0.420000000000E+05  0.420000000000E+05  0.100000000000E+03  0.345353367609E+03
  0.480000000000E+05  0.420000000000E+05  0.100000000000E+03  0.345998464682E+03
  0.540000000000E+05  0.420000000000E+05  0.100000000000E+03  0.343976830009E+03
  0.600000000000E+05  0.420000000000E+05  0.100000000000E+03  0.339226789310E+03
  0.660000000000E+05  0.420000000000E+05  0.100000000000E+03  0.334546806718E+03
  0.720000000000E+05  0.420000000000E+05  0.100000000000E+03  0.330688276378E+03
  0.780000000000E+05  0.420000000000E+05  0.100000000000E+03  0.327861968235E+03
  0.840000000000E+05  0.420000000000E+05  0.100000000000E+03  0.325539895209E+03
  0.900000000000E+05  0.420000000000E+05  0.100000000000E+03  0.324392241931E+03
  0.000000000000E+00  0.480000000000E+05  0.100000000000E+03  0.324829948300E+03
  0.600000000000E+04  0.480000000000E+05  0.100000000000E+03  0.325016405245E+03
  0.120000000000E+05  0.480000000000E+05  0.100000000000E+03  0.325524222764E+03
  0.180000000000E+05  0.480000000000E+05  0.100000000000E+03  0.326183997252E+03
  0.240000000000E+05  0.480000000000E+05  0.100000000000E+03  0.326697574960E+03
  0.300000000000E+05  0.480000000000E+05  0.100000000000E+03  0.326966103051E+03
  0.360000000000E+05  0.480000000000E+05  0.100000000000E+03  0.324902457115E+03
  0.420000000000E+05  0.480000000000E+05  0.100000000000E+03  0.321828631928E+03
  0.480000000000E+05  0.480000000000E+05  0.100000000000E+03  0.317170178731E+03
  0.540000000000E+05  0.480000000000E+05  0.100000000000E+03  0.311251515221E+03
  0.600000000000E+05  0.480000000000E+05  0.100000000000E+03  0.306607960676E+03
  0.660000000000E+05  0.480000000000E+05  0.100000000000E+03  0.302016593453E+03
  0.720000000000E+05  0.480000000000E+05  0.100000000000E+03  0.297507926470E+03
  0.780000000000E+05  0.480000000000E+05  0.100000000000E+03  0.293103255649E+03
  0.840000000000E+05  0.480000000000E+05  0.100000000000E+03  0.288810347324E+03
  0.900000000000E+05  0.480000000000E+05  0.100000000000E+03  0.285844776514E+03
  0.000000000000E+00  0.000000000000E+00  0.200000000000E+03  0.330552538245E+03
  0.600000000000E+04  0.000000000000E+00  0.200000000000E+03  0.330903994432E+03
  0.120000000000E+05  0.000000000000E+00  0.200000000000E+03  0.331966713780E+03
  0.180000000000E+05  0.000000000000E+00  0.200000000000E+03  0.333744304882E+03
  0.240000000000E+05  0.000000000000E+00  0.200000000000E+03  0.336106874424E+03
  0.300000000000E+05  0.000000000000E+00  0.200000000000E+03  0.338138838289E+03
  0.360000000000E+05  0.000000000000E+00  0.200000000000E+03  0.334648727443E+03
  0.420000000000E+05  0.000000000000E+00  0.200000000000E+03  0.322734808363E+03
  0.480000000000E+05  0.000000000000E+00  0.200000000000E+03  0.318546559927E+03
  0.540000000000E+05  0.000000000000E+00  0.200000000000E+03  0.312938610521E+03
  0.600000000000E+05  0.000000000000E+00  0.200000000000E+03  0.307352337917E+03
  0.660000000000E+05  0.000000000000E+00  0.200000000000E+03  0.301557634112E+03
  0.720000000000E+05  0.000000000000E+00  0.200000000000E+03  0.295657564483E+03
  0.780000000000E+05  0.000000000000E+00  0.200000000000E+03  0.289705951131E+03
  0.840000000000E+05  0.000000000000E+00  0.200000000000E+03  0.283843315239E+03
  0.900000000000E+05  0.000000000000E+00  0.200000000000E+03  0.279791542096E+03
  0.000000000000E+00  0.600000000000E+04  0.200000000000E+03  0.333354754178E+03
  0.600000000000E+04  0.600000000000E+04  0.200000000000E+03  0.333805865973E+03
  0.120000000000E+05  0.600000000000E+04  0.200000000000E+03  0.335180500883E+03
  0.180000000000E+05  0.600000000000E+04  0.200000000000E+03  0.337547348733E+03
  0.240000000000E+05  0.600000000000E+04  0.200000000000E+03  0.341067471835E+03
  0.300000000000E+05  0.600000000000E+04  0.200000000000E+03  0.346214014865E+03
  0.360000000000E+05  0.600000000000E+04  0.200000000000E+03  0.342979225935E+03
  0.420000000000E+05  0.600000000000E+04  0.200000000000E+03  0.327995549255E+03
  0.480000000000E+05  0.600000000000E+04  0.200000000000E+03  0.339264215498E+03
  0.540000000000E+05  0.600000000000E+04  0.200000000000E+03  0.343565436295E+03
  0.600000000000E+05  0.600000000000E+04  0.200000000000E+03  0.341989667076E+03
  0.660000000000E+05  0.600000000000E+04  0.200000000000E+03  0.337436518593E+03
  0.720000000000E+05  0.600000000000E+04  0.200000000000E+03  0.331529600984E+03
  0.780000000000E+05  0.600000000000E+04  0.200000000000E+03  0.324896828239E+03
  0.840000000000E+05  0.600000000000E+04  0.200000000000E+03  0.318635292171E+03
  0.900000000000E+05  0.600000000000E+04  0.200000000000E+03  0.316028940615E+03
  0.000000000000E+00  0.120000000000E+05  0.200000000000E+03  0.335237059456E+03
  0.600000000000E+04  0.120000000000E+05  0.200000000000E+03  0.335762748824E+03
  0.120000000000E+05  0.120000000000E+05  0.200000000000E+03  0.337368528408E+03
  0.180000000000E+05  0.120000000000E+05  0.200000000000E+03  0.340142846064E+03
  0.240000000000E+05  0.120000000000E+05  0.200000000000E+03  0.344279782038E+03
  0.300000000000E+05  0.120000000000E+05  0.200000000000E+03  0.350422246228E+03
  0.360000000000E+05  0.120000000000E+05  0.200000000000E+03  0.350244521827E+03
  0.420000000000E+05  0.120000000000E+05  0.200000000000E+03  0.335339534653E+03
  0.480000000000E+05  0.120000000000E+05  0.200000000000E+03  0.353888596406E+03
  0.540000000000E+05  0.120000000000E+05  0.200000000000E+03  0.361427058303E+03
  0.600000000000E+05  0.120000000000E+05  0.200000000000E+03  0.360213287499E+03
  0.660000000000E+05  0.120000000000E+05  0.200000000000E+03  0.354456630898E+03
  0.720000000000E+05  0.120000000000E+05  0.200000000000E+03  0.347177837494E+03
  0.780000000000E+05  0.120000000000E+05  0.200000000000E+03  0.338283608475E+03
  0.840000000000E+05  0.120000000000E+05  0.200000000000E+03  0.327980650686E+03
  0.900000000000E+05  0.120000000000E+05  0.200000000000E+03  0.324821198253E+03
  0.000000000000E+00  0.180000000000E+05  0.200000000000E+03  0.336060908544E+03
  0.600000000000E+04  0.180000000000E+05  0.200000000000E+03  0.336628516352E+03
  0.120000000000E+05  0.180000000000E+05  0.200000000000E+03  0.338364391289E+03
  0.180000000000E+05  0.180000000000E+05  0.200000000000E+03  0.341330326457E+03
  0.240000000000E+05  0.180000000000E+05  0.200000000000E+03  0.345373363356E+03
  0.300000000000E+05  0.180000000000E+05  0.200000000000E+03  0.348974031605E+03
  0.360000000000E+05  0.180000000000E+05  0.200000000000E+03  0.359660944145E+03
  0.420000000000E+05  0.180000000000E+05  0.200000000000E+03  0.361764404155E+03
  0.480000000000E+05  0.180000000000E+05  0.200000000000E+03  0.368140935311E+03
  0.540000000000E+05  0.180000000000E+05  0.200000000000E+03  0.370803988829E+03
  0.600000000000E+05  0.180000000000E+05  0.200000000000E+03  0.365795342600E+03
  0.660000000000E+05  0.180000000000E+05  0.200000000000E+03  0.355571008251E+03
  0.720000000000E+05  0.180000000000E+05  0.200000000000E+03  0.346849423814E+03
  0.780000000000E+05  0.180000000000E+05  0.200000000000E+03  0.334767698781E+03
  0.840000000000E+05  0.180000000000E+05  0.200000000000E+03  0.311299925068E+03
  0.900000000000E+05  0.180000000000E+05  0.200000000000E+03  0.308243550425E+03
  0.000000000000E+00  0.240000000000E+05  0.200000000000E+03  0.335747472388E+03
  0.600000000000E+04  0.240000000000E+05  0.200000000000E+03  0.336319844499E+03
  0.120000000000E+05  0.240000000000E+05  0.200000000000E+03  0.338111069573E+03
  0.180000000000E+05  0.240000000000E+05  0.200000000000E+03  0.341398766230E+03
  0.240000000000E+05  0.240000000000E+05  0.200000000000E+03  0.346912376237E+03
  0.300000000000E+05  0.240000000000E+05  0.200000000000E+03  0.356727589322E+03
  0.360000000000E+05  0.240000000000E+05  0.200000000000E+03  0.365565057294E+03
  0.420000000000E+05  0.240000000000E+05  0.200000000000E+03  0.370657682503E+03
  0.480000000000E+05  0.240000000000E+05  0.200000000000E+03  0.373996935746E+03
  0.540000000000E+05  0.240000000000E+05  0.200000000000E+03  0.372224819764E+03
  0.600000000000E+05  0.240000000000E+05  0.200000000000E+03  0.360563939857E+03
  0.660000000000E+05  0.240000000000E+05  0.200000000000E+03  0.338156324929E+03
  0.720000000000E+05  0.240000000000E+05  0.200000000000E+03  0.332585648335E+03
  0.780000000000E+05  0.240000000000E+05  0.200000000000E+03  0.324052437841E+03
  0.840000000000E+05  0.240000000000E+05  0.200000000000E+03  0.315029825695E+03
  0.900000000000E+05  0.240000000000E+05  0.200000000000E+03  0.310680715004E+03
  0.000000000000E+00  0.300000000000E+05  0.200000000000E+03  0.334285034770E+03
  0.600000000000E+04  0.300000000000E+05  0.200000000000E+03  0.334783464321E+03
  0.120000000000E+05  0.300000000000E+05  0.200000000000E+03  0.336335944980E+03
  0.180000000000E+05  0.300000000000E+05  0.200000000000E+03  0.339176615834E+03
  0.240000000000E+05  0.300000000000E+05  0.200000000000E+03  0.344022853065E+03
  0.300000000000E+05  0.300000000000E+05  0.200000000000E+03  0.353241284723E+03
  0.360000000000E+05  0.300000000000E+05  0.200000000000E+03  0.363616332172E+03
  0.420000000000E+05  0.300000000000E+05  0.200000000000E+03  0.369884909289E+03
  0.480000000000E+05  0.300000000000E+05  0.200000000000E+03  0.372300151485E+03
  0.540000000000E+05  0.300000000000E+05  0.200000000000E+03  0.367923543203E+03
  0.600000000000E+05  0.300000000000E+05  0.200000000000E+03  0.348884866339E+03
  0.660000000000E+05  0.300000000000E+05  0.200000000000E+03  0.341321744938E+03
  0.720000000000E+05  0.300000000000E+05  0.200000000000E+03  0.336784274027E+03
  0.780000000000E+05  0.300000000000E+05  0.200000000000E+03  0.339513987557E+03
  0.840000000000E+05  0.300000000000E+05  0.200000000000E+03  0.337476300551E+03
  0.900000000000E+05  0.300000000000E+05  0.200000000000E+03  0.336114824659E+03
  0.000000000000E+00  0.360000000000E+05  0.200000000000E+03  0.331812704595E+03
  0.600000000000E+04  0.360000000000E+05  0.200000000000E+03  0.332175434953E+03
  0.120000000000E+05  0.360000000000E+05  0.200000000000E+03  0.333238268184E+03
  0.180000000000E+05  0.360000000000E+05  0.200000000000E+03  0.334870255512E+03
  0.240000000000E+05  0.360000000000E+05  0.200000000000E+03  0.336521325429E+03
  0.300000000000E+05  0.360000000000E+05  0.200000000000E+03  0.335825281545E+03
  0.360000000000E+05  0.360000000000E+05  0.200000000000E+03  0.353973985374E+03
  0.420000000000E+05  0.360000000000E+05  0.200000000000E+03  0.361526308506E+03
  0.480000000000E+05  0.360000000000E+05  0.200000000000E+03  0.364051139849E+03
  0.540000000000E+05  0.360000000000E+05  0.200000000000E+03  0.361748575908E+03
  0.600000000000E+05  0.360000000000E+05  0.200000000000E+03  0.353641912277E+03
  0.660000000000E+05  0.360000000000E+05  0.200000000000E+03  0.347654178429E+03
  0.720000000000E+05  0.360000000000E+05  0.200000000000E+03  0.343800863326E+03
  0.780000000000E+05  0.360000000000E+05  0.200000000000E+03  0.342520381180E+03
  0.840000000000E+05  0.360000000000E+05  0.200000000000E+03  0.340958753659E+03
  0.900000000000E+05  0.360000000000E+05  0.200000000000E+03  0.340163750162E+03
  0.000000000000E+00  0.420000000000E+05  0.200000000000E+03  0.328589694575E+03
  0.600000000000E+04  0.420000000000E+05  0.200000000000E+03  0.328838434538E+03
  0.120000000000E+05  0.420000000000E+05  0.200000000000E+03  0.329530407671E+03
  0.180000000000E+05  0.420000000000E+05  0.200000000000E+03  0.330471215726E+03
  0.240000000000E+05  0.420000000000E+05  0.200000000000E+03  0.331234204122E+03
  0.300000000000E+05  0.420000000000E+05  0.200000000000E+03  0.331151047729E+03
  0.360000000000E+05  0.420000000000E+05  0.200000000000E+03  0.341937650016E+03
  0.420000000000E+05  0.420000000000E+05  0.200000000000E+03  0.345804266812E+03
  0.480000000000E+05  0.420000000000E+05  0.200000000000E+03  0.346356591264E+03
  0.540000000000E+05  0.420000000000E+05  0.200000000000E+03  0.344225747900E+03
  0.600000000000E+05  0.420000000000E+05  0.200000000000E+03  0.339481782640E+03
  0.660000000000E+05  0.420000000000E+05  0.200000000000E+03  0.334808389520E+03
  0.720000000000E+05  0.420000000000E+05  0.200000000000E+03  0.330955930778E+03
  0.780000000000E+05  0.420000000000E+05  0.200000000000E+03  0.328137545300E+03
  0.840000000000E+05  0.420000000000E+05  0.200000000000E+03  0.325823015147E+03
  0.900000000000E+05  0.420000000000E+05  0.200000000000E+03  0.324680163405E+03
  0.000000000000E+00  0.480000000000E+05  0.200000000000E+03  0.324831722530E+03
  0.600000000000E+04  0.480000000000E+05  0.200000000000E+03  0.325018253460E+03
  0.120000000000E+05  0.480000000000E+05  0.200000000000E+03  0.325526269071E+03
  0.180000000000E+05  0.480000000000E+05  0.200000000000E+03  0.326185977704E+03
  0.240000000000E+05  0.480000000000E+05  0.200000000000E+03  0.326688815559E+03
  0.300000000000E+05  0.480000000000E+05  0.200000000000E+03  0.326674607295E+03
  0.360000000000E+05  0.480000000000E+05  0.200000000000E+03  0.323578845325E+03
  0.420000000000E+05  0.480000000000E+05  0.200000000000E+03  0.319953875796E+03
  0.480000000000E+05  0.480000000000E+05  0.200000000000E+03  0.315475224599E+03
  0.540000000000E+05  0.480000000000E+05  0.200000000000E+03  0.310324768853E+03
  0.600000000000E+05  0.480000000000E+05  0.200000000000E+03  0.305701157279E+03
  0.660000000000E+05  0.480000000000E+05  0.200000000000E+03  0.301111827804E+03
  0.720000000000E+05  0.480000000000E+05  0.200000000000E+03  0.296584805692E+03
  0.780000000000E+05  0.480000000000E+05  0.200000000000E+03  0.292136183598E+03
  0.840000000000E+05  0.480000000000E+05  0.200000000000E+03  0.287771646861E+03
  0.900000000000E+05  0.480000000000E+05  0.200000000000E+03  0.284691636619E+03
  0.000000000000E+00  0.000000000000E+00  0.300000000000E+03  0.330554181612E+03
  0.600000000000E+04  0.000000000000E+00  0.300000000000E+03  0.330905860842E+03
  0.120000000000E+05  0.000000000000E+00  0.300000000000E+03  0.331969294116E+03
  0.180000000000E+05  0.000000000000E+00  0.300000000000E+03  0.333748289643E+03
  0.240000000000E+05  0.000000000000E+00  0.300000000000E+03  0.336115120072E+03
  0.300000000000E+05  0.000000000000E+00  0.300000000000E+03  0.338191413599E+03
  0.360000000000E+05  0.000000000000E+00  0.300000000000E+03  0.334689229230E+03
  0.420000000000E+05  0.000000000000E+00  0.300000000000E+03  0.321458291369E+03
  0.480000000000E+05  0.000000000000E+00  0.300000000000E+03  0.316311500147E+03
  0.540000000000E+05  0.000000000000E+00  0.300000000000E+03  0.310409800180E+03
  0.600000000000E+05  0.000000000000E+00  0.300000000000E+03  0.304508200199E+03
  0.660000000000E+05  0.000000000000E+00  0.300000000000E+03  0.298606600201E+03
  0.720000000000E+05  0.000000000000E+00  0.300000000000E+03  0.292704900195E+03
  0.780000000000E+05  0.000000000000E+00  0.300000000000E+03  0.286803300186E+03
  0.840000000000E+05  0.000000000000E+00  0.300000000000E+03  0.280901600182E+03
  0.900000000000E+05  0.000000000000E+00  0.300000000000E+03  0.276475400200E+03
  0.000000000000E+00  0.600000000000E+04  0.300000000000E+03  0.333355988229E+03
  0.600000000000E+04  0.600000000000E+04  0.300000000000E+03  0.333807364264E+03
  0.120000000000E+05  0.600000000000E+04  0.300000000000E+03  0.335182869720E+03
  0.180000000000E+05  0.600000000000E+04  0.300000000000E+03  0.337551955451E+03
  0.240000000000E+05  0.600000000000E+04  0.300000000000E+03  0.341094535222E+03
  0.300000000000E+05  0.600000000000E+04  0.300000000000E+03  0.347022045994E+03
  0.360000000000E+05  0.600000000000E+04  0.300000000000E+03  0.343780287585E+03
  0.420000000000E+05  0.600000000000E+04  0.300000000000E+03  0.326147500170E+03
  0.480000000000E+05  0.600000000000E+04  0.300000000000E+03  0.340084117746E+03
  0.540000000000E+05  0.600000000000E+04  0.300000000000E+03  0.344330232733E+03
  0.600000000000E+05  0.600000000000E+04  0.300000000000E+03  0.342781132041E+03
  0.660000000000E+05  0.600000000000E+04  0.300000000000E+03  0.338261401495E+03
  0.720000000000E+05  0.600000000000E+04  0.300000000000E+03  0.332384915132E+03
  0.780000000000E+05  0.600000000000E+04  0.300000000000E+03  0.325772453145E+03
  0.840000000000E+05  0.600000000000E+04  0.300000000000E+03  0.319525533813E+03
  0.900000000000E+05  0.600000000000E+04  0.300000000000E+03  0.316935731598E+03
  0.000000000000E+00  0.120000000000E+05  0.300000000000E+03  0.335237576468E+03
  0.600000000000E+04  0.120000000000E+05  0.300000000000E+03  0.335763542344E+03
  0.120000000000E+05  0.120000000000E+05  0.300000000000E+03  0.337370225539E+03
  0.180000000000E+05  0.120000000000E+05  0.300000000000E+03  0.340146743625E+03
  0.240000000000E+05  0.120000000000E+05  0.300000000000E+03  0.344304167578E+03
  0.300000000000E+05  0.120000000000E+05  0.300000000000E+03  0.351191461220E+03
  0.360000000000E+05  0.120000000000E+05  0.300000000000E+03  0.351017233385E+03
  0.420000000000E+05  0.120000000000E+05  0.300000000000E+03  0.332049200277E+03
  0.480000000000E+05  0.120000000000E+05  0.300000000000E+03  0.354758579040E+03
  0.540000000000E+05  0.120000000000E+05  0.300000000000E+03  0.362149244639E+03
  0.600000000000E+05  0.120000000000E+05  0.300000000000E+03  0.360929391623E+03
  0.660000000000E+05  0.120000000000E+05  0.300000000000E+03  0.355182863625E+03
  0.720000000000E+05  0.120000000000E+05  0.300000000000E+03  0.347911190988E+03
  0.780000000000E+05  0.120000000000E+05  0.300000000000E+03  0.339046569681E+03
  0.840000000000E+05  0.120000000000E+05  0.300000000000E+03  0.328756994168E+03
  0.900000000000E+05  0.120000000000E+05  0.300000000000E+03  0.325606929769E+03
  0.000000000000E+00  0.180000000000E+05  0.300000000000E+03  0.336061081924E+03
  0.600000000000E+04  0.180000000000E+05  0.300000000000E+03  0.336628975677E+03
  0.120000000000E+05  0.180000000000E+05  0.300000000000E+03  0.338365729721E+03
  0.180000000000E+05  0.180000000000E+05  0.300000000000E+03  0.341332499170E+03
  0.240000000000E+05  0.180000000000E+05  0.300000000000E+03  0.345354724831E+03
  0.300000000000E+05  0.180000000000E+05  0.300000000000E+03  0.348000000000E+03
  0.360000000000E+05  0.180000000000E+05  0.300000000000E+03  0.360454842406E+03
  0.420000000000E+05  0.180000000000E+05  0.300000000000E+03  0.362583590314E+03
  0.480000000000E+05  0.180000000000E+05  0.300000000000E+03  0.368934420326E+03
  0.540000000000E+05  0.180000000000E+05  0.300000000000E+03  0.371458755416E+03
  0.600000000000E+05  0.180000000000E+05  0.300000000000E+03  0.366463441561E+03
  0.660000000000E+05  0.180000000000E+05  0.300000000000E+03  0.356270736952E+03
  0.720000000000E+05  0.180000000000E+05  0.300000000000E+03  0.347563971279E+03
  0.780000000000E+05  0.180000000000E+05  0.300000000000E+03  0.335523373852E+03
  0.840000000000E+05  0.180000000000E+05  0.300000000000E+03  0.309626512188E+03
  0.900000000000E+05  0.180000000000E+05  0.300000000000E+03  0.307198500117E+03
  0.000000000000E+00  0.240000000000E+05  0.300000000000E+03  0.335747798624E+03
  0.600000000000E+04  0.240000000000E+05  0.300000000000E+03  0.336320495120E+03
  0.120000000000E+05  0.240000000000E+05  0.300000000000E+03  0.338112902790E+03
  0.180000000000E+05  0.240000000000E+05  0.300000000000E+03  0.341403953378E+03
  0.240000000000E+05  0.240000000000E+05  0.300000000000E+03  0.346938096747E+03
  0.300000000000E+05  0.240000000000E+05  0.300000000000E+03  0.357513353987E+03
  0.360000000000E+05  0.240000000000E+05  0.300000000000E+03  0.366367682427E+03
  0.420000000000E+05  0.240000000000E+05  0.300000000000E+03  0.371446747559E+03
  0.480000000000E+05  0.240000000000E+05  0.300000000000E+03  0.374725298932E+03
  0.540000000000E+05  0.240000000000E+05  0.300000000000E+03  0.372877566518E+03
  0.600000000000E+05  0.240000000000E+05  0.300000000000E+03  0.361262434216E+03
  0.660000000000E+05  0.240000000000E+05  0.300000000000E+03  0.336626512439E+03
  0.720000000000E+05  0.240000000000E+05  0.300000000000E+03  0.331941600096E+03
  0.780000000000E+05  0.240000000000E+05  0.300000000000E+03  0.323000000124E+03
  0.840000000000E+05  0.240000000000E+05  0.300000000000E+03  0.314058400115E+03
  0.900000000000E+05  0.240000000000E+05  0.300000000000E+03  0.309373505108E+03
  0.000000000000E+00  0.300000000000E+05  0.300000000000E+03  0.334285964344E+03
  0.600000000000E+04  0.300000000000E+05  0.300000000000E+03  0.334784716130E+03
  0.120000000000E+05  0.300000000000E+05  0.300000000000E+03  0.336338403834E+03
  0.180000000000E+05  0.300000000000E+05  0.300000000000E+03  0.339182803795E+03
  0.240000000000E+05  0.300000000000E+05  0.300000000000E+03  0.344054735885E+03
  0.300000000000E+05  0.300000000000E+05  0.300000000000E+03  0.354040287615E+03
  0.360000000000E+05  0.300000000000E+05  0.300000000000E+03  0.364431836053E+03
  0.420000000000E+05  0.300000000000E+05  0.300000000000E+03  0.370676273025E+03
  0.480000000000E+05  0.300000000000E+05  0.300000000000E+03  0.373020231736E+03
  0.540000000000E+05  0.300000000000E+05  0.300000000000E+03  0.368606353451E+03
  0.600000000000E+05  0.300000000000E+05  0.300000000000E+03  0.347749900277E+03
  0.660000000000E+05  0.300000000000E+05  0.300000000000E+03  0.341058400068E+03
  0.720000000000E+05  0.300000000000E+05  0.300000000000E+03  0.336373506102E+03
  0.780000000000E+05  0.300000000000E+05  0.300000000000E+03  0.340219292597E+03
  0.840000000000E+05  0.300000000000E+05  0.300000000000E+03  0.338230230467E+03
  0.900000000000E+05  0.300000000000E+05  0.300000000000E+03  0.336882917497E+03
  0.000000000000E+00  0.360000000000E+05  0.300000000000E+03  0.331814469829E+03
  0.600000000000E+04  0.360000000000E+05  0.300000000000E+03  0.332177453546E+03
  0.120000000000E+05  0.360000000000E+05  0.300000000000E+03  0.333241086383E+03
  0.180000000000E+05  0.360000000000E+05  0.300000000000E+03  0.334873699954E+03
  0.240000000000E+05  0.360000000000E+05  0.300000000000E+03  0.336487707816E+03
  0.300000000000E+05  0.360000000000E+05  0.300000000000E+03  0.333854200375E+03
  0.360000000000E+05  0.360000000000E+05  0.300000000000E+03  0.354804850384E+03
  0.420000000000E+05  0.360000000000E+05  0.300000000000E+03  0.362376834196E+03
  0.480000000000E+05  0.360000000000E+05  0.300000000000E+03  0.364845983436E+03
  0.540000000000E+05  0.360000000000E+05  0.300000000000E+03  0.362465132506E+03
  0.600000000000E+05  0.360000000000E+05  0.300000000000E+03  0.354334402361E+03
  0.660000000000E+05  0.360000000000E+05  0.300000000000E+03  0.348360189896E+03
  0.720000000000E+05  0.360000000000E+05  0.300000000000E+03  0.344516680671E+03
  0.780000000000E+05  0.360000000000E+05  0.300000000000E+03  0.343256709064E+03
  0.840000000000E+05  0.360000000000E+05  0.300000000000E+03  0.341702996357E+03
  0.900000000000E+05  0.360000000000E+05  0.300000000000E+03  0.340911848558E+03
  0.000000000000E+00  0.420000000000E+05  0.300000000000E+03  0.328592294129E+03
  0.600000000000E+04  0.420000000000E+05  0.300000000000E+03  0.328841205349E+03
  0.120000000000E+05  0.420000000000E+05  0.300000000000E+03  0.329533676233E+03
  0.180000000000E+05  0.420000000000E+05  0.300000000000E+03  0.330474865429E+03
  0.240000000000E+05  0.420000000000E+05  0.300000000000E+03  0.331222414650E+03
  0.300000000000E+05  0.420000000000E+05  0.300000000000E+03  0.330416700099E+03
  0.360000000000E+05  0.420000000000E+05  0.300000000000E+03  0.342739034298E+03
  0.420000000000E+05  0.420000000000E+05  0.300000000000E+03  0.346628572728E+03
  0.480000000000E+05  0.420000000000E+05  0.300000000000E+03  0.347155550786E+03
  0.540000000000E+05  0.420000000000E+05  0.300000000000E+03  0.345002201151E+03
  0.600000000000E+05  0.420000000000E+05  0.300000000000E+03  0.340279829402E+03
  0.660000000000E+05  0.420000000000E+05  0.300000000000E+03  0.335626356723E+03
  0.720000000000E+05  0.420000000000E+05  0.300000000000E+03  0.331792810712E+03
  0.780000000000E+05  0.420000000000E+05  0.300000000000E+03  0.328999640989E+03
  0.840000000000E+05  0.420000000000E+05  0.300000000000E+03  0.326710133734E+03
  0.900000000000E+05  0.420000000000E+05  0.300000000000E+03  0.325585285894E+03
  0.000000000000E+00  0.480000000000E+05  0.300000000000E+03  0.324834710178E+03
  0.600000000000E+04  0.480000000000E+05  0.300000000000E+03  0.325021364301E+03
  0.120000000000E+05  0.480000000000E+05  0.300000000000E+03  0.325529719194E+03
  0.180000000000E+05  0.480000000000E+05  0.300000000000E+03  0.326189646652E+03
  0.240000000000E+05  0.480000000000E+05  0.300000000000E+03  0.326682883804E+03
  0.300000000000E+05  0.480000000000E+05  0.300000000000E+03  0.326220019118E+03
  0.360000000000E+05  0.480000000000E+05  0.300000000000E+03  0.321250000149E+03
  0.420000000000E+05  0.480000000000E+05  0.300000000000E+03  0.316666700209E+03
  0.480000000000E+05  0.480000000000E+05  0.300000000000E+03  0.312083300223E+03
  0.540000000000E+05  0.480000000000E+05  0.300000000000E+03  0.307500000199E+03
  0.600000000000E+05  0.480000000000E+05  0.300000000000E+03  0.302916700192E+03
  0.660000000000E+05  0.480000000000E+05  0.300000000000E+03  0.298333300188E+03
  0.720000000000E+05  0.480000000000E+05  0.300000000000E+03  0.293750000188E+03
  0.780000000000E+05  0.480000000000E+05  0.300000000000E+03  0.289166700193E+03
  0.840000000000E+05  0.480000000000E+05  0.300000000000E+03  0.284583300203E+03
  0.900000000000E+05  0.480000000000E+05  0.300000000000E+03  0.281145800222E+03
  0.000000000000E+00  0.000000000000E+00  0.400000000000E+03  0.330554181612E+03
  0.600000000000E+04  0.000000000000E+00  0.400000000000E+03  0.330905860842E+03
  0.120000000000E+05  0.000000000000E+00  0.400000000000E+03  0.331969294116E+03
  0.180000000000E+05  0.000000000000E+00  0.400000000000E+03  0.333748289643E+03
  0.240000000000E+05  0.000000000000E+00  0.400000000000E+03  0.336115120072E+03
  0.300000000000E+05  0.000000000000E+00  0.400000000000E+03  0.338191413599E+03
  0.360000000000E+05  0.000000000000E+00  0.400000000000E+03  0.334689229230E+03
  0.420000000000E+05  0.000000000000E+00  0.400000000000E+03  0.321458291369E+03
  0.480000000000E+05  0.000000000000E+00  0.400000000000E+03  0.316311500147E+03
  0.540000000000E+05  0.000000000000E+00  0.400000000000E+03  0.310409800180E+03
  0.600000000000E+05  0.000000000000E+00  0.400000000000E+03  0.304508200199E+03
  0.660000000000E+05  0.000000000000E+00  0.400000000000E+03  0.298606600201E+03
  0.720000000000E+05  0.000000000000E+00  0.400000000000E+03  0.292704900195E+03
  0.780000000000E+05  0.000000000000E+00  0.400000000000E+03  0.286803300186E+03
  0.840000000000E+05  0.000000000000E+00  0.400000000000E+03  0.280901600182E+03
  0.900000000000E+05  0.000000000000E+00  0.400000000000E+03  0.276475400200E+03
  0.000000000000E+00  0.600000000000E+04  0.400000000000E+03  0.333355988229E+03
  0.600000000000E+04  0.600000000000E+04  0.400000000000E+03  0.333807364264E+03
  0.120000000000E+05  0.600000000000E+04  0.400000000000E+03  0.335182869720E+03
  0.180000000000E+05  0.600000000000E+04  0.400000000000E+03  0.337551955451E+03
  0.240000000000E+05  0.600000000000E+04  0.400000000000E+03  0.341094535222E+03
  0.300000000000E+05  0.600000000000E+04  0.400000000000E+03  0.347022045994E+03
  0.360000000000E+05  0.600000000000E+04  0.400000000000E+03  0.343780287585E+03
  0.420000000000E+05  0.600000000000E+04  0.400000000000E+03  0.326147500170E+03
  0.480000000000E+05  0.600000000000E+04  0.400000000000E+03  0.340084117746E+03
  0.540000000000E+05  0.600000000000E+04  0.400000000000E+03  0.344330232733E+03
  0.600000000000E+05  0.600000000000E+04  0.400000000000E+03  0.342781132041E+03
  0.660000000000E+05  0.600000000000E+04  0.400000000000E+03  0.338261401495E+03
  0.720000000000E+05  0.600000000000E+04  0.400000000000E+03  0.332384915132E+03
  0.780000000000E+05  0.600000000000E+04  0.400000000000E+03  0.325772453145E+03
  0.840000000000E+05  0.600000000000E+04  0.400000000000E+03  0.319525533813E+03
  0.900000000000E+05  0.600000000000E+04  0.400000000000E+03  0.316935731598E+03
  0.000000000000E+00  0.120000000000E+05  0.400000000000E+03  0.335237576468E+03
  0.600000000000E+04  0.120000000000E+05  0.400000000000E+03  0.335763542344E+03
  0.120000000000E+05  0.120000000000E+05  0.400000000000E+03  0.337370225539E+03
  0.180000000000E+05  0.120000000000E+05  0.400000000000E+03  0.340146743625E+03
  0.240000000000E+05  0.120000000000E+05  0.400000000000E+03  0.344304167578E+03
  0.300000000000E+05  0.120000000000E+05  0.400000000000E+03  0.352353238989E+03
  0.360000000000E+05  0.120000000000E+05  0.400000000000E+03  0.352197323513E+03
  0.420000000000E+05  0.120000000000E+05  0.400000000000E+03  0.332049200277E+03
  0.480000000000E+05  0.120000000000E+05  0.400000000000E+03  0.355991104027E+03
  0.540000000000E+05  0.120000000000E+05  0.400000000000E+03  0.363332955185E+03
  0.600000000000E+05  0.120000000000E+05  0.400000000000E+03  0.362103435610E+03
  0.660000000000E+05  0.120000000000E+05  0.400000000000E+03  0.356361585694E+03
  0.720000000000E+05  0.120000000000E+05  0.400000000000E+03  0.347911190988E+03
  0.780000000000E+05  0.120000000000E+05  0.400000000000E+03  0.339046569681E+03
  0.840000000000E+05  0.120000000000E+05  0.400000000000E+03  0.328756994168E+03
  0.900000000000E+05  0.120000000000E+05  0.400000000000E+03  0.325606929769E+03
  0.000000000000E+00  0.180000000000E+05  0.400000000000E+03  0.336061081924E+03
  0.600000000000E+04  0.180000000000E+05  0.400000000000E+03  0.336628975677E+03
  0.120000000000E+05  0.180000000000E+05  0.400000000000E+03  0.338365729721E+03
  0.180000000000E+05  0.180000000000E+05  0.400000000000E+03  0.341332499170E+03
  0.240000000000E+05  0.180000000000E+05  0.400000000000E+03  0.345354724831E+03
  0.300000000000E+05  0.180000000000E+05  0.400000000000E+03  0.348000000000E+03
  0.360000000000E+05  0.180000000000E+05  0.400000000000E+03  0.361630027197E+03
  0.420000000000E+05  0.180000000000E+05  0.400000000000E+03  0.363811347781E+03
  0.480000000000E+05  0.180000000000E+05  0.400000000000E+03  0.370067112496E+03
  0.540000000000E+05  0.180000000000E+05  0.400000000000E+03  0.372541587243E+03
  0.600000000000E+05  0.180000000000E+05  0.400000000000E+03  0.367574108523E+03
  0.660000000000E+05  0.180000000000E+05  0.400000000000E+03  0.357465647605E+03
  0.720000000000E+05  0.180000000000E+05  0.400000000000E+03  0.347563971279E+03
  0.780000000000E+05  0.180000000000E+05  0.400000000000E+03  0.335523373852E+03
  0.840000000000E+05  0.180000000000E+05  0.400000000000E+03  0.309626512188E+03
  0.900000000000E+05  0.180000000000E+05  0.400000000000E+03  0.307198500117E+03
  0.000000000000E+00  0.240000000000E+05  0.400000000000E+03  0.335747798624E+03
  0.600000000000E+04  0.240000000000E+05  0.400000000000E+03  0.336320495120E+03
  0.120000000000E+05  0.240000000000E+05  0.400000000000E+03  0.338112902790E+03
  0.180000000000E+05  0.240000000000E+05  0.400000000000E+03  0.341403953378E+03
  0.240000000000E+05  0.240000000000E+05  0.400000000000E+03  0.346938096747E+03
  0.300000000000E+05  0.240000000000E+05  0.400000000000E+03  0.358700516347E+03
  0.360000000000E+05  0.240000000000E+05  0.400000000000E+03  0.367493195052E+03
  0.420000000000E+05  0.240000000000E+05  0.400000000000E+03  0.372553427769E+03
  0.480000000000E+05  0.240000000000E+05  0.400000000000E+03  0.375804279607E+03
  0.540000000000E+05  0.240000000000E+05  0.400000000000E+03  0.373959686163E+03
  0.600000000000E+05  0.240000000000E+05  0.400000000000E+03  0.362503510585E+03
  0.660000000000E+05  0.240000000000E+05  0.400000000000E+03  0.336626512439E+03
  0.720000000000E+05  0.240000000000E+05  0.400000000000E+03  0.331941600096E+03
  0.780000000000E+05  0.240000000000E+05  0.400000000000E+03  0.323000000124E+03
  0.840000000000E+05  0.240000000000E+05  0.400000000000E+03  0.314058400115E+03
  0.900000000000E+05  0.240000000000E+05  0.400000000000E+03  0.309373505108E+03
  0.000000000000E+00  0.300000000000E+05  0.400000000000E+03  0.334285964344E+03
  0.600000000000E+04  0.300000000000E+05  0.400000000000E+03  0.334784716130E+03
  0.120000000000E+05  0.300000000000E+05  0.400000000000E+03  0.336338403834E+03
  0.180000000000E+05  0.300000000000E+05  0.400000000000E+03  0.339182803795E+03
  0.240000000000E+05  0.300000000000E+05  0.400000000000E+03  0.344054735885E+03
  0.300000000000E+05  0.300000000000E+05  0.400000000000E+03  0.355238751325E+03
  0.360000000000E+05  0.300000000000E+05  0.400000000000E+03  0.365576180233E+03
  0.420000000000E+05  0.300000000000E+05  0.400000000000E+03  0.371785121276E+03
  0.480000000000E+05  0.300000000000E+05  0.400000000000E+03  0.374107729155E+03
  0.540000000000E+05  0.300000000000E+05  0.400000000000E+03  0.369791328624E+03
  0.600000000000E+05  0.300000000000E+05  0.400000000000E+03  0.347749900277E+03
  0.660000000000E+05  0.300000000000E+05  0.400000000000E+03  0.341058400068E+03
  0.720000000000E+05  0.300000000000E+05  0.400000000000E+03  0.336373506102E+03
  0.780000000000E+05  0.300000000000E+05  0.400000000000E+03  0.340219292597E+03
  0.840000000000E+05  0.300000000000E+05  0.400000000000E+03  0.338230230467E+03
  0.900000000000E+05  0.300000000000E+05  0.400000000000E+03  0.336882917497E+03
  0.000000000000E+00  0.360000000000E+05  0.400000000000E+03  0.331814469829E+03
  0.600000000000E+04  0.360000000000E+05  0.400000000000E+03  0.332177453546E+03
  0.120000000000E+05  0.360000000000E+05  0.400000000000E+03  0.333241086383E+03
  0.180000000000E+05  0.360000000000E+05  0.400000000000E+03  0.334873699954E+03
  0.240000000000E+05  0.360000000000E+05  0.400000000000E+03  0.336487707816E+03
  0.300000000000E+05  0.360000000000E+05  0.400000000000E+03  0.333854200375E+03
  0.360000000000E+05  0.360000000000E+05  0.400000000000E+03  0.356015941082E+03
  0.420000000000E+05  0.360000000000E+05  0.400000000000E+03  0.363568642872E+03
  0.480000000000E+05  0.360000000000E+05  0.400000000000E+03  0.366032898895E+03
  0.540000000000E+05  0.360000000000E+05  0.400000000000E+03  0.363643778235E+03
  0.600000000000E+05  0.360000000000E+05  0.400000000000E+03  0.355517904428E+03
  0.660000000000E+05  0.360000000000E+05  0.400000000000E+03  0.348360189896E+03
  0.720000000000E+05  0.360000000000E+05  0.400000000000E+03  0.344516680671E+03
  0.780000000000E+05  0.360000000000E+05  0.400000000000E+03  0.343256709064E+03
  0.840000000000E+05  0.360000000000E+05  0.400000000000E+03  0.341702996357E+03
  0.900000000000E+05  0.360000000000E+05  0.400000000000E+03  0.340911848558E+03
  0.000000000000E+00  0.420000000000E+05  0.400000000000E+03  0.328592294129E+03
  0.600000000000E+04  0.420000000000E+05  0.400000000000E+03  0.328841205349E+03
  0.120000000000E+05  0.420000000000E+05  0.400000000000E+03  0.329533676233E+03
  0.180000000000E+05  0.420000000000E+05  0.400000000000E+03  0.330474865429E+03
  0.240000000000E+05  0.420000000000E+05  0.400000000000E+03  0.331222414650E+03
  0.300000000000E+05  0.420000000000E+05  0.400000000000E+03  0.330416700099E+03
  0.360000000000E+05  0.420000000000E+05  0.400000000000E+03  0.342739034298E+03
  0.420000000000E+05  0.420000000000E+05  0.400000000000E+03  0.346628572728E+03
  0.480000000000E+05  0.420000000000E+05  0.400000000000E+03  0.347155550786E+03
  0.540000000000E+05  0.420000000000E+05  0.400000000000E+03  0.345002201151E+03
  0.600000000000E+05  0.420000000000E+05  0.400000000000E+03  0.340279829402E+03
  0.660000000000E+05  0.420000000000E+05  0.400000000000E+03  0.335626356723E+03
  0.720000000000E+05  0.420000000000E+05  0.400000000000E+03  0.331792810712E+03
  0.780000000000E+05  0.420000000000E+05  0.400000000000E+03  0.328999640989E+03
  0.840000000000E+05  0.420000000000E+05  0.400000000000E+03  0.326710133734E+03
  0.900000000000E+05  0.420000000000E+05  0.400000000000E+03  0.325585285894E+03
  0.000000000000E+00  0.480000000000E+05  0.400000000000E+03  0.324834710178E+03
  0.600000000000E+04  0.480000000000E+05  0.400000000000E+03  0.325021364301E+03
  0.120000000000E+05  0.480000000000E+05  0.400000000000E+03  0.325529719194E+03
  0.180000000000E+05  0.480000000000E+05  0.400000000000E+03  0.326189646652E+03
  0.240000000000E+05  0.480000000000E+05  0.400000000000E+03  0.326682883804E+03
  0.300000000000E+05  0.480000000000E+05  0.400000000000E+03  0.326220019118E+03
  0.360000000000E+05  0.480000000000E+05  0.400000000000E+03  0.321250000149E+03
  0.420000000000E+05  0.480000000000E+05  0.400000000000E+03  0.316666700209E+03
  0.480000000000E+05  0.480000000000E+05  0.400000000000E+03  0.312083300223E+03
  0.540000000000E+05  0.480000000000E+05  0.400000000000E+03  0.307500000199E+03
  0.600000000000E+05  0.480000000000E+05  0.400000000000E+03  0.302916700192E+03
  0.660000000000E+05  0.480000000000E+05  0.400000000000E+03  0.298333300188E+03
  0.720000000000E+05  0.480000000000E+05  0.400000000000E+03  0.293750000188E+03
  0.780000000000E+05  0.480000000000E+05  0.400000000000E+03  0.289166700193E+03
  0.840000000000E+05  0.480000000000E+05  0.400000000000E+03  0.284583300203E+03
  0.900000000000E+05  0.480000000000E+05  0.400000000000E+03  0.281145800222E+03
