

                              X-Direction Node Coordinates    (m)

           1           2           3           4           5           6           7           8           9          10
              0     6000.00    12000.00    18000.00    24000.00    30000.00    36000.00    42000.00    48000.00    54000.00



          11          12          13          14          15          16
       60000.00    66000.00    72000.00    78000.00    84000.00    90000.00




                              Y-Direction Node Coordinates   (m)

           1           2           3           4           5           6           7           8           9
              0     6000.00    12000.00    18000.00    24000.00    30000.00    36000.00    42000.00    48000.00




                              Z-Direction Node Coordinates   (m)

           1           2           3           4           5
              0      100.00      200.00      300.00      400.00



                              *** Output at End of Steady State Iteration No.     1 ***

     Time .......................................................       0      (yr)

                              Water-Table Elevation  (m)

                    Areal Layers

                                                            K =  1

           1           2           3           4           5           6           7           8           9          10
  9     379.025     379.022     379.002     378.859     377.664     330.812     328.202     324.731     320.265     315.322
  8     379.866     379.863     379.842     379.700     378.546     336.441     377.799     378.650     378.723     378.727
  7     379.979     379.976     379.960     379.847     378.884     341.660     379.227     380.153     380.269     380.225
  6     379.996     379.995     379.988     379.951     379.774     379.402     380.231     380.402     380.409     379.813
  5     379.999     379.998     379.992     379.963     379.822     379.597     380.265     380.346     380.431     380.321
  4     379.996     379.995     379.985     379.914     379.224     348.000     379.496     379.373     380.249     380.420
  3     379.976     379.975     379.971     379.947     379.817     379.546     379.163     340.028     379.162     380.232
  2     379.845     379.845     379.844     379.836     379.803     380.058     378.868     332.794     377.631     378.705
  1     378.861     378.861     378.860     378.856     378.832     378.691     377.428     326.414     323.189     317.820



          11          12          13          14          15          16
  9     311.130     307.016     302.921     298.853     294.832     292.002
  8     378.581     378.449     378.341     378.287     378.195     378.131
  7     379.602     379.347     379.307     380.040     380.120     380.118
  6     351.951     343.560     340.577     378.250     378.750     378.689
  5     378.935     340.941     335.078     328.368     318.206     313.880
  4     380.282     379.463     379.159     377.735     316.631     312.111
  3     380.297     380.227     380.167     379.953     378.667     378.473
  2     378.670     378.533     378.386     378.219     377.988     377.880
  1     312.569     307.297     302.019     296.735     291.505     287.849



                              *** Output at End of Steady State Iteration No.     2 ***

     Time .......................................................       0      (yr)

                              Water-Table Elevation  (m)

                    Areal Layers

                                                            K =  1

           1           2           3           4           5           6           7           8           9          10
  9     378.113     378.106     378.059     377.753     375.583     326.220     321.250     316.667     312.083     307.500
  8     379.715     379.708     379.660     379.348     377.199     330.417     375.887     377.442     377.650     377.718
  7     379.951     379.946     379.907     379.655     377.834     333.854     378.481     380.225     380.482     380.385
  6     379.991     379.988     379.971     379.884     379.502     378.862     380.391     380.767     380.788     379.684
  5     379.996     379.994     379.981     379.917     379.630     379.309     380.485     380.650     380.835     380.595
  4     379.990     379.987     379.967     379.820     378.613     348.000     379.092     378.824     380.431     380.808
  3     379.945     379.944     379.934     379.882     379.621     379.195     378.373     332.049     378.359     380.396
  2     379.672     379.671     379.668     379.651     379.583     380.028     377.833     326.148     375.617     377.640
  1     377.802     377.802     377.800     377.790     377.739     377.449     375.179     321.458     316.312     310.410



          11          12          13          14          15          16
  9     302.917     298.333     293.750     289.167     284.583     281.146
  8     377.456     377.226     377.049     376.990     376.852     376.752
  7     379.224     378.779     378.708     379.993     380.170     380.170
  6     347.750     341.058     336.374     376.839     377.775     377.703
  5     378.074     336.627     331.942     323.000     314.058     309.374
  4     380.511     379.042     378.463     375.969     309.627     307.199
  3     380.544     380.396     380.265     379.812     377.590     377.253
  2     377.633     377.407     377.161     376.873     376.452     376.274
  1     304.508     298.607     292.705     286.803     280.902     276.475



                              *** Output at End of Steady State Iteration No.     3 ***

     Time .......................................................       0      (yr)

                              Water-Table Elevation  (m)

                    Areal Layers

                                                            K =  1

           1           2           3           4           5           6           7           8           9          10
  9     376.495     376.478     376.362     375.707     371.952     326.220     321.250     316.667     312.083     307.500
  8     379.360     379.342     379.220     378.542     374.735     330.417     372.579     375.256     375.718     375.870
  7     379.872     379.858     379.759     379.206     375.957     333.854     377.130     380.229     380.773     380.552
  6     379.972     379.964     379.917     379.710     378.923     377.923     380.593     381.397     381.462     379.504
  5     379.987     379.981     379.948     379.796     379.222     378.788     380.812     381.171     381.562     381.053
  4     379.969     379.962     379.913     379.607     377.556     348.000     378.349     377.917     380.693     381.482
  3     379.859     379.855     379.831     379.711     379.194     378.511     376.936     332.049     376.909     380.574
  2     379.269     379.267     379.258     379.216     379.079     379.753     375.912     326.148     372.115     375.660
  1     375.947     375.946     375.940     375.915     375.801     375.230     371.338     321.458     316.312     310.410



          11          12          13          14          15          16
  9     302.917     298.333     293.750     289.167     284.583     281.146
  8     375.372     374.951     374.647     374.596     374.388     374.227
  7     378.465     377.661     377.541     379.678     380.057     380.068
  6     347.750     341.058     336.374     374.355     375.968     375.892
  5     376.642     336.627     331.942     323.000     314.058     309.374
  4     380.851     378.291     377.155     372.887     309.627     307.199
  3     380.894     380.573     380.262     379.292     375.542     374.923
  2     375.746     375.358     374.916     374.375     373.569     373.248
  1     304.508     298.607     292.705     286.803     280.902     276.475



                              *** Output at End of Steady State Iteration No.     4 ***

     Time .......................................................       0      (yr)

                              Water-Table Elevation  (m)

                    Areal Layers

                                                            K =  1

           1           2           3           4           5           6           7           8           9          10
  9     373.864     373.812     373.516     372.168     366.249     326.220     321.250     316.667     312.083     307.500
  8     378.522     378.467     378.151     376.728     370.580     330.417     367.491     371.636     372.520     372.725
  7     379.627     379.582     379.322     378.146     372.870     333.854     374.886     379.895     380.969     380.477
  6     379.895     379.868     379.731     379.230     377.717     376.439     380.684     382.314     382.517     379.321
  5     379.945     379.925     379.825     379.460     378.367     377.899     381.143     381.944     382.728     381.716
  4     379.891     379.870     379.742     379.114     375.891     348.000     377.079     376.612     380.950     382.475
  3     379.600     379.587     379.517     379.235     378.256     377.199     374.514     332.049     374.514     380.522
  2     378.344     378.338     378.306     378.198     377.904     378.708     372.607     326.148     366.685     372.246
  1     373.001     372.997     372.978     372.907     372.649     371.587     365.520     321.458     316.312     310.410



          11          12          13          14          15          16
  9     302.917     298.333     293.750     289.167     284.583     281.146
  8     371.768     370.975     370.456     370.444     370.153     369.907
  7     376.965     375.525     375.319     378.495     379.240     379.285
  6     347.750     341.058     336.374     370.378     372.817     372.766
  5     374.595     336.627     331.942     323.000     314.058     309.374
  4     381.203     377.035     374.829     368.030     309.627     307.199
  3     381.158     380.466     379.697     377.677     371.796     370.671
  2     372.556     371.892     371.068     369.997     368.451     367.854
  1     304.508     298.607     292.705     286.803     280.902     276.475



                              *** Output at End of Steady State Iteration No.     5 ***

     Time .......................................................       0      (yr)

                              Water-Table Elevation  (m)

                    Areal Layers

                                                            K =  1

           1           2           3           4           5           6           7           8           9          10
  9     370.021     369.871     369.157     366.669     358.588     326.220     321.250     316.667     312.083     307.500
  8     376.658     376.496     375.723     373.046     364.449     330.417     360.986     366.481     367.883     367.957
  7     378.855     378.717     378.065     375.811     368.349     333.854     371.627     378.688     380.530     379.537
  6     379.561     379.471     379.081     377.962     375.425     374.317     380.264     383.192     383.743     379.145
  5     379.727     379.659     379.368     378.541     376.692     376.475     381.119     382.768     384.181     382.449
  4     379.566     379.500     379.181     377.993     373.510     348.000     375.151     375.035     380.939     383.460
  3     378.827     378.783     378.584     377.958     376.279     374.801     370.898     332.049     371.087     379.630
  2     376.386     376.362     376.257     375.969     375.343     375.978     367.622     326.148     359.655     367.090
  1     368.902     368.886     368.818     368.621     368.065     366.295     358.107     321.458     316.312     310.410



          11          12          13          14          15          16
  9     302.917     298.333     293.750     289.167     284.583     281.146
  8     366.188     364.735     363.864     363.890     363.535     363.196
  7     374.169     371.732     371.316     375.246     376.455     376.571
  6     347.750     341.058     336.374     364.789     367.807     367.802
  5     372.257     336.627     331.942     323.000     314.058     309.374
  4     381.181     375.020     371.068     361.402     309.627     307.199
  3     380.664     379.256     377.462     373.651     365.419     363.547
  2     367.749     366.632     365.076     362.980     360.205     359.127
  1     304.508     298.607     292.705     286.803     280.902     276.475



                              *** Output at End of Steady State Iteration No.     6 ***

     Time .......................................................       0      (yr)

                              Water-Table Elevation  (m)

                    Areal Layers

                                                            K =  1

           1           2           3           4           5           6           7           8           9          10
  9     364.854     364.501     363.090     359.312     350.146     326.220     321.250     316.667     312.083     307.500
  8     372.946     372.559     371.014     366.891     356.933     330.417     354.513     360.571     362.270     361.831
  7     376.660     376.318     374.970     371.407     362.601     333.854     367.688     376.120     378.651     376.939
  6     378.248     378.000     377.092     375.059     371.646     371.502     378.766     383.125     384.241     378.609
  5     378.713     378.521     377.823     376.276     373.736     374.301     380.126     382.943     385.104     382.717
  4     378.330     378.156     377.467     375.555     370.232     348.000     372.610     373.295     380.188     383.470
  3     376.766     376.640     376.162     374.986     372.570     370.937     366.348     332.049     367.038     377.129
  2     372.790     372.709     372.416     371.762     370.625     370.945     361.449     326.148     352.547     360.712
  1     363.875     363.819     363.616     363.148     362.141     359.707     350.462     321.458     316.312     310.410



          11          12          13          14          15          16
  9     302.917     298.333     293.750     289.167     284.583     281.146
  8     358.886     356.436     354.991     354.850     354.391     353.959
  7     369.661     365.939     364.979     368.710     370.099     370.255
  6     347.750     341.058     336.374     358.007     360.756     360.701
  5     370.117     336.627     331.942     323.000     314.058     309.374
  4     379.997     371.831     365.711     353.734     309.627     307.199
  3     378.263     375.686     372.150     366.057     355.936     353.263
  2     361.526     359.659     356.864     353.162     345.950     344.126
  1     304.508     298.607     292.705     286.803     280.902     276.475



                              *** Output at End of Steady State Iteration No.     7 ***

     Time .......................................................       0      (yr)

                              Water-Table Elevation  (m)

                    Areal Layers

                                                            K =  1

           1           2           3           4           5           6           7           8           9          10
  9     358.033     357.453     355.423     351.016     341.965     326.220     321.250     316.667     312.083     307.500
  8     366.487     365.846     363.608     358.758     348.815     330.417     348.047     355.292     356.779     355.485
  7     371.534     370.950     368.941     364.655     356.222     333.854     363.751     372.388     375.101     372.668
  6     374.249     373.797     372.332     369.666     366.304     367.928     375.910     381.188     382.796     376.915
  5     375.214     374.852     373.691     371.618     369.109     371.165     377.709     381.500     384.203     381.542
  4     374.602     374.284     373.193     370.820     365.692     348.000     369.648     371.140     378.170     381.451
  3     372.151     371.906     371.089     369.464     366.850     365.932     361.668     332.049     363.060     372.941
  2     367.024     366.851     366.291     365.258     363.828     364.390     355.433     326.148     345.475     354.487
  1     357.976     357.851     357.444     356.673     355.370     352.866     343.600     321.458     316.312     310.410



          11          12          13          14          15          16
  9     302.917     298.333     293.750     289.167     284.583     281.146
  8     351.302     345.860     343.491     342.626     341.751     341.147
  7     364.051     359.064     357.105     359.446     360.264     360.264
  6     347.750     341.058     336.374     350.985     352.391     352.028
  5     368.056     336.627     331.942     323.000     314.058     309.374
  4     376.929     367.220     359.279     344.483     309.627     307.199
  3     373.445     369.388     363.867     355.813     342.741     339.495
  2     354.795     351.822     345.533     339.941     333.899     331.525
  1     304.508     298.607     292.705     286.803     280.902     276.475



                              *** Output at End of Steady State Iteration No.     8 ***

     Time .......................................................       0      (yr)

                              Water-Table Elevation  (m)

                    Areal Layers

                                                            K =  1

           1           2           3           4           5           6           7           8           9          10
  9     348.915     348.301     346.317     342.542     336.285     326.220     321.250     316.667     312.083     307.500
  8     356.929     356.253     354.073     349.577     342.537     330.417     345.214     351.499     352.486     350.440
  7     362.370     361.754     359.796     356.138     349.535     333.854     360.449     368.473     370.942     368.130
  6     365.771     365.291     363.862     361.671     359.748     363.779     372.191     377.725     379.540     374.054
  5     367.182     366.800     365.685     364.053     362.866     367.205     374.194     378.423     381.289     378.716
  4     366.587     366.255     365.223     363.330     359.837     348.000     366.583     368.427     375.032     377.769
  3     363.876     363.614     362.818     361.491     359.848     360.886     357.707     332.049     359.748     368.271
  2     358.736     358.543     357.974     357.097     356.238     358.105     350.789     326.148     342.353     348.269
  1     350.835     350.691     350.267     349.314     348.393     346.731     339.498     321.458     316.312     310.410



          11          12          13          14          15          16
  9     302.917     298.333     293.750     289.167     284.583     281.146
  8     344.046     339.468     336.240     334.378     332.836     331.997
  7     359.177     353.422     350.361     350.840     350.542     350.189
  6     347.750     341.058     336.374     343.925     343.490     342.617
  5     365.715     336.627     331.942     323.000     314.058     309.374
  4     372.642     362.247     353.523     339.078     309.627     307.199
  3     367.741     362.493     355.764     345.256     334.111     330.812
  2     347.558     343.456     337.749     331.349     325.066     322.473
  1     304.508     298.607     292.705     286.803     280.902     276.475



                              *** Output at End of Steady State Iteration No.     9 ***

     Time .......................................................       0      (yr)

                              Water-Table Elevation  (m)

                    Areal Layers

                                                            K =  1

           1           2           3           4           5           6           7           8           9          10
  9     339.147     338.770     337.583     335.402     331.926     326.220     321.250     316.667     312.083     307.500
  8     345.430     345.019     343.729     341.334     337.472     330.417     343.768     348.024     348.643     346.322
  7     350.483     350.140     348.894     347.058     343.761     333.854     358.007     365.518     367.802     365.071
  6     353.795     353.581     353.021     352.465     353.046     359.809     368.782     374.425     376.367     371.464
  5     355.361     355.234     354.951     354.885     356.105     363.259     370.797     375.250     378.171     375.882
  4     355.060     354.966     354.721     354.381     353.628     348.000     364.011     365.928     372.149     374.544
  3     352.868     352.810     352.677     352.617     353.004     356.767     354.859     332.049     357.450     365.125
  2     348.574     348.545     348.503     348.617     349.262     353.284     346.480     326.148     340.829     345.421
  1     342.607     342.586     342.551     342.561     342.733     342.479     337.002     321.458     316.312     310.410



          11          12          13          14          15          16
  9     302.917     298.333     293.750     289.167     284.583     281.146
  8     341.258     336.584     332.898     330.371     328.314     327.283
  7     356.556     350.524     345.581     344.753     343.536     342.867
  6     347.750     341.058     336.374     341.095     339.510     338.297
  5     363.751     336.627     331.942     323.000     314.058     309.374
  4     369.342     358.949     350.136     336.465     309.627     307.199
  3     363.986     358.213     350.983     340.583     330.045     326.820
  2     344.039     339.604     333.804     327.184     320.851     318.234
  1     304.508     298.607     292.705     286.803     280.902     276.475



                              *** Output at End of Steady State Iteration No.    10 ***

     Time .......................................................       0      (yr)

                              Water-Table Elevation  (m)

                    Areal Layers

                                                            K =  1

           1           2           3           4           5           6           7           8           9          10
  9     331.029     330.951     330.673     330.060     328.849     326.220     321.250     316.667     312.083     307.500
  8     335.869     335.809     335.587     335.049     333.809     330.417     343.046     346.942     347.429     345.210
  7     339.847     339.876     339.952     340.011     339.510     333.854     356.676     364.173     366.537     363.995
  6     342.734     342.894     343.459     344.751     347.718     356.992     366.680     372.601     374.743     370.227
  5     344.266     344.504     345.316     347.066     350.754     360.425     368.638     373.394     376.468     374.443
  4     344.302     344.552     345.350     346.799     348.721     348.000     362.456     364.481     370.636     373.011
  3     342.849     343.092     343.870     345.333     347.814     354.046     353.179     332.049     356.375     363.735
  2     339.948     340.165     340.856     342.161     344.386     350.162     344.758     326.148     340.259     344.547
  1     335.760     335.930     336.466     337.429     338.800     339.866     335.559     321.458     316.312     310.410



          11          12          13          14          15          16
  9     302.917     298.333     293.750     289.167     284.583     281.146
  8     340.437     335.770     331.945     329.184     326.926     325.815
  7     355.692     348.494     344.632     343.412     341.898     341.123
  6     347.750     341.058     336.374     340.322     338.383     337.054
  5     362.804     336.627     331.942     323.000     314.058     309.374
  4     367.931     357.695     347.788     335.679     309.627     307.199
  3     362.468     356.649     348.200     339.270     328.923     325.757
  2     343.001     338.470     332.609     325.973     319.699     317.100
  1     304.508     298.607     292.705     286.803     280.902     276.475



                              *** Output at End of Steady State Iteration No.    11 ***

     Time .......................................................       0      (yr)

                              Water-Table Elevation  (m)

                    Areal Layers

                                                            K =  1

           1           2           3           4           5           6           7           8           9          10
  9     326.548     326.658     326.941     327.243     327.267     326.220     321.250     316.667     312.083     307.500
  8     330.605     330.764     331.194     331.718     331.918     330.417     342.806     346.693     347.208     345.037
  7     334.034     334.300     335.080     336.266     337.295     333.854     356.167     363.696     366.133     363.707
  6     336.619     337.018     338.282     340.680     345.007     355.687     365.823     371.950     374.226     369.868
  5     338.098     338.572     340.078     342.928     347.951     359.088     367.743     372.722     375.923     374.036
  4     338.333     338.806     340.268     342.800     346.242     348.000     361.817     363.951     370.167     372.609
  3     337.333     337.775     339.137     341.534     345.215     352.776     352.438     332.049     356.058     363.388
  2     335.172     335.554     336.728     338.788     341.960     347.506     344.024     326.148     340.112     344.357
  1     331.988     332.285     333.193     334.736     336.823     338.630     334.909     321.458     316.312     310.410



          11          12          13          14          15          16
  9     302.917     298.333     293.750     289.167     284.583     281.146
  8     340.300     335.644     331.802     329.008     326.718     325.594
  7     355.540     348.359     344.523     343.262     341.708     340.918
  6     347.750     341.058     336.374     340.223     338.235     336.889
  5     362.549     336.627     331.942     323.000     314.058     309.374
  4     367.615     357.482     347.560     335.538     309.627     307.199
  3     362.142     356.380     347.911     339.063     328.767     325.615
  2     342.802     338.277     332.408     325.788     319.537     316.945
  1     304.508     298.607     292.705     286.803     280.902     276.475



                              *** Output at End of Steady State Iteration No.    12 ***

     Time .......................................................       0      (yr)

                              Water-Table Elevation  (m)

                    Areal Layers

                                                            K =  1

           1           2           3           4           5           6           7           8           9          10
  9     325.107     325.281     325.752     326.354     326.773     326.220     321.250     316.667     312.083     307.500
  8     328.911     329.145     329.795     330.668     331.329     330.417     342.748     346.636     347.161     345.006
  7     332.165     332.511     333.528     335.088     336.610     333.854     356.037     363.584     366.044     363.651
  6     334.652     335.134     336.639     339.409     344.193     355.304     365.608     371.804     374.120     369.799
  5     336.116     336.671     338.415     341.632     347.077     358.761     367.525     372.573     375.817     373.967
  4     336.416     336.968     338.658     341.553     345.483     348.000     361.654     363.829     370.078     372.548
  3     335.565     336.077     337.643     340.356     344.436     352.410     352.230     332.049     355.999     363.338
  2     333.641     334.080     335.422     337.740     341.223     347.081     343.813     326.148     340.087     344.333
  1     330.779     331.122     332.159     333.899     336.222     338.260     334.721     321.458     316.312     310.410



          11          12          13          14          15          16
  9     302.917     298.333     293.750     289.167     284.583     281.146
  8     340.282     335.627     331.793     329.000     326.710     325.585
  7     355.521     348.361     344.517     343.257     341.703     340.912
  6     347.750     341.058     336.374     340.219     338.230     336.883
  5     362.508     336.627     331.942     323.000     314.058     309.374
  4     367.578     357.468     347.565     335.523     309.627     307.199
  3     362.107     356.364     347.912     339.047     328.757     325.607
  2     342.783     338.262     332.385     325.773     319.526     316.936
  1     304.508     298.607     292.705     286.803     280.902     276.475



                              *** Output at End of Steady State Iteration No.    13 ***

     Time .......................................................       0      (yr)

                              Water-Table Elevation  (m)

                    Areal Layers

                                                            K =  1

           1           2           3           4           5           6           7           8           9          10
  9     324.857     325.043     325.548     326.203     326.690     326.220     321.250     316.667     312.083     307.500
  8     328.619     328.866     329.555     330.491     331.231     330.417     342.740     346.629     347.156     345.002
  7     331.843     332.205     333.264     334.891     336.497     333.854     356.017     363.569     366.033     363.644
  6     334.316     334.813     336.362     339.200     344.065     355.243     365.578     371.786     374.108     369.792
  5     335.778     336.349     338.137     341.421     346.948     358.704     367.495     372.554     375.805     373.960
  4     336.090     336.656     338.389     341.349     345.364     348.000     361.631     363.812     370.068     372.542
  3     335.264     335.789     337.392     340.163     344.314     352.357     352.200     332.049     355.992     363.333
  2     333.379     333.829     335.202     337.566     341.104     347.026     343.782     326.148     340.084     344.330
  1     330.573     330.923     331.984     333.760     336.123     338.195     334.691     321.458     316.312     310.410



          11          12          13          14          15          16
  9     302.917     298.333     293.750     289.167     284.583     281.146
  8     340.280     335.626     331.793     329.000     326.710     325.585
  7     355.518     348.360     344.517     343.257     341.703     340.912
  6     347.750     341.058     336.374     340.219     338.230     336.883
  5     362.504     336.627     331.942     323.000     314.058     309.374
  4     367.574     357.466     347.564     335.523     309.627     307.199
  3     362.104     356.362     347.911     339.047     328.757     325.607
  2     342.781     338.261     332.385     325.772     319.526     316.936
  1     304.508     298.607     292.705     286.803     280.902     276.475



                              *** Output at End of Steady State Iteration No.    14 ***

     Time .......................................................       0      (yr)

                              Water-Table Elevation  (m)

                    Areal Layers

                                                            K =  1

           1           2           3           4           5           6           7           8           9          10
  9     324.836     325.022     325.530     326.190     326.683     326.220     321.250     316.667     312.083     307.500
  8     328.593     328.842     329.535     330.475     331.223     330.417     342.739     346.629     347.156     345.002
  7     331.816     332.179     333.242     334.874     336.488     333.854     356.016     363.569     366.033     363.644
  6     334.287     334.786     336.339     339.183     344.055     355.239     365.576     371.785     374.108     369.791
  5     335.749     336.322     338.114     341.404     346.938     358.701     367.493     372.553     375.804     373.960
  4     336.062     336.630     338.367     341.333     345.355     348.000     361.630     363.811     370.067     372.542
  3     335.239     335.764     337.371     340.147     344.304     352.353     352.197     332.049     355.991     363.333
  2     333.357     333.808     335.184     337.552     341.095     347.022     343.780     326.148     340.084     344.330
  1     330.555     330.907     331.970     333.749     336.115     338.192     334.689     321.458     316.312     310.410



          11          12          13          14          15          16
  9     302.917     298.333     293.750     289.167     284.583     281.146
  8     340.280     335.626     331.793     329.000     326.710     325.585
  7     355.518     348.360     344.517     343.257     341.703     340.912
  6     347.750     341.058     336.374     340.219     338.230     336.883
  5     362.504     336.627     331.942     323.000     314.058     309.374
  4     367.574     357.466     347.564     335.523     309.627     307.199
  3     362.103     356.362     347.911     339.047     328.757     325.607
  2     342.781     338.261     332.385     325.772     319.526     316.936
  1     304.508     298.607     292.705     286.803     280.902     276.475



                              *** Output at End of Steady State Iteration No.    15 ***

     Time .......................................................       0      (yr)

                              Water-Table Elevation  (m)

                    Areal Layers

                                                            K =  1

           1           2           3           4           5           6           7           8           9          10
  9     324.835     325.021     325.530     326.190     326.683     326.220     321.250     316.667     312.083     307.500
  8     328.592     328.841     329.534     330.475     331.222     330.417     342.739     346.629     347.156     345.002
  7     331.814     332.177     333.241     334.874     336.488     333.854     356.016     363.569     366.033     363.644
  6     334.286     334.785     336.338     339.183     344.055     355.239     365.576     371.785     374.108     369.791
  5     335.748     336.321     338.113     341.404     346.938     358.701     367.493     372.553     375.804     373.960
  4     336.061     336.629     338.366     341.332     345.355     348.000     361.630     363.811     370.067     372.542
  3     335.238     335.764     337.370     340.147     344.304     352.353     352.197     332.049     355.991     363.333
  2     333.356     333.807     335.183     337.552     341.095     347.022     343.780     326.148     340.084     344.330
  1     330.554     330.906     331.969     333.748     336.115     338.191     334.689     321.458     316.312     310.410



          11          12          13          14          15          16
  9     302.917     298.333     293.750     289.167     284.583     281.146
  8     340.280     335.626     331.793     329.000     326.710     325.585
  7     355.518     348.360     344.517     343.257     341.703     340.912
  6     347.750     341.058     336.374     340.219     338.230     336.883
  5     362.504     336.627     331.942     323.000     314.058     309.374
  4     367.574     357.466     347.564     335.523     309.627     307.199
  3     362.103     356.362     347.911     339.047     328.757     325.607
  2     342.781     338.261     332.385     325.772     319.526     316.936
  1     304.508     298.607     292.705     286.803     280.902     276.475



                              *** Output at End of Steady State Iteration No.    16 ***

     Time .......................................................       0      (yr)

                              Water-Table Elevation  (m)

                    Areal Layers

                                                            K =  1

           1           2           3           4           5           6           7           8           9          10
  9     324.835     325.021     325.530     326.190     326.683     326.220     321.250     316.667     312.083     307.500
  8     328.592     328.841     329.534     330.475     331.222     330.417     342.739     346.629     347.156     345.002
  7     331.814     332.177     333.241     334.874     336.488     333.854     356.016     363.569     366.033     363.644
  6     334.286     334.785     336.338     339.183     344.055     355.239     365.576     371.785     374.108     369.791
  5     335.748     336.320     338.113     341.404     346.938     358.701     367.493     372.553     375.804     373.960
  4     336.061     336.629     338.366     341.332     345.355     348.000     361.630     363.811     370.067     372.542
  3     335.238     335.764     337.370     340.147     344.304     352.353     352.197     332.049     355.991     363.333
  2     333.356     333.807     335.183     337.552     341.095     347.022     343.780     326.148     340.084     344.330
  1     330.554     330.906     331.969     333.748     336.115     338.191     334.689     321.458     316.312     310.410



          11          12          13          14          15          16
  9     302.917     298.333     293.750     289.167     284.583     281.146
  8     340.280     335.626     331.793     329.000     326.710     325.585
  7     355.518     348.360     344.517     343.257     341.703     340.912
  6     347.750     341.058     336.374     340.219     338.230     336.883
  5     362.504     336.627     331.942     323.000     314.058     309.374
  4     367.574     357.466     347.564     335.523     309.627     307.199
  3     362.103     356.362     347.911     339.047     328.757     325.607
  2     342.781     338.261     332.385     325.772     319.526     316.936
  1     304.508     298.607     292.705     286.803     280.902     276.475



                              *** Output at End of Steady State Iteration No.    17 ***

     Time .......................................................       0      (yr)

                              Water-Table Elevation  (m)

                    Areal Layers

                                                            K =  1

           1           2           3           4           5           6           7           8           9          10
  9     324.835     325.021     325.530     326.190     326.683     326.220     321.250     316.667     312.083     307.500
  8     328.592     328.841     329.534     330.475     331.222     330.417     342.739     346.629     347.156     345.002
  7     331.814     332.177     333.241     334.874     336.488     333.854     356.016     363.569     366.033     363.644
  6     334.286     334.785     336.338     339.183     344.055     355.239     365.576     371.785     374.108     369.791
  5     335.748     336.320     338.113     341.404     346.938     358.701     367.493     372.553     375.804     373.960
  4     336.061     336.629     338.366     341.332     345.355     348.000     361.630     363.811     370.067     372.542
  3     335.238     335.764     337.370     340.147     344.304     352.353     352.197     332.049     355.991     363.333
  2     333.356     333.807     335.183     337.552     341.095     347.022     343.780     326.148     340.084     344.330
  1     330.554     330.906     331.969     333.748     336.115     338.191     334.689     321.458     316.312     310.410



          11          12          13          14          15          16
  9     302.917     298.333     293.750     289.167     284.583     281.146
  8     340.280     335.626     331.793     329.000     326.710     325.585
  7     355.518     348.360     344.517     343.257     341.703     340.912
  6     347.750     341.058     336.374     340.219     338.230     336.883
  5     362.504     336.627     331.942     323.000     314.058     309.374
  4     367.574     357.466     347.564     335.523     309.627     307.199
  3     362.103     356.362     347.911     339.047     328.757     325.607
  2     342.781     338.261     332.385     325.772     319.526     316.936
  1     304.508     298.607     292.705     286.803     280.902     276.475


