

                          . Central Oklahoma aquifer,                                                     
                          . demonstration of PHAST                                                        


                              X-Direction Node Coordinates    (m)

           1           2           3           4           5           6           7           8           9          10
           0.00     6000.00    12000.00    18000.00    24000.00    30000.00    36000.00    42000.00    48000.00    54000.00



          11          12          13          14          15          16
       60000.00    66000.00    72000.00    78000.00    84000.00    90000.00




                              Y-Direction Node Coordinates   (m)

           1           2           3           4           5           6           7           8           9
           0.00     6000.00    12000.00    18000.00    24000.00    30000.00    36000.00    42000.00    48000.00




                              Z-Direction Node Coordinates   (m)

           1           2           3           4           5
           0.00      100.00      200.00      300.00      400.00



                              *** Output at End of Steady State Iteration No.     1 ***

     Time .......................................................    0.00      (yr)
     Maximum change in potentiometric head ... -1.9101E-05    (m ) at location ( 3.000E+04, 4.800E+04,  300.    )(m)

                              Fluid Potentiometric Head (m)

                    Areal Layers

                                                            K =  1

           1           2           3           4           5           6           7           8           9          10
  9     324.829     325.016     325.524     326.183     326.701     327.066     325.332     322.440     318.063            
  8     328.588     328.836     329.528     330.469     331.255     331.718     341.367     345.210     345.840            
  7     331.811     332.174     333.236     334.869     336.574     337.269     353.352     360.851     363.452            
  6     334.284     334.782     336.334     339.171     343.988     352.655     362.966     369.253     371.787            
  5     335.747     336.319     338.110     341.394     346.882     356.136     364.925     370.028     373.420            
  4     336.061     336.628     338.363     341.329     345.399     349.659     359.053     361.168     367.394            
  3     335.237     335.762     337.367     340.139     344.250     349.844     349.686     337.756     352.915            
  2     333.354     333.805     335.179     337.543     341.035     345.593     342.391     329.401     338.501            
  1     330.551     330.903     331.965     333.741     336.098     338.076     334.615     323.763     320.273            



          11          12          13          14          15          16

                                                            K =  2

           1           2           3           4           5           6           7           8           9          10
  9     324.830     325.016     325.524     326.184     326.698     326.966     324.902     321.829     317.170     311.252
  8     328.588     328.837     329.528     330.469     331.249     331.578     341.504     345.353     345.998     343.977
  7     331.812     332.174     333.237     334.869     336.559     336.919     353.504     361.020     363.653     361.508
  6     334.284     334.783     336.334     339.173     343.998     352.797     363.129     369.411     371.951     367.700
  5     335.747     336.319     338.110     341.395     346.890     356.281     365.085     370.186     373.620     372.006
  4     336.061     336.628     338.364     341.329     345.392     349.496     359.203     361.314     367.684     370.583
  3     335.237     335.762     337.367     340.140     344.259     349.986     349.821     337.171     353.335     361.184
  2     333.354     333.805     335.179     337.544     341.044     345.746     342.534     329.056     338.807     343.318
  1     330.552     330.903     331.965     333.742     336.101     338.093     334.624     323.504     319.670     313.765



          11          12          13          14          15          16
  9     306.608     302.017     297.508     293.103     288.810     285.845
  8     339.227     334.547     330.688     327.862     325.540     324.392
  7     353.416     347.422     343.565     342.275     340.710     339.914
  6     349.245     341.413     336.915     339.287     337.230     335.865
  5     360.343     338.647     332.799     324.391     315.352     311.108
  4     365.572     355.344     346.615     334.528     311.839     308.591
  3     359.975     354.215     346.933     338.029     327.729     324.565
  2     341.737     337.173     331.256     324.617     318.350     315.740
  1     308.278     302.518     296.619     290.651     284.802     280.869

                                                            K =  3

           1           2           3           4           5           6           7           8           9          10
  9     324.832     325.018     325.526     326.186     326.689     326.675     323.579     319.954     315.475     310.325
  8     328.590     328.838     329.530     330.471     331.234     331.151     341.938     345.804     346.357     344.226
  7     331.813     332.175     333.238     334.870     336.521     335.825     353.974     361.526     364.051     361.749
  6     334.285     334.783     336.336     339.177     344.023     353.241     363.616     369.885     372.300     367.924
  5     335.747     336.320     338.111     341.399     346.912     356.728     365.565     370.658     373.997     372.225
  4     336.061     336.629     338.364     341.330     345.373     348.974     359.661     361.764     368.141     370.804
  3     335.237     335.763     337.369     340.143     344.280     350.422     350.245     335.340     353.889     361.427
  2     333.355     333.806     335.181     337.547     341.067     346.214     342.979     327.996     339.264     343.565
  1     330.553     330.904     331.967     333.744     336.107     338.139     334.649     322.735     318.547     312.939



          11          12          13          14          15          16
  9     305.701     301.112     296.585     292.136     287.772     284.692
  8     339.482     334.808     330.956     328.138     325.823     324.680
  7     353.642     347.654     343.801     342.520     340.959     340.164
  6     348.885     341.322     336.784     339.514     337.476     336.115
  5     360.564     338.156     332.586     324.052     315.030     310.681
  4     365.795     355.571     346.849     334.768     311.300     308.244
  3     360.213     354.457     347.178     338.284     327.981     324.821
  2     341.990     337.437     331.530     324.897     318.635     316.029
  1     307.352     301.558     295.658     289.706     283.843     279.792

                                                            K =  4

           1           2           3           4           5           6           7           8           9          10
  9     324.835     325.021     325.530     326.190     326.683     326.220     321.250     316.667     312.083     307.500
  8     328.592     328.841     329.534     330.475     331.222     330.417     342.739     346.629     347.156     345.002
  7     331.814     332.177     333.241     334.874     336.488     333.854     354.805     362.377     364.846     362.465
  6     334.286     334.785     336.338     339.183     344.055     354.040     364.432     370.676     373.020     368.606
  5     335.748     336.320     338.113     341.404     346.938     357.513     366.368     371.447     374.725     372.878
  4     336.061     336.629     338.366     341.332     345.355     348.000     360.455     362.584     368.934     371.459
  3     335.238     335.764     337.370     340.147     344.304     351.191     351.017     332.049     354.759     362.149
  2     333.356     333.807     335.183     337.552     341.095     347.022     343.780     326.148     340.084     344.330
  1     330.554     330.906     331.969     333.748     336.115     338.191     334.689     321.458     316.312     310.410



          11          12          13          14          15          16
  9     302.917     298.333     293.750     289.167     284.583     281.146
  8     340.280     335.626     331.793     329.000     326.710     325.585
  7     354.334     348.360     344.517     343.257     341.703     340.912
  6     347.750     341.058     336.374     340.219     338.230     336.883
  5     361.262     336.627     331.942     323.000     314.058     309.374
  4     366.463     356.271     347.564     335.523     309.627     307.199
  3     360.929     355.183     347.911     339.047     328.757     325.607
  2     342.781     338.261     332.385     325.772     319.526     316.936
  1     304.508     298.607     292.705     286.803     280.902     276.475

                                                            K =  5

           1           2           3           4           5           6           7           8           9          10
  9                                                                                                                        
  8                                                                                                                        
  7                                                                             356.016     363.569     366.033     363.644
  6                                                                 355.239     365.576     371.785     374.108     369.791
  5                                                                 358.701     367.493     372.553     375.804     373.960
  4                                                                             361.630     363.811     370.067     372.542
  3                                                                 352.353     352.197                 355.991     363.333
  2                                                                                                                        
  1                                                                                                                        



          11          12          13          14          15          16
  9                                                                        
  8                                                                        
  7     355.518                                                            
  6                                                                        
  5     362.504                                                            
  4     367.574     357.466                                                
  3     362.103     356.362                                                
  2                                                                        
  1                                                                        



                              Fraction of cell that is saturated  (-)

                    Areal Layers

                                                            K =  4

           1           2           3           4           5           6           7           8           9          10
  9      0.7483      0.7502      0.7553      0.7619      0.7668      0.7622      0.7125      0.6667      0.6208      0.5750
  8      0.7859      0.7884      0.7953      0.8047      0.8122      0.8042      0.9274      0.9663      0.9716      0.9500
  7      0.8181      0.8218      0.8324      0.8487      0.8649      0.8385                                                
  6      0.8429      0.8478      0.8634      0.8918      0.9405                                                            
  5      0.8575      0.8632      0.8811      0.9140      0.9694                                                            
  4      0.8606      0.8663      0.8837      0.9133      0.9535      0.9800                                                
  3      0.8524      0.8576      0.8737      0.9015      0.9430                              0.8205                        
  2      0.8336      0.8381      0.8518      0.8755      0.9109      0.9702      0.9378      0.7615      0.9008      0.9433
  1      0.8055      0.8091      0.8197      0.8375      0.8612      0.8819      0.8469      0.7146      0.6631      0.6041



          11          12          13          14          15          16
  9      0.5292      0.4833      0.4375      0.3917      0.3458      0.3115
  8      0.9028      0.8563      0.8179      0.7900      0.7671      0.7559
  7                  0.9836      0.9452      0.9326      0.9170      0.9091
  6      0.9775      0.9106      0.8637      0.9022      0.8823      0.8688
  5                  0.8663      0.8194      0.7300      0.6406      0.5937
  4                              0.9756      0.8552      0.5963      0.5720
  3                              0.9791      0.8905      0.7876      0.7561
  2      0.9278      0.8826      0.8238      0.7577      0.6953      0.6694
  1      0.5451      0.4861      0.4270      0.3680      0.3090      0.2648

                                                            K =  5

           1           2           3           4           5           6           7           8           9          10
  9                                                                                                                        
  8                                                                                                                        
  7                                                                              0.1203      0.2714      0.3207      0.2729
  6                                                                  0.1048      0.3115      0.4357      0.4822      0.3958
  5                                                                  0.1740      0.3499      0.4511      0.5161      0.4792
  4                                                                              0.2326      0.2762      0.4013      0.4508
  3                                                                  0.0471      0.0439                  0.1198      0.2667
  2                                                                                                                        
  1                                                                                                                        



          11          12          13          14          15          16
  9                                                                        
  8                                                                        
  7      0.1104                                                            
  6                                                                        
  5      0.2501                                                            
  4      0.3515      0.1493                                                
  3      0.2421      0.1272                                                
  2                                                                        
  1                                                                        



                              *** Output at End of Steady State Iteration No.     2 ***

     Time .......................................................    0.00      (yr)
     Maximum change in potentiometric head ... -3.8594E-07    (m ) at location ( 2.400E+04, 4.800E+04,  300.    )(m)

                              Fluid Potentiometric Head (m)

                    Areal Layers

                                                            K =  1

           1           2           3           4           5           6           7           8           9          10
  9     324.829     325.016     325.524     326.183     326.701     327.066     325.332     322.440     318.063            
  8     328.588     328.836     329.528     330.469     331.255     331.718     341.367     345.210     345.840            
  7     331.811     332.174     333.236     334.869     336.574     337.269     353.352     360.851     363.452            
  6     334.284     334.782     336.334     339.171     343.988     352.655     362.966     369.253     371.787            
  5     335.747     336.319     338.110     341.394     346.882     356.136     364.925     370.028     373.420            
  4     336.061     336.628     338.363     341.329     345.399     349.659     359.053     361.168     367.394            
  3     335.237     335.762     337.367     340.139     344.250     349.844     349.686     337.756     352.915            
  2     333.354     333.805     335.179     337.543     341.035     345.593     342.391     329.401     338.501            
  1     330.551     330.903     331.965     333.741     336.098     338.076     334.615     323.763     320.273            



          11          12          13          14          15          16

                                                            K =  2

           1           2           3           4           5           6           7           8           9          10
  9     324.830     325.016     325.524     326.184     326.698     326.966     324.902     321.829     317.170     311.252
  8     328.588     328.837     329.528     330.469     331.249     331.578     341.504     345.353     345.998     343.977
  7     331.812     332.174     333.237     334.869     336.559     336.919     353.504     361.020     363.653     361.508
  6     334.284     334.783     336.334     339.173     343.998     352.797     363.129     369.411     371.951     367.700
  5     335.747     336.319     338.110     341.395     346.890     356.281     365.085     370.186     373.620     372.006
  4     336.061     336.628     338.364     341.329     345.392     349.496     359.203     361.314     367.684     370.583
  3     335.237     335.762     337.367     340.140     344.259     349.986     349.821     337.171     353.335     361.184
  2     333.354     333.805     335.179     337.544     341.044     345.746     342.534     329.056     338.807     343.318
  1     330.552     330.903     331.965     333.742     336.101     338.093     334.624     323.504     319.670     313.765



          11          12          13          14          15          16
  9     306.608     302.017     297.508     293.103     288.810     285.845
  8     339.227     334.547     330.688     327.862     325.540     324.392
  7     353.416     347.422     343.565     342.275     340.710     339.914
  6     349.245     341.413     336.915     339.287     337.230     335.865
  5     360.343     338.647     332.799     324.391     315.352     311.108
  4     365.572     355.344     346.615     334.528     311.839     308.591
  3     359.975     354.215     346.933     338.029     327.729     324.565
  2     341.737     337.173     331.256     324.617     318.350     315.740
  1     308.278     302.518     296.619     290.651     284.802     280.869

                                                            K =  3

           1           2           3           4           5           6           7           8           9          10
  9     324.832     325.018     325.526     326.186     326.689     326.675     323.579     319.954     315.475     310.325
  8     328.590     328.838     329.530     330.471     331.234     331.151     341.938     345.804     346.357     344.226
  7     331.813     332.175     333.238     334.870     336.521     335.825     353.974     361.526     364.051     361.749
  6     334.285     334.783     336.336     339.177     344.023     353.241     363.616     369.885     372.300     367.924
  5     335.747     336.320     338.111     341.399     346.912     356.728     365.565     370.658     373.997     372.225
  4     336.061     336.629     338.364     341.330     345.373     348.974     359.661     361.764     368.141     370.804
  3     335.237     335.763     337.369     340.143     344.280     350.422     350.245     335.340     353.889     361.427
  2     333.355     333.806     335.181     337.547     341.067     346.214     342.979     327.996     339.264     343.565
  1     330.553     330.904     331.967     333.744     336.107     338.139     334.649     322.735     318.547     312.939



          11          12          13          14          15          16
  9     305.701     301.112     296.585     292.136     287.772     284.692
  8     339.482     334.808     330.956     328.138     325.823     324.680
  7     353.642     347.654     343.801     342.520     340.959     340.164
  6     348.885     341.322     336.784     339.514     337.476     336.115
  5     360.564     338.156     332.586     324.052     315.030     310.681
  4     365.795     355.571     346.849     334.768     311.300     308.244
  3     360.213     354.457     347.178     338.284     327.981     324.821
  2     341.990     337.437     331.530     324.897     318.635     316.029
  1     307.352     301.558     295.658     289.706     283.843     279.792

                                                            K =  4

           1           2           3           4           5           6           7           8           9          10
  9     324.835     325.021     325.530     326.190     326.683     326.220     321.250     316.667     312.083     307.500
  8     328.592     328.841     329.534     330.475     331.222     330.417     342.739     346.629     347.156     345.002
  7     331.814     332.177     333.241     334.874     336.488     333.854     354.805     362.377     364.846     362.465
  6     334.286     334.785     336.338     339.183     344.055     354.040     364.432     370.676     373.020     368.606
  5     335.748     336.320     338.113     341.404     346.938     357.513     366.368     371.447     374.725     372.878
  4     336.061     336.629     338.366     341.332     345.355     348.000     360.455     362.584     368.934     371.459
  3     335.238     335.764     337.370     340.147     344.304     351.191     351.017     332.049     354.759     362.149
  2     333.356     333.807     335.183     337.552     341.095     347.022     343.780     326.148     340.084     344.330
  1     330.554     330.906     331.969     333.748     336.115     338.191     334.689     321.458     316.312     310.410



          11          12          13          14          15          16
  9     302.917     298.333     293.750     289.167     284.583     281.146
  8     340.280     335.626     331.793     329.000     326.710     325.585
  7     354.334     348.360     344.517     343.257     341.703     340.912
  6     347.750     341.058     336.374     340.219     338.230     336.883
  5     361.262     336.627     331.942     323.000     314.058     309.374
  4     366.463     356.271     347.564     335.523     309.627     307.199
  3     360.929     355.183     347.911     339.047     328.757     325.607
  2     342.781     338.261     332.385     325.772     319.526     316.936
  1     304.508     298.607     292.705     286.803     280.902     276.475

                                                            K =  5

           1           2           3           4           5           6           7           8           9          10
  9                                                                                                                        
  8                                                                                                                        
  7                                                                             356.016     363.569     366.033     363.644
  6                                                                 355.239     365.576     371.785     374.108     369.791
  5                                                                 358.701     367.493     372.553     375.804     373.960
  4                                                                             361.630     363.811     370.067     372.542
  3                                                                 352.353     352.197                 355.991     363.333
  2                                                                                                                        
  1                                                                                                                        



          11          12          13          14          15          16
  9                                                                        
  8                                                                        
  7     355.518                                                            
  6                                                                        
  5     362.504                                                            
  4     367.574     357.466                                                
  3     362.103     356.362                                                
  2                                                                        
  1                                                                        



                              Fraction of cell that is saturated  (-)

                    Areal Layers

                                                            K =  4

           1           2           3           4           5           6           7           8           9          10
  9      0.7483      0.7502      0.7553      0.7619      0.7668      0.7622      0.7125      0.6667      0.6208      0.5750
  8      0.7859      0.7884      0.7953      0.8047      0.8122      0.8042      0.9274      0.9663      0.9716      0.9500
  7      0.8181      0.8218      0.8324      0.8487      0.8649      0.8385                                                
  6      0.8429      0.8478      0.8634      0.8918      0.9405                                                            
  5      0.8575      0.8632      0.8811      0.9140      0.9694                                                            
  4      0.8606      0.8663      0.8837      0.9133      0.9535      0.9800                                                
  3      0.8524      0.8576      0.8737      0.9015      0.9430                              0.8205                        
  2      0.8336      0.8381      0.8518      0.8755      0.9109      0.9702      0.9378      0.7615      0.9008      0.9433
  1      0.8055      0.8091      0.8197      0.8375      0.8612      0.8819      0.8469      0.7146      0.6631      0.6041



          11          12          13          14          15          16
  9      0.5292      0.4833      0.4375      0.3917      0.3458      0.3115
  8      0.9028      0.8563      0.8179      0.7900      0.7671      0.7559
  7                  0.9836      0.9452      0.9326      0.9170      0.9091
  6      0.9775      0.9106      0.8637      0.9022      0.8823      0.8688
  5                  0.8663      0.8194      0.7300      0.6406      0.5937
  4                              0.9756      0.8552      0.5963      0.5720
  3                              0.9791      0.8905      0.7876      0.7561
  2      0.9278      0.8826      0.8238      0.7577      0.6953      0.6694
  1      0.5451      0.4861      0.4270      0.3680      0.3090      0.2648

                                                            K =  5

           1           2           3           4           5           6           7           8           9          10
  9                                                                                                                        
  8                                                                                                                        
  7                                                                              0.1203      0.2714      0.3207      0.2729
  6                                                                  0.1048      0.3115      0.4357      0.4822      0.3958
  5                                                                  0.1740      0.3499      0.4511      0.5161      0.4792
  4                                                                              0.2326      0.2762      0.4013      0.4508
  3                                                                  0.0471      0.0439                  0.1198      0.2667
  2                                                                                                                        
  1                                                                                                                        



          11          12          13          14          15          16
  9                                                                        
  8                                                                        
  7      0.1104                                                            
  6                                                                        
  5      0.2501                                                            
  4      0.3515      0.1493                                                
  3      0.2421      0.1272                                                
  2                                                                        
  1                                                                        




                      ***** Flow and Transport Simulation Completed *****
               Last time value calculated ...................................... 1.0000E+04 (yr)
               Last time step index ............................................       5
