

                          ..       Linear initial conditions: head, solutions, exchange,                  
                          ..       equilibrium_phases, gases, kinetics, surfaces, solid solutions         


                              X-Direction Node Coordinates    (m)

           1           2           3           4           5           6           7           8           9          10
              0        1.00        2.00        3.00        4.00        5.00        6.00        7.00        8.00        9.00



          11
          10.00




                              Y-Direction Node Coordinates   (m)

           1           2
              0       10.00




                              Z-Direction Node Coordinates   (m)

           1           2
              0       10.00




                                        *** Initial Conditions ***

                              Initial Solution Indices and Mixing Fraction

                    Areal Layers

                                                            K =  1

          1          2          3          4          5          6          7          8          9         10
   2   1,2,1.0    1,2,0.9    1,2,0.8    1,2,0.7    1,2,0.6    1,2,0.5    1,2,0.4    1,2,0.3    1,2,0.2    1,2,0.1   
   1   1,2,1.0    1,2,0.9    1,2,0.8    1,2,0.7    1,2,0.6    1,2,0.5    1,2,0.4    1,2,0.3    1,2,0.2    1,2,0.1   



         11
   2   1,2,0.0   
   1   1,2,0.0   

                                                            K =  2

          1          2          3          4          5          6          7          8          9         10
   2   1,2,1.0    1,2,0.9    1,2,0.8    1,2,0.7    1,2,0.6    1,2,0.5    1,2,0.4    1,2,0.3    1,2,0.2    1,2,0.1   
   1   1,2,1.0    1,2,0.9    1,2,0.8    1,2,0.7    1,2,0.6    1,2,0.5    1,2,0.4    1,2,0.3    1,2,0.2    1,2,0.1   



         11
   2   1,2,0.0   
   1   1,2,0.0   



                              Initial Equilibrium-Phase Indices and Mixing Fraction

                    Areal Layers

                                                            K =  1

          1          2          3          4          5          6          7          8          9         10
   2   1,2,1.0    1,2,0.9    1,2,0.8    1,2,0.7    1,2,0.6    1,2,0.5    1,2,0.4    1,2,0.3    1,2,0.2    1,2,0.1   
   1   1,2,1.0    1,2,0.9    1,2,0.8    1,2,0.7    1,2,0.6    1,2,0.5    1,2,0.4    1,2,0.3    1,2,0.2    1,2,0.1   



         11
   2   1,2,0.0   
   1   1,2,0.0   

                                                            K =  2

          1          2          3          4          5          6          7          8          9         10
   2   1,2,1.0    1,2,0.9    1,2,0.8    1,2,0.7    1,2,0.6    1,2,0.5    1,2,0.4    1,2,0.3    1,2,0.2    1,2,0.1   
   1   1,2,1.0    1,2,0.9    1,2,0.8    1,2,0.7    1,2,0.6    1,2,0.5    1,2,0.4    1,2,0.3    1,2,0.2    1,2,0.1   



         11
   2   1,2,0.0   
   1   1,2,0.0   



                              Initial Exchange Indices and Mixing Fraction

                    Areal Layers

                                                            K =  1

          1          2          3          4          5          6          7          8          9         10
   2   1,2,1.0    1,2,0.9    1,2,0.8    1,2,0.7    1,2,0.6    1,2,0.5    1,2,0.4    1,2,0.3    1,2,0.2    1,2,0.1   
   1   1,2,1.0    1,2,0.9    1,2,0.8    1,2,0.7    1,2,0.6    1,2,0.5    1,2,0.4    1,2,0.3    1,2,0.2    1,2,0.1   



         11
   2   1,2,0.0   
   1   1,2,0.0   

                                                            K =  2

          1          2          3          4          5          6          7          8          9         10
   2   1,2,1.0    1,2,0.9    1,2,0.8    1,2,0.7    1,2,0.6    1,2,0.5    1,2,0.4    1,2,0.3    1,2,0.2    1,2,0.1   
   1   1,2,1.0    1,2,0.9    1,2,0.8    1,2,0.7    1,2,0.6    1,2,0.5    1,2,0.4    1,2,0.3    1,2,0.2    1,2,0.1   



         11
   2   1,2,0.0   
   1   1,2,0.0   



                              Initial Surface Indices and Mixing Fraction

                    Areal Layers

                                                            K =  1

          1          2          3          4          5          6          7          8          9         10
   2   1,2,1.0    1,2,0.9    1,2,0.8    1,2,0.7    1,2,0.6    1,2,0.5    1,2,0.4    1,2,0.3    1,2,0.2    1,2,0.1   
   1   1,2,1.0    1,2,0.9    1,2,0.8    1,2,0.7    1,2,0.6    1,2,0.5    1,2,0.4    1,2,0.3    1,2,0.2    1,2,0.1   



         11
   2   1,2,0.0   
   1   1,2,0.0   

                                                            K =  2

          1          2          3          4          5          6          7          8          9         10
   2   1,2,1.0    1,2,0.9    1,2,0.8    1,2,0.7    1,2,0.6    1,2,0.5    1,2,0.4    1,2,0.3    1,2,0.2    1,2,0.1   
   1   1,2,1.0    1,2,0.9    1,2,0.8    1,2,0.7    1,2,0.6    1,2,0.5    1,2,0.4    1,2,0.3    1,2,0.2    1,2,0.1   



         11
   2   1,2,0.0   
   1   1,2,0.0   



                              Initial Gas-Phase Indices and Mixing Fraction

                    Areal Layers

                                                            K =  1

          1          2          3          4          5          6          7          8          9         10
   2   1,2,1.0    1,2,0.9    1,2,0.8    1,2,0.7    1,2,0.6    1,2,0.5    1,2,0.4    1,2,0.3    1,2,0.2    1,2,0.1   
   1   1,2,1.0    1,2,0.9    1,2,0.8    1,2,0.7    1,2,0.6    1,2,0.5    1,2,0.4    1,2,0.3    1,2,0.2    1,2,0.1   



         11
   2   1,2,0.0   
   1   1,2,0.0   

                                                            K =  2

          1          2          3          4          5          6          7          8          9         10
   2   1,2,1.0    1,2,0.9    1,2,0.8    1,2,0.7    1,2,0.6    1,2,0.5    1,2,0.4    1,2,0.3    1,2,0.2    1,2,0.1   
   1   1,2,1.0    1,2,0.9    1,2,0.8    1,2,0.7    1,2,0.6    1,2,0.5    1,2,0.4    1,2,0.3    1,2,0.2    1,2,0.1   



         11
   2   1,2,0.0   
   1   1,2,0.0   



                              Initial Solid-Solution Indices and Mixing Fraction

                    Areal Layers

                                                            K =  1

          1          2          3          4          5          6          7          8          9         10
   2   1,2,1.0    1,2,0.9    1,2,0.8    1,2,0.7    1,2,0.6    1,2,0.5    1,2,0.4    1,2,0.3    1,2,0.2    1,2,0.1   
   1   1,2,1.0    1,2,0.9    1,2,0.8    1,2,0.7    1,2,0.6    1,2,0.5    1,2,0.4    1,2,0.3    1,2,0.2    1,2,0.1   



         11
   2   1,2,0.0   
   1   1,2,0.0   

                                                            K =  2

          1          2          3          4          5          6          7          8          9         10
   2   1,2,1.0    1,2,0.9    1,2,0.8    1,2,0.7    1,2,0.6    1,2,0.5    1,2,0.4    1,2,0.3    1,2,0.2    1,2,0.1   
   1   1,2,1.0    1,2,0.9    1,2,0.8    1,2,0.7    1,2,0.6    1,2,0.5    1,2,0.4    1,2,0.3    1,2,0.2    1,2,0.1   



         11
   2   1,2,0.0   
   1   1,2,0.0   



                              Initial Kinetic-Reaction Indices and Mixing Fraction

                    Areal Layers

                                                            K =  1

          1          2          3          4          5          6          7          8          9         10
   2   1,2,1.0    1,2,0.9    1,2,0.8    1,2,0.7    1,2,0.6    1,2,0.5    1,2,0.4    1,2,0.3    1,2,0.2    1,2,0.1   
   1   1,2,1.0    1,2,0.9    1,2,0.8    1,2,0.7    1,2,0.6    1,2,0.5    1,2,0.4    1,2,0.3    1,2,0.2    1,2,0.1   



         11
   2   1,2,0.0   
   1   1,2,0.0   

                                                            K =  2

          1          2          3          4          5          6          7          8          9         10
   2   1,2,1.0    1,2,0.9    1,2,0.8    1,2,0.7    1,2,0.6    1,2,0.5    1,2,0.4    1,2,0.3    1,2,0.2    1,2,0.1   
   1   1,2,1.0    1,2,0.9    1,2,0.8    1,2,0.7    1,2,0.6    1,2,0.5    1,2,0.4    1,2,0.3    1,2,0.2    1,2,0.1   



         11
   2   1,2,0.0   
   1   1,2,0.0   



                              Initial Molality (mol/kgw)

                              Component: H         

                    Areal Layers

                                                            K =  1

           1           2           3           4           5           6           7           8           9          10
  2  1.6730E-02  1.8340E-02  1.9946E-02  2.1545E-02  2.3138E-02  2.4718E-02  2.6276E-02  2.7782E-02  2.9228E-02  2.9503E-02
  1  1.6730E-02  1.8340E-02  1.9946E-02  2.1545E-02  2.3138E-02  2.4718E-02  2.6276E-02  2.7782E-02  2.9228E-02  2.9503E-02



          11
  2  4.6294E-02
  1  4.6294E-02

                                                            K =  2

           1           2           3           4           5           6           7           8           9          10
  2  1.6730E-02  1.8340E-02  1.9946E-02  2.1545E-02  2.3138E-02  2.4718E-02  2.6276E-02  2.7782E-02  2.9228E-02  2.9503E-02
  1  1.6730E-02  1.8340E-02  1.9946E-02  2.1545E-02  2.3138E-02  2.4718E-02  2.6276E-02  2.7782E-02  2.9228E-02  2.9503E-02



          11
  2  4.6294E-02
  1  4.6294E-02



                              Initial Molality (mol/kgw)

                              Component: O         

                    Areal Layers

                                                            K =  1

           1           2           3           4           5           6           7           8           9          10
  2  0.8022      0.8039      0.8055      0.8069      0.8083      0.8095      0.8107      0.8118      0.8127      0.8130    
  1  0.8022      0.8039      0.8055      0.8069      0.8083      0.8095      0.8107      0.8118      0.8127      0.8130    



          11
  2  0.8216    
  1  0.8216    

                                                            K =  2

           1           2           3           4           5           6           7           8           9          10
  2  0.8022      0.8039      0.8055      0.8069      0.8083      0.8095      0.8107      0.8118      0.8127      0.8130    
  1  0.8022      0.8039      0.8055      0.8069      0.8083      0.8095      0.8107      0.8118      0.8127      0.8130    



          11
  2  0.8216    
  1  0.8216    



                              Initial Molality (mol/kgw)

                              Component: Al        

                    Areal Layers

                                                            K =  1

           1           2           3           4           5           6           7           8           9          10
  2       0           0           0           0           0           0           0           0           0           0    
  1       0           0           0           0           0           0           0           0           0           0    



          11
  2       0    
  1       0    

                                                            K =  2

           1           2           3           4           5           6           7           8           9          10
  2       0           0           0           0           0           0           0           0           0           0    
  1       0           0           0           0           0           0           0           0           0           0    



          11
  2       0    
  1       0    



                              Initial Molality (mol/kgw)

                              Component: Ba        

                    Areal Layers

                                                            K =  1

           1           2           3           4           5           6           7           8           9          10
  2  8.4300E-10  8.2396E-10  8.0867E-10  7.9610E-10  7.8557E-10  7.7658E-10  7.6869E-10  7.6143E-10  7.5312E-10  7.2999E-10
  1  8.4300E-10  8.2396E-10  8.0867E-10  7.9610E-10  7.8557E-10  7.7658E-10  7.6869E-10  7.6143E-10  7.5312E-10  7.2999E-10



          11
  2  7.0979E-10
  1  7.0979E-10

                                                            K =  2

           1           2           3           4           5           6           7           8           9          10
  2  8.4300E-10  8.2396E-10  8.0867E-10  7.9610E-10  7.8557E-10  7.7658E-10  7.6869E-10  7.6143E-10  7.5312E-10  7.2999E-10
  1  8.4300E-10  8.2396E-10  8.0867E-10  7.9610E-10  7.8557E-10  7.7658E-10  7.6869E-10  7.6143E-10  7.5312E-10  7.2999E-10



          11
  2  7.0979E-10
  1  7.0979E-10



                              Initial Molality (mol/kgw)

                              Component: Br        

                    Areal Layers

                                                            K =  1

           1           2           3           4           5           6           7           8           9          10
  2  1.0000E-03  9.0000E-04  8.0000E-04  7.0000E-04  6.0000E-04  5.0000E-04  4.0000E-04  3.0000E-04  2.0000E-04  1.0000E-04
  1  1.0000E-03  9.0000E-04  8.0000E-04  7.0000E-04  6.0000E-04  5.0000E-04  4.0000E-04  3.0000E-04  2.0000E-04  1.0000E-04



          11
  2       0    
  1       0    

                                                            K =  2

           1           2           3           4           5           6           7           8           9          10
  2  1.0000E-03  9.0000E-04  8.0000E-04  7.0000E-04  6.0000E-04  5.0000E-04  4.0000E-04  3.0000E-04  2.0000E-04  1.0000E-04
  1  1.0000E-03  9.0000E-04  8.0000E-04  7.0000E-04  6.0000E-04  5.0000E-04  4.0000E-04  3.0000E-04  2.0000E-04  1.0000E-04



          11
  2       0    
  1       0    



                              Initial Molality (mol/kgw)

                              Component: C         

                    Areal Layers

                                                            K =  1

           1           2           3           4           5           6           7           8           9          10
  2  1.9218E-03  1.9180E-03  1.9145E-03  1.9108E-03  1.9064E-03  1.9005E-03  1.8910E-03  1.8710E-03  1.8016E-03  1.3770E-03
  1  1.9218E-03  1.9180E-03  1.9145E-03  1.9108E-03  1.9064E-03  1.9005E-03  1.8910E-03  1.8710E-03  1.8016E-03  1.3770E-03



          11
  2  1.0511E-03
  1  1.0511E-03

                                                            K =  2

           1           2           3           4           5           6           7           8           9          10
  2  1.9218E-03  1.9180E-03  1.9145E-03  1.9108E-03  1.9064E-03  1.9005E-03  1.8910E-03  1.8710E-03  1.8016E-03  1.3770E-03
  1  1.9218E-03  1.9180E-03  1.9145E-03  1.9108E-03  1.9064E-03  1.9005E-03  1.8910E-03  1.8710E-03  1.8016E-03  1.3770E-03



          11
  2  1.0511E-03
  1  1.0511E-03



                              Initial Molality (mol/kgw)

                              Component: Ca        

                    Areal Layers

                                                            K =  1

           1           2           3           4           5           6           7           8           9          10
  2  1.1476E-02  1.1517E-02  1.1549E-02  1.1576E-02  1.1599E-02  1.1618E-02  1.1634E-02  1.1649E-02  1.1665E-02  1.1705E-02
  1  1.1476E-02  1.1517E-02  1.1549E-02  1.1576E-02  1.1599E-02  1.1618E-02  1.1634E-02  1.1649E-02  1.1665E-02  1.1705E-02



          11
  2  1.1744E-02
  1  1.1744E-02

                                                            K =  2

           1           2           3           4           5           6           7           8           9          10
  2  1.1476E-02  1.1517E-02  1.1549E-02  1.1576E-02  1.1599E-02  1.1618E-02  1.1634E-02  1.1649E-02  1.1665E-02  1.1705E-02
  1  1.1476E-02  1.1517E-02  1.1549E-02  1.1576E-02  1.1599E-02  1.1618E-02  1.1634E-02  1.1649E-02  1.1665E-02  1.1705E-02



          11
  2  1.1744E-02
  1  1.1744E-02



                              Initial Molality (mol/kgw)

                              Component: Cl        

                    Areal Layers

                                                            K =  1

           1           2           3           4           5           6           7           8           9          10
  2  1.0000E-03  1.1000E-03  1.2000E-03  1.3000E-03  1.4000E-03  1.5000E-03  1.6000E-03  1.7000E-03  1.8000E-03  1.9000E-03
  1  1.0000E-03  1.1000E-03  1.2000E-03  1.3000E-03  1.4000E-03  1.5000E-03  1.6000E-03  1.7000E-03  1.8000E-03  1.9000E-03



          11
  2  2.0000E-03
  1  2.0000E-03

                                                            K =  2

           1           2           3           4           5           6           7           8           9          10
  2  1.0000E-03  1.1000E-03  1.2000E-03  1.3000E-03  1.4000E-03  1.5000E-03  1.6000E-03  1.7000E-03  1.8000E-03  1.9000E-03
  1  1.0000E-03  1.1000E-03  1.2000E-03  1.3000E-03  1.4000E-03  1.5000E-03  1.6000E-03  1.7000E-03  1.8000E-03  1.9000E-03



          11
  2  2.0000E-03
  1  2.0000E-03



                              Initial Molality (mol/kgw)

                              Component: Fe        

                    Areal Layers

                                                            K =  1

           1           2           3           4           5           6           7           8           9          10
  2  8.8277E-05  8.3420E-05  7.8507E-05  7.3531E-05  6.8468E-05  6.3261E-05  5.7762E-05  5.1462E-05  4.1598E-05  1.5475E-05
  1  8.8277E-05  8.3420E-05  7.8507E-05  7.3531E-05  6.8468E-05  6.3261E-05  5.7762E-05  5.1462E-05  4.1598E-05  1.5475E-05



          11
  2       0    
  1       0    

                                                            K =  2

           1           2           3           4           5           6           7           8           9          10
  2  8.8277E-05  8.3420E-05  7.8507E-05  7.3531E-05  6.8468E-05  6.3261E-05  5.7762E-05  5.1462E-05  4.1598E-05  1.5475E-05
  1  8.8277E-05  8.3420E-05  7.8507E-05  7.3531E-05  6.8468E-05  6.3261E-05  5.7762E-05  5.1462E-05  4.1598E-05  1.5475E-05



          11
  2       0    
  1       0    



                              Initial Molality (mol/kgw)

                              Component: K         

                    Areal Layers

                                                            K =  1

           1           2           3           4           5           6           7           8           9          10
  2       0           0           0           0           0           0           0           0           0           0    
  1       0           0           0           0           0           0           0           0           0           0    



          11
  2       0    
  1       0    

                                                            K =  2

           1           2           3           4           5           6           7           8           9          10
  2       0           0           0           0           0           0           0           0           0           0    
  1       0           0           0           0           0           0           0           0           0           0    



          11
  2       0    
  1       0    



                              Initial Molality (mol/kgw)

                              Component: Mn        

                    Areal Layers

                                                            K =  1

           1           2           3           4           5           6           7           8           9          10
  2  2.5163E-06  2.5779E-06  2.6542E-06  2.7545E-06  2.8957E-06  3.1129E-06  3.4943E-06  4.3358E-06  7.2446E-06  4.1661E-06
  1  2.5163E-06  2.5779E-06  2.6542E-06  2.7545E-06  2.8957E-06  3.1129E-06  3.4943E-06  4.3358E-06  7.2446E-06  4.1661E-06



          11
  2       0    
  1       0    

                                                            K =  2

           1           2           3           4           5           6           7           8           9          10
  2  2.5163E-06  2.5779E-06  2.6542E-06  2.7545E-06  2.8957E-06  3.1129E-06  3.4943E-06  4.3358E-06  7.2446E-06  4.1661E-06
  1  2.5163E-06  2.5779E-06  2.6542E-06  2.7545E-06  2.8957E-06  3.1129E-06  3.4943E-06  4.3358E-06  7.2446E-06  4.1661E-06



          11
  2       0    
  1       0    



                              Initial Molality (mol/kgw)

                              Component: N         

                    Areal Layers

                                                            K =  1

           1           2           3           4           5           6           7           8           9          10
  2  7.5768E-04  7.5842E-04  7.5905E-04  7.5958E-04  7.6004E-04  7.6044E-04  7.6079E-04  7.6110E-04  7.6137E-04  7.6156E-04
  1  7.5768E-04  7.5842E-04  7.5905E-04  7.5958E-04  7.6004E-04  7.6044E-04  7.6079E-04  7.6110E-04  7.6137E-04  7.6156E-04



          11
  2  7.6186E-04
  1  7.6186E-04

                                                            K =  2

           1           2           3           4           5           6           7           8           9          10
  2  7.5768E-04  7.5842E-04  7.5905E-04  7.5958E-04  7.6004E-04  7.6044E-04  7.6079E-04  7.6110E-04  7.6137E-04  7.6156E-04
  1  7.5768E-04  7.5842E-04  7.5905E-04  7.5958E-04  7.6004E-04  7.6044E-04  7.6079E-04  7.6110E-04  7.6137E-04  7.6156E-04



          11
  2  7.6186E-04
  1  7.6186E-04



                              Initial Molality (mol/kgw)

                              Component: Na        

                    Areal Layers

                                                            K =  1

           1           2           3           4           5           6           7           8           9          10
  2  0.3750      0.3754      0.3757      0.3760      0.3762      0.3764      0.3766      0.3767      0.3769      0.3772    
  1  0.3750      0.3754      0.3757      0.3760      0.3762      0.3764      0.3766      0.3767      0.3769      0.3772    



          11
  2  0.3775    
  1  0.3775    

                                                            K =  2

           1           2           3           4           5           6           7           8           9          10
  2  0.3750      0.3754      0.3757      0.3760      0.3762      0.3764      0.3766      0.3767      0.3769      0.3772    
  1  0.3750      0.3754      0.3757      0.3760      0.3762      0.3764      0.3766      0.3767      0.3769      0.3772    



          11
  2  0.3775    
  1  0.3775    



                              Initial Molality (mol/kgw)

                              Component: S         

                    Areal Layers

                                                            K =  1

           1           2           3           4           5           6           7           8           9          10
  2  0.1971      0.1974      0.1975      0.1977      0.1978      0.1980      0.1981      0.1982      0.1983      0.1986    
  1  0.1971      0.1974      0.1975      0.1977      0.1978      0.1980      0.1981      0.1982      0.1983      0.1986    



          11
  2  0.1989    
  1  0.1989    

                                                            K =  2

           1           2           3           4           5           6           7           8           9          10
  2  0.1971      0.1974      0.1975      0.1977      0.1978      0.1980      0.1981      0.1982      0.1983      0.1986    
  1  0.1971      0.1974      0.1975      0.1977      0.1978      0.1980      0.1981      0.1982      0.1983      0.1986    



          11
  2  0.1989    
  1  0.1989    



                              Initial Molality (mol/kgw)

                              Component: Si        

                    Areal Layers

                                                            K =  1

           1           2           3           4           5           6           7           8           9          10
  2  2.4946E-04  2.4942E-04  2.4940E-04  2.4938E-04  2.4937E-04  2.4936E-04  2.4936E-04  2.4937E-04  2.0000E-04  1.0000E-04
  1  2.4946E-04  2.4942E-04  2.4940E-04  2.4938E-04  2.4937E-04  2.4936E-04  2.4936E-04  2.4937E-04  2.0000E-04  1.0000E-04



          11
  2       0    
  1       0    

                                                            K =  2

           1           2           3           4           5           6           7           8           9          10
  2  2.4946E-04  2.4942E-04  2.4940E-04  2.4938E-04  2.4937E-04  2.4936E-04  2.4936E-04  2.4937E-04  2.0000E-04  1.0000E-04
  1  2.4946E-04  2.4942E-04  2.4940E-04  2.4938E-04  2.4937E-04  2.4936E-04  2.4936E-04  2.4937E-04  2.0000E-04  1.0000E-04



          11
  2       0    
  1       0    



                              Initial Molality (mol/kgw)

                              Component: Sr        

                    Areal Layers

                                                            K =  1

           1           2           3           4           5           6           7           8           9          10
  2  9.2688E-06  9.0589E-06  8.8904E-06  8.7520E-06  8.6359E-06  8.5367E-06  8.4498E-06  8.3695E-06  8.2772E-06  8.0180E-06
  1  9.2688E-06  9.0589E-06  8.8904E-06  8.7520E-06  8.6359E-06  8.5367E-06  8.4498E-06  8.3695E-06  8.2772E-06  8.0180E-06



          11
  2  7.7921E-06
  1  7.7921E-06

                                                            K =  2

           1           2           3           4           5           6           7           8           9          10
  2  9.2688E-06  9.0589E-06  8.8904E-06  8.7520E-06  8.6359E-06  8.5367E-06  8.4498E-06  8.3695E-06  8.2772E-06  8.0180E-06
  1  9.2688E-06  9.0589E-06  8.8904E-06  8.7520E-06  8.6359E-06  8.5367E-06  8.4498E-06  8.3695E-06  8.2772E-06  8.0180E-06



          11
  2  7.7921E-06
  1  7.7921E-06



                              Initial Molality (mol/kgw)

                              Component: Charge    

                    Areal Layers

                                                            K =  1

           1           2           3           4           5           6           7           8           9          10
  2 -3.9626E-05 -4.3656E-05 -4.7644E-05 -5.1574E-05 -5.5408E-05 -5.9069E-05 -6.2359E-05 -6.4587E-05 -6.1700E-05 -1.0974E-05
  1 -3.9626E-05 -4.3656E-05 -4.7644E-05 -5.1574E-05 -5.5408E-05 -5.9069E-05 -6.2359E-05 -6.4587E-05 -6.1700E-05 -1.0974E-05



          11
  2  4.7634E-05
  1  4.7634E-05

                                                            K =  2

           1           2           3           4           5           6           7           8           9          10
  2 -3.9626E-05 -4.3656E-05 -4.7644E-05 -5.1574E-05 -5.5408E-05 -5.9069E-05 -6.2359E-05 -6.4587E-05 -6.1700E-05 -1.0974E-05
  1 -3.9626E-05 -4.3656E-05 -4.7644E-05 -5.1574E-05 -5.5408E-05 -5.9069E-05 -6.2359E-05 -6.4587E-05 -6.1700E-05 -1.0974E-05



          11
  2  4.7634E-05
  1  4.7634E-05



                              *** Output at End of Time Step No.     1 ***

     Time .......................................................   0.500      (s)
     Maximum change in H         molality .... -1.6587E-03 (mol/kgw)   at location (  10.0    ,     0    ,     0    )(m )

                              Molality (mol/kgw)

                              Component: H         

                    Areal Layers

                                                            K =  1

           1           2           3           4           5           6           7           8           9          10
  2 1.52885E-02 1.81890E-02 1.98615E-02 2.14649E-02 2.30577E-02 2.46384E-02 2.61971E-02 2.77061E-02 2.91488E-02 2.95379E-02
  1 1.52885E-02 1.81890E-02 1.98615E-02 2.14649E-02 2.30577E-02 2.46384E-02 2.61971E-02 2.77061E-02 2.91488E-02 2.95379E-02



          11
  2 4.46023E-02
  1 4.46023E-02

                                                            K =  2

           1           2           3           4           5           6           7           8           9          10
  2 1.52885E-02 1.81890E-02 1.98615E-02 2.14649E-02 2.30577E-02 2.46384E-02 2.61971E-02 2.77061E-02 2.91488E-02 2.95379E-02
  1 1.52885E-02 1.81890E-02 1.98615E-02 2.14649E-02 2.30577E-02 2.46384E-02 2.61971E-02 2.77061E-02 2.91488E-02 2.95379E-02



          11
  2 4.46023E-02
  1 4.46023E-02


     Maximum change in O         molality .... -7.2287E-02 (mol/kgw)   at location (     0    ,  10.0    ,     0    )(m )

                              Molality (mol/kgw)

                              Component: O         

                    Areal Layers

                                                            K =  1

           1           2           3           4           5           6           7           8           9          10
  2 0.77501     0.80245     0.80537     0.80688     0.80821     0.80946     0.81063     0.81173     0.81268     0.81298    
  1 0.77501     0.80245     0.80537     0.80688     0.80821     0.80946     0.81063     0.81173     0.81268     0.81298    



          11
  2 0.82073    
  1 0.82073    

                                                            K =  2

           1           2           3           4           5           6           7           8           9          10
  2 0.77501     0.80245     0.80537     0.80688     0.80821     0.80946     0.81063     0.81173     0.81268     0.81298    
  1 0.77501     0.80245     0.80537     0.80688     0.80821     0.80946     0.81063     0.81173     0.81268     0.81298    



          11
  2 0.82073    
  1 0.82073    


     Maximum change in Al        molality ....  0.0000E+00 (mol/kgw)   at location (  10.0    ,  10.0    ,  10.0    )(m )

                              Molality (mol/kgw)

                              Component: Al        

                    Areal Layers

                                                            K =  1

           1           2           3           4           5           6           7           8           9          10
  2 4.66012E-13 4.65995E-13 4.65951E-13 4.65894E-13 4.65816E-13 4.65702E-13 4.65506E-13 4.65082E-13 4.63611E-13 4.55331E-13
  1 4.66012E-13 4.65995E-13 4.65951E-13 4.65894E-13 4.65816E-13 4.65702E-13 4.65506E-13 4.65082E-13 4.63611E-13 4.55331E-13



          11
  2 4.50324E-13
  1 4.50324E-13

                                                            K =  2

           1           2           3           4           5           6           7           8           9          10
  2 4.66012E-13 4.65995E-13 4.65951E-13 4.65894E-13 4.65816E-13 4.65702E-13 4.65506E-13 4.65082E-13 4.63611E-13 4.55331E-13
  1 4.66012E-13 4.65995E-13 4.65951E-13 4.65894E-13 4.65816E-13 4.65702E-13 4.65506E-13 4.65082E-13 4.63611E-13 4.55331E-13



          11
  2 4.50324E-13
  1 4.50324E-13


     Maximum change in Ba        molality .... -7.6145E-11 (mol/kgw)   at location (     0    ,  10.0    ,     0    )(m )

                              Molality (mol/kgw)

                              Component: Ba        

                    Areal Layers

                                                            K =  1

           1           2           3           4           5           6           7           8           9          10
  2 8.58992E-10 8.24693E-10 8.08707E-10 7.96110E-10 7.85579E-10 7.76580E-10 7.68697E-10 7.61427E-10 7.53122E-10 7.30003E-10
  1 8.58992E-10 8.24693E-10 8.08707E-10 7.96110E-10 7.85579E-10 7.76580E-10 7.68697E-10 7.61427E-10 7.53122E-10 7.30003E-10



          11
  2 7.09791E-10
  1 7.09791E-10

                                                            K =  2

           1           2           3           4           5           6           7           8           9          10
  2 8.58992E-10 8.24693E-10 8.08707E-10 7.96110E-10 7.85579E-10 7.76580E-10 7.68697E-10 7.61427E-10 7.53122E-10 7.30003E-10
  1 8.58992E-10 8.24693E-10 8.08707E-10 7.96110E-10 7.85579E-10 7.76580E-10 7.68697E-10 7.61427E-10 7.53122E-10 7.30003E-10



          11
  2 7.09791E-10
  1 7.09791E-10


     Maximum change in Br        molality ....  1.0408E-05 (mol/kgw)   at location (  10.0    ,     0    ,     0    )(m )

                              Molality (mol/kgw)

                              Component: Br        

                    Areal Layers

                                                            K =  1

           1           2           3           4           5           6           7           8           9          10
  2 9.99141E-04 9.04696E-04 8.04984E-04 7.04999E-04 6.05000E-04 5.05000E-04 4.05000E-04 3.05000E-04 2.05000E-04 1.05026E-04
  1 9.99141E-04 9.04696E-04 8.04984E-04 7.04999E-04 6.05000E-04 5.05000E-04 4.05000E-04 3.05000E-04 2.05000E-04 1.05026E-04



          11
  2 1.04079E-05
  1 1.04079E-05

                                                            K =  2

           1           2           3           4           5           6           7           8           9          10
  2 9.99141E-04 9.04696E-04 8.04984E-04 7.04999E-04 6.05000E-04 5.05000E-04 4.05000E-04 3.05000E-04 2.05000E-04 1.05026E-04
  1 9.99141E-04 9.04696E-04 8.04984E-04 7.04999E-04 6.05000E-04 5.05000E-04 4.05000E-04 3.05000E-04 2.05000E-04 1.05026E-04



          11
  2 1.04079E-05
  1 1.04079E-05


     Maximum change in C         molality .... -1.7324E-04 (mol/kgw)   at location (     0    ,     0    ,     0    )(m )

                              Molality (mol/kgw)

                              Component: C         

                    Areal Layers

                                                            K =  1

           1           2           3           4           5           6           7           8           9          10
  2 1.89874E-03 1.91680E-03 1.91440E-03 1.91074E-03 1.90636E-03 1.90046E-03 1.89097E-03 1.87098E-03 1.80159E-03 1.37709E-03
  1 1.89874E-03 1.91680E-03 1.91440E-03 1.91074E-03 1.90636E-03 1.90046E-03 1.89097E-03 1.87098E-03 1.80159E-03 1.37709E-03



          11
  2 1.05116E-03
  1 1.05116E-03

                                                            K =  2

           1           2           3           4           5           6           7           8           9          10
  2 1.89874E-03 1.91680E-03 1.91440E-03 1.91074E-03 1.90636E-03 1.90046E-03 1.89097E-03 1.87098E-03 1.80159E-03 1.37709E-03
  1 1.89874E-03 1.91680E-03 1.91440E-03 1.91074E-03 1.90636E-03 1.90046E-03 1.89097E-03 1.87098E-03 1.80159E-03 1.37709E-03



          11
  2 1.05116E-03
  1 1.05116E-03


     Maximum change in Ca        molality .... -1.0340E-03 (mol/kgw)   at location (     0    ,  10.0    ,     0    )(m )

                              Molality (mol/kgw)

                              Component: Ca        

                    Areal Layers

                                                            K =  1

           1           2           3           4           5           6           7           8           9          10
  2 1.15302E-02 1.15199E-02 1.15496E-02 1.15761E-02 1.15985E-02 1.16176E-02 1.16342E-02 1.16493E-02 1.16655E-02 1.17054E-02
  1 1.15302E-02 1.15199E-02 1.15496E-02 1.15761E-02 1.15985E-02 1.16176E-02 1.16342E-02 1.16493E-02 1.16655E-02 1.17054E-02



          11
  2 1.17433E-02
  1 1.17433E-02

                                                            K =  2

           1           2           3           4           5           6           7           8           9          10
  2 1.15302E-02 1.15199E-02 1.15496E-02 1.15761E-02 1.15985E-02 1.16176E-02 1.16342E-02 1.16493E-02 1.16655E-02 1.17054E-02
  1 1.15302E-02 1.15199E-02 1.15496E-02 1.15761E-02 1.15985E-02 1.16176E-02 1.16342E-02 1.16493E-02 1.16655E-02 1.17054E-02



          11
  2 1.17433E-02
  1 1.17433E-02


     Maximum change in Cl        molality .... -1.0408E-05 (mol/kgw)   at location (  10.0    ,  10.0    ,  10.0    )(m )

                              Molality (mol/kgw)

                              Component: Cl        

                    Areal Layers

                                                            K =  1

           1           2           3           4           5           6           7           8           9          10
  2 1.00086E-03 1.09530E-03 1.19502E-03 1.29500E-03 1.39500E-03 1.49500E-03 1.59500E-03 1.69500E-03 1.79500E-03 1.89497E-03
  1 1.00086E-03 1.09530E-03 1.19502E-03 1.29500E-03 1.39500E-03 1.49500E-03 1.59500E-03 1.69500E-03 1.79500E-03 1.89497E-03



          11
  2 1.98959E-03
  1 1.98959E-03

                                                            K =  2

           1           2           3           4           5           6           7           8           9          10
  2 1.00086E-03 1.09530E-03 1.19502E-03 1.29500E-03 1.39500E-03 1.49500E-03 1.59500E-03 1.69500E-03 1.79500E-03 1.89497E-03
  1 1.00086E-03 1.09530E-03 1.19502E-03 1.29500E-03 1.39500E-03 1.49500E-03 1.59500E-03 1.69500E-03 1.79500E-03 1.89497E-03



          11
  2 1.98959E-03
  1 1.98959E-03


     Maximum change in Fe        molality .... -7.9983E-06 (mol/kgw)   at location (     0    ,     0    ,     0    )(m )

                              Molality (mol/kgw)

                              Component: Fe        

                    Areal Layers

                                                            K =  1

           1           2           3           4           5           6           7           8           9          10
  2 8.39485E-05 8.34282E-05 7.87398E-05 7.37753E-05 6.87128E-05 6.35062E-05 5.80068E-05 5.17074E-05 4.18437E-05 1.57227E-05
  1 8.39485E-05 8.34282E-05 7.87398E-05 7.37753E-05 6.87128E-05 6.35062E-05 5.80068E-05 5.17074E-05 4.18437E-05 1.57227E-05



          11
  2 5.10554E-07
  1 5.10554E-07

                                                            K =  2

           1           2           3           4           5           6           7           8           9          10
  2 8.39485E-05 8.34282E-05 7.87398E-05 7.37753E-05 6.87128E-05 6.35062E-05 5.80068E-05 5.17074E-05 4.18437E-05 1.57227E-05
  1 8.39485E-05 8.34282E-05 7.87398E-05 7.37753E-05 6.87128E-05 6.35062E-05 5.80068E-05 5.17074E-05 4.18437E-05 1.57227E-05



          11
  2 5.10554E-07
  1 5.10554E-07


     Maximum change in K         molality ....  0.0000E+00 (mol/kgw)   at location (  10.0    ,  10.0    ,  10.0    )(m )

                              Molality (mol/kgw)

                              Component: K         

                    Areal Layers

                                                            K =  1

           1           2           3           4           5           6           7           8           9          10
  2 3.96419E-14 3.71197E-14 3.43211E-14 3.18852E-14 2.97688E-14 2.79128E-14 2.62693E-14 2.47955E-14 2.34242E-14 2.18699E-14
  1 3.96419E-14 3.71197E-14 3.43211E-14 3.18852E-14 2.97688E-14 2.79128E-14 2.62693E-14 2.47955E-14 2.34242E-14 2.18699E-14



          11
  2 2.06165E-14
  1 2.06165E-14

                                                            K =  2

           1           2           3           4           5           6           7           8           9          10
  2 3.96419E-14 3.71197E-14 3.43211E-14 3.18852E-14 2.97688E-14 2.79128E-14 2.62693E-14 2.47955E-14 2.34242E-14 2.18699E-14
  1 3.96419E-14 3.71197E-14 3.43211E-14 3.18852E-14 2.97688E-14 2.79128E-14 2.62693E-14 2.47955E-14 2.34242E-14 2.18699E-14



          11
  2 2.06165E-14
  1 2.06165E-14


     Maximum change in Mn        molality ....  4.2608E-07 (mol/kgw)   at location (  10.0    ,  10.0    ,     0    )(m )

                              Molality (mol/kgw)

                              Component: Mn        

                    Areal Layers

                                                            K =  1

           1           2           3           4           5           6           7           8           9          10
  2 2.52489E-06 2.57837E-06 2.65421E-06 2.75451E-06 2.89569E-06 3.11289E-06 3.49431E-06 4.33583E-06 7.24447E-06 4.16640E-06
  1 2.52489E-06 2.57837E-06 2.65421E-06 2.75451E-06 2.89569E-06 3.11289E-06 3.49431E-06 4.33583E-06 7.24447E-06 4.16640E-06



          11
  2 1.06650E-10
  1 1.06650E-10

                                                            K =  2

           1           2           3           4           5           6           7           8           9          10
  2 2.52489E-06 2.57837E-06 2.65421E-06 2.75451E-06 2.89569E-06 3.11289E-06 3.49431E-06 4.33583E-06 7.24447E-06 4.16640E-06
  1 2.52489E-06 2.57837E-06 2.65421E-06 2.75451E-06 2.89569E-06 3.11289E-06 3.49431E-06 4.33583E-06 7.24447E-06 4.16640E-06



          11
  2 1.06650E-10
  1 1.06650E-10


     Maximum change in N         molality .... -6.8285E-05 (mol/kgw)   at location (     0    ,     0    ,     0    )(m )

                              Molality (mol/kgw)

                              Component: N         

                    Areal Layers

                                                            K =  1

           1           2           3           4           5           6           7           8           9          10
  2 7.59471E-04 7.58521E-04 7.59051E-04 7.59578E-04 7.60036E-04 7.60436E-04 7.60787E-04 7.61097E-04 7.61368E-04 7.61566E-04
  1 7.59471E-04 7.58521E-04 7.59051E-04 7.59578E-04 7.60036E-04 7.60436E-04 7.60787E-04 7.61097E-04 7.61368E-04 7.61566E-04



          11
  2 7.61847E-04
  1 7.61847E-04

                                                            K =  2

           1           2           3           4           5           6           7           8           9          10
  2 7.59471E-04 7.58521E-04 7.59051E-04 7.59578E-04 7.60036E-04 7.60436E-04 7.60787E-04 7.61097E-04 7.61368E-04 7.61566E-04
  1 7.59471E-04 7.58521E-04 7.59051E-04 7.59578E-04 7.60036E-04 7.60436E-04 7.60787E-04 7.61097E-04 7.61368E-04 7.61566E-04



          11
  2 7.61847E-04
  1 7.61847E-04


     Maximum change in Na        molality .... -3.3619E-02 (mol/kgw)   at location (     0    ,  10.0    ,     0    )(m )

                              Molality (mol/kgw)

                              Component: Na        

                    Areal Layers

                                                            K =  1

           1           2           3           4           5           6           7           8           9          10
  2 0.36171     0.37472     0.37570     0.37600     0.37623     0.37642     0.37659     0.37674     0.37690     0.37719    
  1 0.36171     0.37472     0.37570     0.37600     0.37623     0.37642     0.37659     0.37674     0.37690     0.37719    



          11
  2 0.37749    
  1 0.37749    

                                                            K =  2

           1           2           3           4           5           6           7           8           9          10
  2 0.36171     0.37472     0.37570     0.37600     0.37623     0.37642     0.37659     0.37674     0.37690     0.37719    
  1 0.36171     0.37472     0.37570     0.37600     0.37623     0.37642     0.37659     0.37674     0.37690     0.37719    



          11
  2 0.37749    
  1 0.37749    


     Maximum change in S         molality .... -1.7764E-02 (mol/kgw)   at location (     0    ,  10.0    ,     0    )(m )

                              Molality (mol/kgw)

                              Component: S         

                    Areal Layers

                                                            K =  1

           1           2           3           4           5           6           7           8           9          10
  2 0.19052     0.19700     0.19753     0.19771     0.19784     0.19796     0.19807     0.19817     0.19830     0.19864    
  1 0.19052     0.19700     0.19753     0.19771     0.19784     0.19796     0.19807     0.19817     0.19830     0.19864    



          11
  2 0.19894    
  1 0.19894    

                                                            K =  2

           1           2           3           4           5           6           7           8           9          10
  2 0.19052     0.19700     0.19753     0.19771     0.19784     0.19796     0.19807     0.19817     0.19830     0.19864    
  1 0.19052     0.19700     0.19753     0.19771     0.19784     0.19796     0.19807     0.19817     0.19830     0.19864    



          11
  2 0.19894    
  1 0.19894    


     Maximum change in Si        molality .... -2.2484E-05 (mol/kgw)   at location (     0    ,  10.0    ,     0    )(m )

                              Molality (mol/kgw)

                              Component: Si        

                    Areal Layers

                                                            K =  1

           1           2           3           4           5           6           7           8           9          10
  2 2.50449E-04 2.49477E-04 2.49402E-04 2.49381E-04 2.49367E-04 2.49359E-04 2.49359E-04 2.49375E-04 2.02102E-04 1.04875E-04
  1 2.50449E-04 2.49477E-04 2.49402E-04 2.49381E-04 2.49367E-04 2.49359E-04 2.49359E-04 2.49375E-04 2.02102E-04 1.04875E-04



          11
  2 1.03930E-05
  1 1.03930E-05

                                                            K =  2

           1           2           3           4           5           6           7           8           9          10
  2 2.50449E-04 2.49477E-04 2.49402E-04 2.49381E-04 2.49367E-04 2.49359E-04 2.49359E-04 2.49375E-04 2.02102E-04 1.04875E-04
  1 2.50449E-04 2.49477E-04 2.49402E-04 2.49381E-04 2.49367E-04 2.49359E-04 2.49359E-04 2.49375E-04 2.02102E-04 1.04875E-04



          11
  2 1.03930E-05
  1 1.03930E-05


     Maximum change in Sr        molality .... -8.3722E-07 (mol/kgw)   at location (     0    ,  10.0    ,     0    )(m )

                              Molality (mol/kgw)

                              Component: Sr        

                    Areal Layers

                                                            K =  1

           1           2           3           4           5           6           7           8           9          10
  2 9.46797E-06 9.06817E-06 8.89092E-06 8.75204E-06 8.63597E-06 8.53677E-06 8.44983E-06 8.36952E-06 8.27726E-06 8.01810E-06
  1 9.46797E-06 9.06817E-06 8.89092E-06 8.75204E-06 8.63597E-06 8.53677E-06 8.44983E-06 8.36952E-06 8.27726E-06 8.01810E-06



          11
  2 7.79212E-06
  1 7.79212E-06

                                                            K =  2

           1           2           3           4           5           6           7           8           9          10
  2 9.46797E-06 9.06817E-06 8.89092E-06 8.75204E-06 8.63597E-06 8.53677E-06 8.44983E-06 8.36952E-06 8.27726E-06 8.01810E-06
  1 9.46797E-06 9.06817E-06 8.89092E-06 8.75204E-06 8.63597E-06 8.53677E-06 8.44983E-06 8.36952E-06 8.27726E-06 8.01810E-06



          11
  2 7.79212E-06
  1 7.79212E-06


     Maximum change in Charge    molality .... -6.0438E-06 (mol/kgw)   at location (  10.0    ,  10.0    ,     0    )(m )

                              Molality (mol/kgw)

                              Component: Charge    

                    Areal Layers

                                                            K =  1

           1           2           3           4           5           6           7           8           9          10
  2-3.75786E-05-4.33692E-05-4.74414E-05-5.13772E-05-5.52159E-05-5.88848E-05-6.21889E-05-6.44492E-05-6.16159E-05-1.33584E-05
  1-3.75786E-05-4.33692E-05-4.74414E-05-5.13772E-05-5.52159E-05-5.88848E-05-6.21889E-05-6.44492E-05-6.16159E-05-1.33584E-05



          11
  2 4.15850E-05
  1 4.15850E-05

                                                            K =  2

           1           2           3           4           5           6           7           8           9          10
  2-3.75786E-05-4.33692E-05-4.74414E-05-5.13772E-05-5.52159E-05-5.88848E-05-6.21889E-05-6.44492E-05-6.16159E-05-1.33584E-05
  1-3.75786E-05-4.33692E-05-4.74414E-05-5.13772E-05-5.52159E-05-5.88848E-05-6.21889E-05-6.44492E-05-6.16159E-05-1.33584E-05



          11
  2 4.15850E-05
  1 4.15850E-05




                                       ***** Simulation Completed *****
               Last time value calculated ...................................... 0.5000     (s)
               Last time step index ............................................       1
