

                          .        One dimensional confined flow with leakage boundary condition          
                          .        Hand calculation and HST                                               


                              X-Direction Node Coordinates    (m)

           1           2           3           4           5
           0.00      100.00      200.00      300.00      400.00




                              Y-Direction Node Coordinates   (m)

           1           2           3           4           5
           0.00      100.00      200.00      300.00      400.00




                              Z-Direction Node Coordinates   (m)

           1           2
           0.00      100.00




                              *** Output at End of Time Step No.     2 ***

                         Time .......................................................   8.640e+04  (s  )

                         X-direction - interstitial pore velocity between X(I) and X(I+1) (m /s  )

                    Areal Layers

                                                            K =  1

           1           2           3           4
  5  0.0000e+00  0.0000e+00  0.0000e+00  0.0000e+00
  4  0.0000e+00  0.0000e+00  0.0000e+00  0.0000e+00
  3  0.0000e+00  0.0000e+00  0.0000e+00  0.0000e+00
  2  0.0000e+00  0.0000e+00  0.0000e+00  0.0000e+00
  1  0.0000e+00  0.0000e+00  0.0000e+00  0.0000e+00

                                                            K =  2

           1           2           3           4
  5  0.0000e+00  0.0000e+00  0.0000e+00  0.0000e+00
  4  0.0000e+00  0.0000e+00  0.0000e+00  0.0000e+00
  3  0.0000e+00  0.0000e+00  0.0000e+00  0.0000e+00
  2  0.0000e+00  0.0000e+00  0.0000e+00  0.0000e+00
  1 -9.1581e-20  0.0000e+00  0.0000e+00  0.0000e+00



                         Y-direction - interstitial pore velocity between Y(J) and Y(J+1) (m /s  )

                    Areal Layers

                                                            K =  1

           1           2           3           4           5
  4  1.5429e-04  1.5429e-04  1.5429e-04  1.5429e-04  1.5429e-04
  3  1.5429e-04  1.5429e-04  1.5429e-04  1.5429e-04  1.5429e-04
  2  1.5429e-04  1.5429e-04  1.5429e-04  1.5429e-04  1.5429e-04
  1  1.5429e-04  1.5429e-04  1.5429e-04  1.5429e-04  1.5429e-04

                                                            K =  2

           1           2           3           4           5
  4  1.5429e-04  1.5429e-04  1.5429e-04  1.5429e-04  1.5429e-04
  3  1.5429e-04  1.5429e-04  1.5429e-04  1.5429e-04  1.5429e-04
  2  1.5429e-04  1.5429e-04  1.5429e-04  1.5429e-04  1.5429e-04
  1  1.5429e-04  1.5429e-04  1.5429e-04  1.5429e-04  1.5429e-04



                         Z-direction - interstitial pore velocity between Z(K) and Z(K+1) (m /s  )

                    Areal Layers

                                                            K =  1

           1           2           3           4           5
  5  4.5388e-20  4.5388e-20  4.5388e-20  4.5388e-20  4.5388e-20
  4 -4.6193e-20 -4.6193e-20 -4.6193e-20 -4.6193e-20 -4.6193e-20
  3 -9.1984e-20 -9.1984e-20 -9.1984e-20 -9.1984e-20 -9.1984e-20
  2 -4.6193e-20 -4.6193e-20 -4.6193e-20 -4.6193e-20 -4.6193e-20
  1  4.5388e-20 -4.6193e-20 -4.6193e-20 -4.6193e-20 -4.6193e-20



                         X-direction - interstitial pore velocity at nodes (m /s  )

                    Areal Layers

                                                            K =  1

           1           2           3           4           5
  5  0.0000e+00  0.0000e+00  0.0000e+00  0.0000e+00  0.0000e+00
  4  0.0000e+00  0.0000e+00  0.0000e+00  0.0000e+00  0.0000e+00
  3  0.0000e+00  0.0000e+00  0.0000e+00  0.0000e+00  0.0000e+00
  2  0.0000e+00  0.0000e+00  0.0000e+00  0.0000e+00  0.0000e+00
  1  0.0000e+00  0.0000e+00  0.0000e+00  0.0000e+00  0.0000e+00

                                                            K =  2

           1           2           3           4           5
  5  0.0000e+00  0.0000e+00  0.0000e+00  0.0000e+00  0.0000e+00
  4  0.0000e+00  0.0000e+00  0.0000e+00  0.0000e+00  0.0000e+00
  3  0.0000e+00  0.0000e+00  0.0000e+00  0.0000e+00  0.0000e+00
  2  0.0000e+00  0.0000e+00  0.0000e+00  0.0000e+00  0.0000e+00
  1  0.0000e+00 -4.5791e-20  0.0000e+00  0.0000e+00  0.0000e+00



                         Y-direction - interstitial pore velocity at nodes (m /s  )

                    Areal Layers

                                                            K =  1

           1           2           3           4           5
  5  1.5429e-04  1.5429e-04  1.5429e-04  1.5429e-04  1.5429e-04
  4  1.5429e-04  1.5429e-04  1.5429e-04  1.5429e-04  1.5429e-04
  3  1.5429e-04  1.5429e-04  1.5429e-04  1.5429e-04  1.5429e-04
  2  1.5429e-04  1.5429e-04  1.5429e-04  1.5429e-04  1.5429e-04
  1  1.5429e-04  1.5429e-04  1.5429e-04  1.5429e-04  1.5429e-04

                                                            K =  2

           1           2           3           4           5
  5  1.5429e-04  1.5429e-04  1.5429e-04  1.5429e-04  1.5429e-04
  4  1.5429e-04  1.5429e-04  1.5429e-04  1.5429e-04  1.5429e-04
  3  1.5429e-04  1.5429e-04  1.5429e-04  1.5429e-04  1.5429e-04
  2  1.5429e-04  1.5429e-04  1.5429e-04  1.5429e-04  1.5429e-04
  1  1.5429e-04  1.5429e-04  1.5429e-04  1.5429e-04  1.5429e-04



                         Z-direction - interstitial pore velocity at nodes (m /s  )

                    Areal Layers

                                                            K =  1

           1           2           3           4           5
  5 -4.5388e-20 -4.5388e-20 -4.5388e-20 -4.5388e-20 -4.5388e-20
  4  0.0000e+00  0.0000e+00  0.0000e+00  0.0000e+00  0.0000e+00
  3  0.0000e+00  0.0000e+00  0.0000e+00  0.0000e+00  0.0000e+00
  2  0.0000e+00  0.0000e+00  0.0000e+00  0.0000e+00  0.0000e+00
  1  0.0000e+00  0.0000e+00  0.0000e+00  0.0000e+00  0.0000e+00

                                                            K =  2

           1           2           3           4           5
  5  4.5388e-20  4.5388e-20  4.5388e-20  4.5388e-20  4.5388e-20
  4  0.0000e+00  0.0000e+00  0.0000e+00  0.0000e+00  0.0000e+00
  3  0.0000e+00  0.0000e+00  0.0000e+00  0.0000e+00  0.0000e+00
  2  0.0000e+00  0.0000e+00  0.0000e+00  0.0000e+00  0.0000e+00
  1  0.0000e+00  0.0000e+00  0.0000e+00  0.0000e+00  0.0000e+00




                                       ***** Simulation Completed *****
               Last time value calculated ...................................... 8.6400e+04 (s)
               Last time step index ............................................       2
