

                          .                                                                               
                          .                                                                               


                              X-Direction Node Coordinates    (m)

           1           2           3           4           5           6           7           8           9          10
           0.00     6000.00    12000.00    18000.00    24000.00    30000.00    36000.00    42000.00    48000.00    54000.00



          11          12          13          14          15          16
       60000.00    66000.00    72000.00    78000.00    84000.00    90000.00




                              Y-Direction Node Coordinates   (m)

           1           2           3           4           5           6           7           8           9
           0.00     6000.00    12000.00    18000.00    24000.00    30000.00    36000.00    42000.00    48000.00




                              Z-Direction Node Coordinates   (m)

           1           2           3           4           5
           0.00      100.00      200.00      300.00      400.00




                                        *** Initial Conditions ***

                              Initial Fluid Head  (m) 


                    Areal Layers

                                                            K =  1

           1           2           3           4           5           6           7           8           9          10
  9                 400.000     400.000     400.000     400.000     400.000     400.000     400.000     400.000     400.000
  8                 400.000     400.000     400.000     400.000     400.000     400.000     400.000     400.000     400.000
  7                 400.000     400.000     400.000     400.000     400.000     400.000     400.000     400.000     400.000
  6                 400.000     400.000     400.000     400.000     400.000     400.000     400.000     400.000     400.000
  5                 400.000     400.000     400.000     400.000     400.000     400.000     400.000     400.000     400.000
  4                 400.000     400.000     400.000     400.000     400.000     400.000     400.000     400.000     400.000
  3                 400.000     400.000     400.000     400.000     400.000     400.000     400.000     400.000     400.000
  2                 400.000     400.000     400.000     400.000     400.000     400.000     400.000     400.000     400.000
  1                 400.000     400.000     400.000     400.000     400.000     400.000     400.000     400.000     400.000



          11          12          13          14          15          16
  9     400.000     400.000     400.000     400.000     400.000     400.000
  8     400.000     400.000     400.000     400.000     400.000     400.000
  7     400.000     400.000     400.000     400.000     400.000     400.000
  6     400.000     400.000     400.000     400.000     400.000     400.000
  5     400.000     400.000     400.000     400.000     400.000     400.000
  4     400.000     400.000     400.000     400.000     400.000     400.000
  3     400.000     400.000     400.000     400.000     400.000     400.000
  2     400.000     400.000     400.000     400.000     400.000     400.000
  1     400.000     400.000     400.000     400.000     400.000     400.000

                                                            K =  2

           1           2           3           4           5           6           7           8           9          10
  9     400.000     400.000     400.000     400.000     400.000     400.000     400.000     400.000     400.000     400.000
  8     400.000     400.000     400.000     400.000     400.000     400.000     400.000     400.000     400.000     400.000
  7     400.000     400.000     400.000     400.000     400.000     400.000     400.000     400.000     400.000     400.000
  6     400.000     400.000     400.000     400.000     400.000     400.000     400.000     400.000     400.000     400.000
  5     400.000     400.000     400.000     400.000     400.000     400.000     400.000     400.000     400.000     400.000
  4     400.000     400.000     400.000     400.000     400.000     400.000     400.000     400.000     400.000     400.000
  3     400.000     400.000     400.000     400.000     400.000     400.000     400.000     400.000     400.000     400.000
  2     400.000     400.000     400.000     400.000     400.000     400.000     400.000     400.000     400.000     400.000
  1     400.000     400.000     400.000     400.000     400.000     400.000     400.000     400.000     400.000     400.000



          11          12          13          14          15          16
  9     400.000     400.000     400.000     400.000     400.000     400.000
  8     400.000     400.000     400.000     400.000     400.000     400.000
  7     400.000     400.000     400.000     400.000     400.000     400.000
  6     400.000     400.000     400.000     400.000     400.000     400.000
  5     400.000     400.000     400.000     400.000     400.000     400.000
  4     400.000     400.000     400.000     400.000     400.000     400.000
  3     400.000     400.000     400.000     400.000     400.000     400.000
  2     400.000     400.000     400.000     400.000     400.000     400.000
  1     400.000     400.000     400.000     400.000     400.000     400.000

                                                            K =  3

           1           2           3           4           5           6           7           8           9          10
  9     400.000     400.000     400.000     400.000     400.000     400.000     400.000     400.000     400.000     400.000
  8     400.000     400.000     400.000     400.000     400.000     400.000     400.000     400.000     400.000     400.000
  7     400.000     400.000     400.000     400.000     400.000     400.000     400.000     400.000     400.000     400.000
  6     400.000     400.000     400.000     400.000     400.000     400.000     400.000     400.000     400.000     400.000
  5     400.000     400.000     400.000     400.000     400.000     400.000     400.000     400.000     400.000     400.000
  4     400.000     400.000     400.000     400.000     400.000     400.000     400.000     400.000     400.000     400.000
  3     400.000     400.000     400.000     400.000     400.000     400.000     400.000     400.000     400.000     400.000
  2     400.000     400.000     400.000     400.000     400.000     400.000     400.000     400.000     400.000     400.000
  1     400.000     400.000     400.000     400.000     400.000     400.000     400.000     400.000     400.000     400.000



          11          12          13          14          15          16
  9     400.000     400.000     400.000     400.000     400.000     400.000
  8     400.000     400.000     400.000     400.000     400.000     400.000
  7     400.000     400.000     400.000     400.000     400.000     400.000
  6     400.000     400.000     400.000     400.000     400.000     400.000
  5     400.000     400.000     400.000     400.000     400.000     400.000
  4     400.000     400.000     400.000     400.000     400.000     400.000
  3     400.000     400.000     400.000     400.000     400.000     400.000
  2     400.000     400.000     400.000     400.000     400.000     400.000
  1     400.000     400.000     400.000     400.000     400.000     400.000

                                                            K =  4

           1           2           3           4           5           6           7           8           9          10
  9     400.000     400.000     400.000     400.000     400.000     400.000     400.000     400.000     400.000     400.000
  8     400.000     400.000     400.000     400.000     400.000     400.000     400.000     400.000     400.000     400.000
  7     400.000     400.000     400.000     400.000     400.000     400.000     400.000     400.000     400.000     400.000
  6     400.000     400.000     400.000     400.000     400.000     400.000     400.000     400.000     400.000     400.000
  5     400.000     400.000     400.000     400.000     400.000     400.000     400.000     400.000     400.000     400.000
  4     400.000     400.000     400.000     400.000     400.000     400.000     400.000     400.000     400.000     400.000
  3     400.000     400.000     400.000     400.000     400.000     400.000     400.000     400.000     400.000     400.000
  2     400.000     400.000     400.000     400.000     400.000     400.000     400.000     400.000     400.000     400.000
  1     400.000     400.000     400.000     400.000     400.000     400.000     400.000     400.000     400.000     400.000



          11          12          13          14          15          16
  9     400.000     400.000     400.000     400.000     400.000     400.000
  8     400.000     400.000     400.000     400.000     400.000     400.000
  7     400.000     400.000     400.000     400.000     400.000     400.000
  6     400.000     400.000     400.000     400.000     400.000     400.000
  5     400.000     400.000     400.000     400.000     400.000     400.000
  4     400.000     400.000     400.000     400.000     400.000     400.000
  3     400.000     400.000     400.000     400.000     400.000     400.000
  2     400.000     400.000     400.000     400.000     400.000     400.000
  1     400.000     400.000     400.000     400.000     400.000     400.000

                                                            K =  5

           1           2           3           4           5           6           7           8           9          10
  9     400.000     400.000     400.000     400.000     400.000     400.000     400.000     400.000     400.000     400.000
  8     400.000     400.000     400.000     400.000     400.000     400.000     400.000     400.000     400.000     400.000
  7     400.000     400.000     400.000     400.000     400.000     400.000     400.000     400.000     400.000     400.000
  6     400.000     400.000     400.000     400.000     400.000     400.000     400.000     400.000     400.000     400.000
  5     400.000     400.000     400.000     400.000     400.000     400.000     400.000     400.000     400.000     400.000
  4     400.000     400.000     400.000     400.000     400.000     400.000     400.000     400.000     400.000     400.000
  3     400.000     400.000     400.000     400.000     400.000     400.000     400.000     400.000     400.000     400.000
  2     400.000     400.000     400.000     400.000     400.000     400.000     400.000     400.000     400.000     400.000
  1     400.000     400.000     400.000     400.000     400.000     400.000     400.000     400.000     400.000     400.000



          11          12          13          14          15          16
  9     400.000     400.000     400.000     400.000     400.000            
  8     400.000     400.000     400.000     400.000     400.000     400.000
  7     400.000     400.000     400.000     400.000     400.000     400.000
  6     400.000     400.000     400.000     400.000     400.000     400.000
  5     400.000     400.000     400.000     400.000     400.000     400.000
  4     400.000     400.000     400.000     400.000     400.000     400.000
  3     400.000     400.000     400.000     400.000     400.000     400.000
  2     400.000     400.000     400.000     400.000     400.000     400.000
  1     400.000     400.000     400.000     400.000     400.000     400.000



                              *** Output at End of Time Step No.     5 ***

     Time .......................................................   1.000e+04  (yr)
     Maximum change in potentiometric head ...  1.5937e-13      (m )   at location ( 5.400e+04, 4.800e+04,  400.    )(m )

                              Fluid Potentiometric Head (m)

                    Areal Layers

                                                            K =  1

           1           2           3           4           5           6           7           8           9          10
  9                -418.552    -546.036    -672.811    -799.562    -926.312   -1053.062   -1179.812   -1306.562   -1433.312
  8                -418.552    -546.036    -672.811    -799.562    -926.312   -1053.062   -1179.812   -1306.562   -1433.312
  7                -418.552    -546.036    -672.811    -799.562    -926.312   -1053.062   -1179.812   -1306.562   -1433.312
  6                -418.552    -546.036    -672.811    -799.562    -926.312   -1053.062   -1179.812   -1306.562   -1433.312
  5                -418.552    -546.036    -672.811    -799.562    -926.312   -1053.062   -1179.812   -1306.562   -1433.312
  4                -418.552    -546.036    -672.811    -799.562    -926.312   -1053.062   -1179.812   -1306.562   -1433.312
  3                -418.552    -546.036    -672.811    -799.562    -926.312   -1053.062   -1179.812   -1306.562   -1433.312
  2                -418.552    -546.036    -672.811    -799.562    -926.312   -1053.062   -1179.812   -1306.562   -1433.312
  1                -418.552    -546.036    -672.811    -799.562    -926.312   -1053.062   -1179.812   -1306.562   -1433.312



          11          12          13          14          15          16
  9   -1560.063   -1686.813   -1813.563   -1940.313   -2067.063   -2193.813
  8   -1560.063   -1686.813   -1813.563   -1940.313   -2067.063   -2193.813
  7   -1560.063   -1686.813   -1813.563   -1940.313   -2067.063   -2193.813
  6   -1560.063   -1686.813   -1813.563   -1940.313   -2067.063   -2193.813
  5   -1560.063   -1686.813   -1813.563   -1940.313   -2067.063   -2193.813
  4   -1560.063   -1686.813   -1813.563   -1940.313   -2067.063   -2193.813
  3   -1560.063   -1686.813   -1813.563   -1940.313   -2067.063   -2193.813
  2   -1560.063   -1686.813   -1813.563   -1940.313   -2067.063   -2193.813
  1   -1560.063   -1686.813   -1813.563   -1940.313   -2067.063   -2193.813

                                                            K =  2

           1           2           3           4           5           6           7           8           9          10
  9    -298.719    -419.030    -546.046    -672.811    -799.562    -926.312   -1053.062   -1179.812   -1306.562   -1433.312
  8    -298.719    -419.030    -546.046    -672.811    -799.562    -926.312   -1053.062   -1179.812   -1306.562   -1433.312
  7    -298.719    -419.030    -546.046    -672.811    -799.562    -926.312   -1053.062   -1179.812   -1306.562   -1433.312
  6    -298.719    -419.030    -546.046    -672.811    -799.562    -926.312   -1053.062   -1179.812   -1306.562   -1433.312
  5    -298.719    -419.030    -546.046    -672.811    -799.562    -926.312   -1053.062   -1179.812   -1306.562   -1433.312
  4    -298.719    -419.030    -546.046    -672.811    -799.562    -926.312   -1053.062   -1179.812   -1306.562   -1433.312
  3    -298.719    -419.030    -546.046    -672.811    -799.562    -926.312   -1053.062   -1179.812   -1306.562   -1433.312
  2    -298.719    -419.030    -546.046    -672.811    -799.562    -926.312   -1053.062   -1179.812   -1306.562   -1433.312
  1    -298.719    -419.030    -546.046    -672.811    -799.562    -926.312   -1053.062   -1179.812   -1306.562   -1433.312



          11          12          13          14          15          16
  9   -1560.063   -1686.813   -1813.563   -1940.313   -2067.063   -2193.813
  8   -1560.063   -1686.813   -1813.563   -1940.313   -2067.063   -2193.813
  7   -1560.063   -1686.813   -1813.563   -1940.313   -2067.063   -2193.813
  6   -1560.063   -1686.813   -1813.563   -1940.313   -2067.063   -2193.813
  5   -1560.063   -1686.813   -1813.563   -1940.313   -2067.063   -2193.813
  4   -1560.063   -1686.813   -1813.563   -1940.313   -2067.063   -2193.813
  3   -1560.063   -1686.813   -1813.563   -1940.313   -2067.063   -2193.813
  2   -1560.063   -1686.813   -1813.563   -1940.313   -2067.063   -2193.813
  1   -1560.063   -1686.813   -1813.563   -1940.313   -2067.063   -2193.813

                                                            K =  3

           1           2           3           4           5           6           7           8           9          10
  9    -298.731    -419.424    -546.063    -672.812    -799.562    -926.312   -1053.062   -1179.812   -1306.562   -1433.312
  8    -298.731    -419.424    -546.063    -672.812    -799.562    -926.312   -1053.062   -1179.812   -1306.562   -1433.312
  7    -298.731    -419.424    -546.063    -672.812    -799.562    -926.312   -1053.062   -1179.812   -1306.562   -1433.312
  6    -298.731    -419.424    -546.063    -672.812    -799.562    -926.312   -1053.062   -1179.812   -1306.562   -1433.312
  5    -298.731    -419.424    -546.063    -672.812    -799.562    -926.312   -1053.062   -1179.812   -1306.562   -1433.312
  4    -298.731    -419.424    -546.063    -672.812    -799.562    -926.312   -1053.062   -1179.812   -1306.562   -1433.312
  3    -298.731    -419.424    -546.063    -672.812    -799.562    -926.312   -1053.062   -1179.812   -1306.562   -1433.312
  2    -298.731    -419.424    -546.063    -672.812    -799.562    -926.312   -1053.062   -1179.812   -1306.562   -1433.312
  1    -298.731    -419.424    -546.063    -672.812    -799.562    -926.312   -1053.062   -1179.812   -1306.562   -1433.312



          11          12          13          14          15          16
  9   -1560.063   -1686.813   -1813.563   -1940.313   -2067.063   -2193.813
  8   -1560.063   -1686.813   -1813.563   -1940.313   -2067.063   -2193.813
  7   -1560.063   -1686.813   -1813.563   -1940.313   -2067.063   -2193.813
  6   -1560.063   -1686.813   -1813.563   -1940.313   -2067.063   -2193.813
  5   -1560.063   -1686.813   -1813.563   -1940.313   -2067.063   -2193.813
  4   -1560.063   -1686.813   -1813.563   -1940.313   -2067.063   -2193.813
  3   -1560.063   -1686.813   -1813.563   -1940.313   -2067.063   -2193.813
  2   -1560.063   -1686.813   -1813.563   -1940.313   -2067.063   -2193.813
  1   -1560.063   -1686.813   -1813.563   -1940.313   -2067.063   -2193.813

                                                            K =  4

           1           2           3           4           5           6           7           8           9          10
  9    -298.746    -419.652    -546.077    -672.812    -799.562    -926.312   -1053.062   -1179.812   -1306.562   -1433.312
  8    -298.746    -419.652    -546.077    -672.812    -799.562    -926.312   -1053.062   -1179.812   -1306.562   -1433.312
  7    -298.746    -419.652    -546.077    -672.812    -799.562    -926.312   -1053.062   -1179.812   -1306.562   -1433.312
  6    -298.746    -419.652    -546.077    -672.812    -799.562    -926.312   -1053.062   -1179.812   -1306.562   -1433.312
  5    -298.746    -419.652    -546.077    -672.812    -799.562    -926.312   -1053.062   -1179.812   -1306.562   -1433.312
  4    -298.746    -419.652    -546.077    -672.812    -799.562    -926.312   -1053.062   -1179.812   -1306.562   -1433.312
  3    -298.746    -419.652    -546.077    -672.812    -799.562    -926.312   -1053.062   -1179.812   -1306.562   -1433.312
  2    -298.746    -419.652    -546.077    -672.812    -799.562    -926.312   -1053.062   -1179.812   -1306.562   -1433.312
  1    -298.746    -419.652    -546.077    -672.812    -799.562    -926.312   -1053.062   -1179.812   -1306.562   -1433.312



          11          12          13          14          15          16
  9   -1560.063   -1686.813   -1813.563   -1940.313   -2067.063   -2193.813
  8   -1560.063   -1686.813   -1813.563   -1940.313   -2067.063   -2193.813
  7   -1560.063   -1686.813   -1813.563   -1940.313   -2067.063   -2193.813
  6   -1560.063   -1686.813   -1813.563   -1940.313   -2067.063   -2193.813
  5   -1560.063   -1686.813   -1813.563   -1940.313   -2067.063   -2193.813
  4   -1560.063   -1686.813   -1813.563   -1940.313   -2067.063   -2193.813
  3   -1560.063   -1686.813   -1813.563   -1940.313   -2067.063   -2193.813
  2   -1560.063   -1686.813   -1813.563   -1940.313   -2067.063   -2193.813
  1   -1560.063   -1686.813   -1813.563   -1940.313   -2067.063   -2193.813

                                                            K =  5

           1           2           3           4           5           6           7           8           9          10
  9    -298.752    -419.726    -546.082    -672.813    -799.562    -926.312   -1053.062   -1179.812   -1306.562   -1433.312
  8    -298.752    -419.726    -546.082    -672.813    -799.562    -926.312   -1053.062   -1179.812   -1306.562   -1433.312
  7    -298.752    -419.726    -546.082    -672.813    -799.562    -926.312   -1053.062   -1179.812   -1306.562   -1433.312
  6    -298.752    -419.726    -546.082    -672.813    -799.562    -926.312   -1053.062   -1179.812   -1306.562   -1433.312
  5    -298.752    -419.726    -546.082    -672.813    -799.562    -926.312   -1053.062   -1179.812   -1306.562   -1433.312
  4    -298.752    -419.726    -546.082    -672.813    -799.562    -926.312   -1053.062   -1179.812   -1306.562   -1433.312
  3    -298.752    -419.726    -546.082    -672.813    -799.562    -926.312   -1053.062   -1179.812   -1306.562   -1433.312
  2    -298.752    -419.726    -546.082    -672.813    -799.562    -926.312   -1053.062   -1179.812   -1306.562   -1433.312
  1    -298.752    -419.726    -546.082    -672.813    -799.562    -926.312   -1053.062   -1179.812   -1306.562   -1433.312



          11          12          13          14          15          16
  9   -1560.063   -1686.813   -1813.563   -1940.313   -2067.063            
  8   -1560.063   -1686.813   -1813.563   -1940.313   -2067.063   -2193.813
  7   -1560.063   -1686.813   -1813.563   -1940.313   -2067.063   -2193.813
  6   -1560.063   -1686.813   -1813.563   -1940.313   -2067.063   -2193.813
  5   -1560.063   -1686.813   -1813.563   -1940.313   -2067.063   -2193.813
  4   -1560.063   -1686.813   -1813.563   -1940.313   -2067.063   -2193.813
  3   -1560.063   -1686.813   -1813.563   -1940.313   -2067.063   -2193.813
  2   -1560.063   -1686.813   -1813.563   -1940.313   -2067.063   -2193.813
  1   -1560.063   -1686.813   -1813.563   -1940.313   -2067.063   -2193.813




                                       ***** Simulation Completed *****
               Last time value calculated ...................................... 1.0000e+04 (yr)
               Last time step index ............................................       5
