

                          ..       Example 1.--Pulse of solute undergoing sorption and decay              
                          ..       Analytical solution from Quantitative Hydrogeology, de Marsily         


                              X-Direction Node Coordinates    (m)

           1           2           3           4           5           6           7           8           9          10
           0.00        0.00        0.00        0.01        0.01        0.01        0.01        0.01        0.02        0.02



          11          12          13          14          15          16          17          18          19          20
           0.02        0.02        0.02        0.03        0.03        0.03        0.03        0.03        0.04        0.04



          21          22          23          24          25          26          27          28          29          30
           0.04        0.04        0.04        0.05        0.05        0.05        0.05        0.05        0.06        0.06



          31          32          33          34          35          36          37          38          39          40
           0.06        0.06        0.06        0.07        0.07        0.07        0.07        0.07        0.08        0.08



          41          42          43          44          45          46          47          48          49          50
           0.08        0.08        0.08        0.09        0.09        0.09        0.09        0.09        0.10        0.10



          51          52          53          54          55          56          57          58          59          60
           0.10        0.10        0.10        0.11        0.11        0.11        0.11        0.11        0.12        0.12



          61
           0.12




                              Y-Direction Node Coordinates   (m)

           1           2
           0.00        0.01




                              Z-Direction Node Coordinates   (m)

           1           2
           0.00        0.01




                              *** Output at End of Time Step No.   300 ***

                         Time .......................................................    120.      (s  )

                         X-direction - interstitial pore velocity between X(I) and X(I+1) (m /s  )

                    Areal Layers

                                                            K =  1

           1           2           3           4           5           6           7           8           9          10
  2  1.0000E-03  1.0000E-03  1.0000E-03  1.0000E-03  1.0000E-03  1.0000E-03  1.0000E-03  1.0000E-03  1.0000E-03  1.0000E-03
  1  1.0000E-03  1.0000E-03  1.0000E-03  1.0000E-03  1.0000E-03  1.0000E-03  1.0000E-03  1.0000E-03  1.0000E-03  1.0000E-03



          11          12          13          14          15          16          17          18          19          20
  2  1.0000E-03  1.0000E-03  1.0000E-03  1.0000E-03  1.0000E-03  1.0000E-03  1.0000E-03  1.0000E-03  1.0000E-03  1.0000E-03
  1  1.0000E-03  1.0000E-03  1.0000E-03  1.0000E-03  1.0000E-03  1.0000E-03  1.0000E-03  1.0000E-03  1.0000E-03  1.0000E-03



          21          22          23          24          25          26          27          28          29          30
  2  1.0000E-03  1.0000E-03  1.0000E-03  1.0000E-03  1.0000E-03  1.0000E-03  1.0000E-03  1.0000E-03  1.0000E-03  1.0000E-03
  1  1.0000E-03  1.0000E-03  1.0000E-03  1.0000E-03  1.0000E-03  1.0000E-03  1.0000E-03  1.0000E-03  1.0000E-03  1.0000E-03



          31          32          33          34          35          36          37          38          39          40
  2  1.0000E-03  1.0000E-03  1.0000E-03  1.0000E-03  1.0000E-03  1.0000E-03  1.0000E-03  1.0000E-03  1.0000E-03  1.0000E-03
  1  1.0000E-03  1.0000E-03  1.0000E-03  1.0000E-03  1.0000E-03  1.0000E-03  1.0000E-03  1.0000E-03  1.0000E-03  1.0000E-03



          41          42          43          44          45          46          47          48          49          50
  2  1.0000E-03  1.0000E-03  1.0000E-03  1.0000E-03  1.0000E-03  1.0000E-03  1.0000E-03  1.0000E-03  1.0000E-03  1.0000E-03
  1  1.0000E-03  1.0000E-03  1.0000E-03  1.0000E-03  1.0000E-03  1.0000E-03  1.0000E-03  1.0000E-03  1.0000E-03  1.0000E-03



          51          52          53          54          55          56          57          58          59          60
  2  1.0000E-03  1.0000E-03  1.0000E-03  1.0000E-03  1.0000E-03  1.0000E-03  1.0000E-03  1.0000E-03  1.0000E-03  1.0000E-03
  1  1.0000E-03  1.0000E-03  1.0000E-03  1.0000E-03  1.0000E-03  1.0000E-03  1.0000E-03  1.0000E-03  1.0000E-03  1.0000E-03

                                                            K =  2

           1           2           3           4           5           6           7           8           9          10
  2  1.0000E-03  1.0000E-03  1.0000E-03  1.0000E-03  1.0000E-03  1.0000E-03  1.0000E-03  1.0000E-03  1.0000E-03  1.0000E-03
  1  1.0000E-03  1.0000E-03  1.0000E-03  1.0000E-03  1.0000E-03  1.0000E-03  1.0000E-03  1.0000E-03  1.0000E-03  1.0000E-03



          11          12          13          14          15          16          17          18          19          20
  2  1.0000E-03  1.0000E-03  1.0000E-03  1.0000E-03  1.0000E-03  1.0000E-03  1.0000E-03  1.0000E-03  1.0000E-03  1.0000E-03
  1  1.0000E-03  1.0000E-03  1.0000E-03  1.0000E-03  1.0000E-03  1.0000E-03  1.0000E-03  1.0000E-03  1.0000E-03  1.0000E-03



          21          22          23          24          25          26          27          28          29          30
  2  1.0000E-03  1.0000E-03  1.0000E-03  1.0000E-03  1.0000E-03  1.0000E-03  1.0000E-03  1.0000E-03  1.0000E-03  1.0000E-03
  1  1.0000E-03  1.0000E-03  1.0000E-03  1.0000E-03  1.0000E-03  1.0000E-03  1.0000E-03  1.0000E-03  1.0000E-03  1.0000E-03



          31          32          33          34          35          36          37          38          39          40
  2  1.0000E-03  1.0000E-03  1.0000E-03  1.0000E-03  1.0000E-03  1.0000E-03  1.0000E-03  1.0000E-03  1.0000E-03  1.0000E-03
  1  1.0000E-03  1.0000E-03  1.0000E-03  1.0000E-03  1.0000E-03  1.0000E-03  1.0000E-03  1.0000E-03  1.0000E-03  1.0000E-03



          41          42          43          44          45          46          47          48          49          50
  2  1.0000E-03  1.0000E-03  1.0000E-03  1.0000E-03  1.0000E-03  1.0000E-03  1.0000E-03  1.0000E-03  1.0000E-03  1.0000E-03
  1  1.0000E-03  1.0000E-03  1.0000E-03  1.0000E-03  1.0000E-03  1.0000E-03  1.0000E-03  1.0000E-03  1.0000E-03  1.0000E-03



          51          52          53          54          55          56          57          58          59          60
  2  1.0000E-03  1.0000E-03  1.0000E-03  1.0000E-03  1.0000E-03  1.0000E-03  1.0000E-03  1.0000E-03  1.0000E-03  1.0000E-03
  1  1.0000E-03  1.0000E-03  1.0000E-03  1.0000E-03  1.0000E-03  1.0000E-03  1.0000E-03  1.0000E-03  1.0000E-03  1.0000E-03



                         Y-direction - interstitial pore velocity between Y(J) and Y(J+1) (m /s  )

                    Areal Layers

                                                            K =  1

           1           2           3           4           5           6           7           8           9          10
  1  -0.000      -0.000      -0.000      -0.000      -0.000      -0.000      -0.000      -0.000      -0.000      -0.000    



          11          12          13          14          15          16          17          18          19          20
  1  -0.000      -0.000      -0.000      -0.000      -0.000      -0.000      -0.000      -0.000      -0.000      -0.000    



          21          22          23          24          25          26          27          28          29          30
  1  -0.000      -0.000      -0.000      -0.000      -0.000      -0.000      -0.000      -0.000      -0.000      -0.000    



          31          32          33          34          35          36          37          38          39          40
  1  -0.000      -0.000      -0.000      -0.000      -0.000      -0.000      -0.000      -0.000      -0.000      -0.000    



          41          42          43          44          45          46          47          48          49          50
  1  -0.000      -0.000      -0.000      -0.000      -0.000      -0.000      -0.000      -0.000      -0.000      -0.000    



          51          52          53          54          55          56          57          58          59          60
  1  -0.000      -0.000      -0.000      -0.000      -0.000      -0.000      -0.000      -0.000      -0.000      -0.000    



          61
  1  -0.000    

                                                            K =  2

           1           2           3           4           5           6           7           8           9          10
  1  -0.000      -0.000      -0.000      -0.000      -0.000      -0.000      -0.000      -0.000      -0.000      -0.000    



          11          12          13          14          15          16          17          18          19          20
  1  -0.000      -0.000      -0.000      -0.000      -0.000      -0.000      -0.000      -0.000      -0.000      -0.000    



          21          22          23          24          25          26          27          28          29          30
  1  -0.000      -0.000      -0.000      -0.000      -0.000      -0.000      -0.000      -0.000      -0.000      -0.000    



          31          32          33          34          35          36          37          38          39          40
  1  -0.000      -0.000      -0.000      -0.000      -0.000      -0.000      -0.000      -0.000      -0.000      -0.000    



          41          42          43          44          45          46          47          48          49          50
  1  -0.000      -0.000      -0.000      -0.000      -0.000      -0.000      -0.000      -0.000      -0.000      -0.000    



          51          52          53          54          55          56          57          58          59          60
  1  -0.000      -0.000      -0.000      -0.000      -0.000      -0.000      -0.000      -0.000      -0.000      -0.000    



          61
  1  -0.000    



                         Z-direction - interstitial pore velocity between Z(K) and Z(K+1) (m /s  )

                    Areal Layers

                                                            K =  1

           1           2           3           4           5           6           7           8           9          10
  2  -0.000      -0.000      -0.000      -0.000      1.7389E-18  -0.000      -0.000     -1.7389E-18  -0.000      -0.000    
  1  -0.000      -0.000      -0.000      -0.000      1.7389E-18  -0.000      -0.000     -1.7389E-18  -0.000      -0.000    



          11          12          13          14          15          16          17          18          19          20
  2  -0.000      -0.000      -0.000      -0.000      -0.000      -0.000     -1.7389E-18  -0.000      1.7389E-18  -0.000    
  1  -0.000      -0.000      -0.000      -0.000      -0.000      -0.000     -1.7389E-18  -0.000      1.7389E-18  -0.000    



          21          22          23          24          25          26          27          28          29          30
  2  1.7389E-18  -0.000      1.7389E-18  1.7389E-18  1.7389E-18  1.7389E-18  1.7389E-18  1.7389E-18  -0.000      -0.000    
  1  1.7389E-18  -0.000      1.7389E-18  1.7389E-18  1.7389E-18  1.7389E-18  1.7389E-18  1.7389E-18  -0.000      -0.000    



          31          32          33          34          35          36          37          38          39          40
  2  -0.000      -0.000      1.7389E-18  1.7389E-18  1.7389E-18  1.7389E-18  1.7389E-18  1.7389E-18  1.7389E-18  -0.000    
  1  -0.000      -0.000      1.7389E-18  1.7389E-18  1.7389E-18  1.7389E-18  1.7389E-18  1.7389E-18  1.7389E-18  -0.000    



          41          42          43          44          45          46          47          48          49          50
  2  1.7389E-18  -0.000      1.7389E-18  -0.000     -1.7389E-18  -0.000     -1.7389E-18  -0.000      -0.000      -0.000    
  1  1.7389E-18  -0.000      1.7389E-18  -0.000     -1.7389E-18  -0.000     -1.7389E-18  -0.000      -0.000      -0.000    



          51          52          53          54          55          56          57          58          59          60
  2  -0.000      -0.000      -0.000      -0.000      -0.000      -0.000      -0.000      -0.000      -0.000      -0.000    
  1  -0.000      -0.000      -0.000      -0.000      -0.000      -0.000      -0.000      -0.000      -0.000      -0.000    



          61
  2  -0.000    
  1  -0.000    



                         X-direction - interstitial pore velocity at nodes (m /s  )

                    Areal Layers

                                                            K =  1

           1           2           3           4           5           6           7           8           9          10
  2  1.0000E-03  1.0000E-03  1.0000E-03  1.0000E-03  1.0000E-03  1.0000E-03  1.0000E-03  1.0000E-03  1.0000E-03  1.0000E-03
  1  1.0000E-03  1.0000E-03  1.0000E-03  1.0000E-03  1.0000E-03  1.0000E-03  1.0000E-03  1.0000E-03  1.0000E-03  1.0000E-03



          11          12          13          14          15          16          17          18          19          20
  2  1.0000E-03  1.0000E-03  1.0000E-03  1.0000E-03  1.0000E-03  1.0000E-03  1.0000E-03  1.0000E-03  1.0000E-03  1.0000E-03
  1  1.0000E-03  1.0000E-03  1.0000E-03  1.0000E-03  1.0000E-03  1.0000E-03  1.0000E-03  1.0000E-03  1.0000E-03  1.0000E-03



          21          22          23          24          25          26          27          28          29          30
  2  1.0000E-03  1.0000E-03  1.0000E-03  1.0000E-03  1.0000E-03  1.0000E-03  1.0000E-03  1.0000E-03  1.0000E-03  1.0000E-03
  1  1.0000E-03  1.0000E-03  1.0000E-03  1.0000E-03  1.0000E-03  1.0000E-03  1.0000E-03  1.0000E-03  1.0000E-03  1.0000E-03



          31          32          33          34          35          36          37          38          39          40
  2  1.0000E-03  1.0000E-03  1.0000E-03  1.0000E-03  1.0000E-03  1.0000E-03  1.0000E-03  1.0000E-03  1.0000E-03  1.0000E-03
  1  1.0000E-03  1.0000E-03  1.0000E-03  1.0000E-03  1.0000E-03  1.0000E-03  1.0000E-03  1.0000E-03  1.0000E-03  1.0000E-03



          41          42          43          44          45          46          47          48          49          50
  2  1.0000E-03  1.0000E-03  1.0000E-03  1.0000E-03  1.0000E-03  1.0000E-03  1.0000E-03  1.0000E-03  1.0000E-03  1.0000E-03
  1  1.0000E-03  1.0000E-03  1.0000E-03  1.0000E-03  1.0000E-03  1.0000E-03  1.0000E-03  1.0000E-03  1.0000E-03  1.0000E-03



          51          52          53          54          55          56          57          58          59          60
  2  1.0000E-03  1.0000E-03  1.0000E-03  1.0000E-03  1.0000E-03  1.0000E-03  1.0000E-03  1.0000E-03  1.0000E-03  1.0000E-03
  1  1.0000E-03  1.0000E-03  1.0000E-03  1.0000E-03  1.0000E-03  1.0000E-03  1.0000E-03  1.0000E-03  1.0000E-03  1.0000E-03



          61
  2  1.0000E-03
  1  1.0000E-03

                                                            K =  2

           1           2           3           4           5           6           7           8           9          10
  2  1.0000E-03  1.0000E-03  1.0000E-03  1.0000E-03  1.0000E-03  1.0000E-03  1.0000E-03  1.0000E-03  1.0000E-03  1.0000E-03
  1  1.0000E-03  1.0000E-03  1.0000E-03  1.0000E-03  1.0000E-03  1.0000E-03  1.0000E-03  1.0000E-03  1.0000E-03  1.0000E-03



          11          12          13          14          15          16          17          18          19          20
  2  1.0000E-03  1.0000E-03  1.0000E-03  1.0000E-03  1.0000E-03  1.0000E-03  1.0000E-03  1.0000E-03  1.0000E-03  1.0000E-03
  1  1.0000E-03  1.0000E-03  1.0000E-03  1.0000E-03  1.0000E-03  1.0000E-03  1.0000E-03  1.0000E-03  1.0000E-03  1.0000E-03



          21          22          23          24          25          26          27          28          29          30
  2  1.0000E-03  1.0000E-03  1.0000E-03  1.0000E-03  1.0000E-03  1.0000E-03  1.0000E-03  1.0000E-03  1.0000E-03  1.0000E-03
  1  1.0000E-03  1.0000E-03  1.0000E-03  1.0000E-03  1.0000E-03  1.0000E-03  1.0000E-03  1.0000E-03  1.0000E-03  1.0000E-03



          31          32          33          34          35          36          37          38          39          40
  2  1.0000E-03  1.0000E-03  1.0000E-03  1.0000E-03  1.0000E-03  1.0000E-03  1.0000E-03  1.0000E-03  1.0000E-03  1.0000E-03
  1  1.0000E-03  1.0000E-03  1.0000E-03  1.0000E-03  1.0000E-03  1.0000E-03  1.0000E-03  1.0000E-03  1.0000E-03  1.0000E-03



          41          42          43          44          45          46          47          48          49          50
  2  1.0000E-03  1.0000E-03  1.0000E-03  1.0000E-03  1.0000E-03  1.0000E-03  1.0000E-03  1.0000E-03  1.0000E-03  1.0000E-03
  1  1.0000E-03  1.0000E-03  1.0000E-03  1.0000E-03  1.0000E-03  1.0000E-03  1.0000E-03  1.0000E-03  1.0000E-03  1.0000E-03



          51          52          53          54          55          56          57          58          59          60
  2  1.0000E-03  1.0000E-03  1.0000E-03  1.0000E-03  1.0000E-03  1.0000E-03  1.0000E-03  1.0000E-03  1.0000E-03  1.0000E-03
  1  1.0000E-03  1.0000E-03  1.0000E-03  1.0000E-03  1.0000E-03  1.0000E-03  1.0000E-03  1.0000E-03  1.0000E-03  1.0000E-03



          61
  2  1.0000E-03
  1  1.0000E-03



                         Y-direction - interstitial pore velocity at nodes (m /s  )

                    Areal Layers

                                                            K =  1

           1           2           3           4           5           6           7           8           9          10
  2  -0.000      -0.000      -0.000      -0.000      -0.000      -0.000      -0.000      -0.000      -0.000      -0.000    
  1   0.000       0.000       0.000       0.000       0.000       0.000       0.000       0.000       0.000       0.000    



          11          12          13          14          15          16          17          18          19          20
  2  -0.000      -0.000      -0.000      -0.000      -0.000      -0.000      -0.000      -0.000      -0.000      -0.000    
  1   0.000       0.000       0.000       0.000       0.000       0.000       0.000       0.000       0.000       0.000    



          21          22          23          24          25          26          27          28          29          30
  2  -0.000      -0.000      -0.000      -0.000      -0.000      -0.000      -0.000      -0.000      -0.000      -0.000    
  1   0.000       0.000       0.000       0.000       0.000       0.000       0.000       0.000       0.000       0.000    



          31          32          33          34          35          36          37          38          39          40
  2  -0.000      -0.000      -0.000      -0.000      -0.000      -0.000      -0.000      -0.000      -0.000      -0.000    
  1   0.000       0.000       0.000       0.000       0.000       0.000       0.000       0.000       0.000       0.000    



          41          42          43          44          45          46          47          48          49          50
  2  -0.000      -0.000      -0.000      -0.000      -0.000      -0.000      -0.000      -0.000      -0.000      -0.000    
  1   0.000       0.000       0.000       0.000       0.000       0.000       0.000       0.000       0.000       0.000    



          51          52          53          54          55          56          57          58          59          60
  2  -0.000      -0.000      -0.000      -0.000      -0.000      -0.000      -0.000      -0.000      -0.000      -0.000    
  1   0.000       0.000       0.000       0.000       0.000       0.000       0.000       0.000       0.000       0.000    



          61
  2   0.000    
  1  -0.000    

                                                            K =  2

           1           2           3           4           5           6           7           8           9          10
  2  -0.000      -0.000      -0.000      -0.000      -0.000      -0.000      -0.000      -0.000      -0.000      -0.000    
  1   0.000       0.000       0.000       0.000       0.000       0.000       0.000       0.000       0.000       0.000    



          11          12          13          14          15          16          17          18          19          20
  2  -0.000      -0.000      -0.000      -0.000      -0.000      -0.000      -0.000      -0.000      -0.000      -0.000    
  1   0.000       0.000       0.000       0.000       0.000       0.000       0.000       0.000       0.000       0.000    



          21          22          23          24          25          26          27          28          29          30
  2  -0.000      -0.000      -0.000      -0.000      -0.000      -0.000      -0.000      -0.000      -0.000      -0.000    
  1   0.000       0.000       0.000       0.000       0.000       0.000       0.000       0.000       0.000       0.000    



          31          32          33          34          35          36          37          38          39          40
  2  -0.000      -0.000      -0.000      -0.000      -0.000      -0.000      -0.000      -0.000      -0.000      -0.000    
  1   0.000       0.000       0.000       0.000       0.000       0.000       0.000       0.000       0.000       0.000    



          41          42          43          44          45          46          47          48          49          50
  2  -0.000      -0.000      -0.000      -0.000      -0.000      -0.000      -0.000      -0.000      -0.000      -0.000    
  1   0.000       0.000       0.000       0.000       0.000       0.000       0.000       0.000       0.000       0.000    



          51          52          53          54          55          56          57          58          59          60
  2  -0.000      -0.000      -0.000      -0.000      -0.000      -0.000      -0.000      -0.000      -0.000      -0.000    
  1   0.000       0.000       0.000       0.000       0.000       0.000       0.000       0.000       0.000       0.000    



          61
  2   0.000    
  1  -0.000    



                         Z-direction - interstitial pore velocity at nodes (m /s  )

                    Areal Layers

                                                            K =  1

           1           2           3           4           5           6           7           8           9          10
  2   0.000       0.000       0.000       0.000       0.000       0.000       0.000       0.000       0.000       0.000    
  1   0.000       0.000       0.000       0.000       0.000       0.000       0.000       0.000       0.000       0.000    



          11          12          13          14          15          16          17          18          19          20
  2   0.000       0.000       0.000       0.000       0.000       0.000       0.000       0.000       0.000       0.000    
  1   0.000       0.000       0.000       0.000       0.000       0.000       0.000       0.000       0.000       0.000    



          21          22          23          24          25          26          27          28          29          30
  2   0.000       0.000       0.000       0.000       0.000       0.000       0.000       0.000       0.000       0.000    
  1   0.000       0.000       0.000       0.000       0.000       0.000       0.000       0.000       0.000       0.000    



          31          32          33          34          35          36          37          38          39          40
  2   0.000       0.000       0.000       0.000       0.000       0.000       0.000       0.000       0.000       0.000    
  1   0.000       0.000       0.000       0.000       0.000       0.000       0.000       0.000       0.000       0.000    



          41          42          43          44          45          46          47          48          49          50
  2   0.000       0.000       0.000       0.000       0.000       0.000       0.000       0.000       0.000       0.000    
  1   0.000       0.000       0.000       0.000       0.000       0.000       0.000       0.000       0.000       0.000    



          51          52          53          54          55          56          57          58          59          60
  2   0.000       0.000       0.000       0.000       0.000       0.000       0.000       0.000       0.000       0.000    
  1   0.000       0.000       0.000       0.000       0.000       0.000       0.000       0.000       0.000       0.000    



          61
  2  -0.000    
  1  -0.000    

                                                            K =  2

           1           2           3           4           5           6           7           8           9          10
  2  -0.000      -0.000      -0.000      -0.000      -0.000      -0.000      -0.000      -0.000      -0.000      -0.000    
  1  -0.000      -0.000      -0.000      -0.000      -0.000      -0.000      -0.000      -0.000      -0.000      -0.000    



          11          12          13          14          15          16          17          18          19          20
  2  -0.000      -0.000      -0.000      -0.000      -0.000      -0.000      -0.000      -0.000      -0.000      -0.000    
  1  -0.000      -0.000      -0.000      -0.000      -0.000      -0.000      -0.000      -0.000      -0.000      -0.000    



          21          22          23          24          25          26          27          28          29          30
  2  -0.000      -0.000      -0.000      -0.000      -0.000      -0.000      -0.000      -0.000      -0.000      -0.000    
  1  -0.000      -0.000      -0.000      -0.000      -0.000      -0.000      -0.000      -0.000      -0.000      -0.000    



          31          32          33          34          35          36          37          38          39          40
  2  -0.000      -0.000      -0.000      -0.000      -0.000      -0.000      -0.000      -0.000      -0.000      -0.000    
  1  -0.000      -0.000      -0.000      -0.000      -0.000      -0.000      -0.000      -0.000      -0.000      -0.000    



          41          42          43          44          45          46          47          48          49          50
  2  -0.000      -0.000      -0.000      -0.000      -0.000      -0.000      -0.000      -0.000      -0.000      -0.000    
  1  -0.000      -0.000      -0.000      -0.000      -0.000      -0.000      -0.000      -0.000      -0.000      -0.000    



          51          52          53          54          55          56          57          58          59          60
  2  -0.000      -0.000      -0.000      -0.000      -0.000      -0.000      -0.000      -0.000      -0.000      -0.000    
  1  -0.000      -0.000      -0.000      -0.000      -0.000      -0.000      -0.000      -0.000      -0.000      -0.000    



          61
  2   0.000    
  1   0.000    




                      ***** Flow and Transport Simulation Completed *****
               Last time value calculated ......................................  120.0     (s)
               Last time step index ............................................     300
