

                          . Central Oklahoma aquifer,                                                     
                          . demonstration of PHAST                                                        


                              X-Direction Node Coordinates    (m)

           1           2           3           4           5           6           7           8           9          10
           0.00     6000.00    12000.00    18000.00    24000.00    30000.00    36000.00    42000.00    48000.00    54000.00



          11          12          13          14          15          16
       60000.00    66000.00    72000.00    78000.00    84000.00    90000.00




                              Y-Direction Node Coordinates   (m)

           1           2           3           4           5           6           7           8           9
           0.00     6000.00    12000.00    18000.00    24000.00    30000.00    36000.00    42000.00    48000.00




                              Z-Direction Node Coordinates   (m)

           1           2           3           4           5
           0.00      100.00      200.00      300.00      400.00




                              *** Output at End of Time Step No.     0 ***

                         Time .......................................................   5.000e+04  (yr )

                         X-direction - interstitial pore velocity between X(I) and X(I+1) (m /yr )

                    Areal Layers

                                                            K =  1

           1           2           3           4           5           6           7           8           9          10
  9 -6.6857e-02 -0.1821     -0.2366     -0.1858     -0.1308      0.6220       1.037       1.570      0.0000e+00            
  8 -8.9153e-02 -0.2480     -0.3374     -0.2820     -0.1660      -3.460      -1.378     -0.2259      0.0000e+00            
  7 -0.1300     -0.3809     -0.5854     -0.6115     -0.2494      -5.767      -2.689     -0.9325      0.0000e+00            
  6 -0.1787     -0.5564      -1.017      -1.727      -3.108      -3.698      -2.255     -0.9087      0.0000e+00            
  5 -0.2052     -0.6420      -1.178      -1.968      -3.319      -3.152      -1.830      -1.216      0.0000e+00            
  4 -0.2035     -0.6223      -1.064      -1.460      -1.528      -3.369     -0.7585      -2.232      0.0000e+00            
  3 -0.1884     -0.5756     -0.9941      -1.474      -2.006      5.6591e-02   4.278      -5.436      0.0000e+00            
  2 -0.1617     -0.4927     -0.8480      -1.252      -1.635       1.148       4.659      -3.264      0.0000e+00            
  1 -0.1260     -0.3809     -0.6370     -0.8454     -0.7092       1.241       3.892       1.252      0.0000e+00            



          11          12          13          14          15

                                                            K =  2

           1           2           3           4           5           6           7           8           9          10
  9 -6.6866e-02 -0.1821     -0.2366     -0.1842     -9.6299e-02  0.7401       1.102       1.671       2.123       1.665    
  8 -8.9165e-02 -0.2480     -0.3374     -0.2796     -0.1180      -3.560      -1.380     -0.2313      0.7250       1.703    
  7 -0.1300     -0.3810     -0.5854     -0.6060     -0.1292      -5.948      -2.695     -0.9442      0.7690       2.902    
  6 -0.1787     -0.5565      -1.018      -1.730      -3.156      -3.705      -2.253     -0.9107       1.524       6.618    
  5 -0.2052     -0.6421      -1.178      -1.971      -3.368      -3.157      -1.829      -1.232      0.5790       4.182    
  4 -0.2035     -0.6223      -1.064      -1.457      -1.472      -3.481     -0.7568      -2.284      -1.040       1.797    
  3 -0.1885     -0.5757     -0.9943      -1.477      -2.054      5.9016e-02   4.537      -5.797      -2.815      0.4336    
  2 -0.1617     -0.4928     -0.8482      -1.255      -1.686       1.152       4.833      -3.497      -1.618      0.5672    
  1 -0.1260     -0.3810     -0.6371     -0.8459     -0.7146       1.244       3.987       1.375       2.118       1.968    



          11          12          13          14          15
  9   1.647       1.617       1.580       1.540       1.063    
  8   1.678       1.384       1.014      0.8327      0.4116    
  7   2.150       1.383      0.4628      0.5611      0.2856    
  6   2.808       1.613     -0.8507      0.7376      0.4896    
  5   7.781       2.097       3.015       3.242       1.522    
  4   3.668       3.130       4.335       8.137       1.165    
  3   2.066       2.611       3.193       3.694       1.135    
  2   1.637       2.122       2.381       2.247      0.9362    
  1   2.065       2.116       2.140       2.098       1.410    

                                                            K =  3

           1           2           3           4           5           6           7           8           9          10
  9 -6.6893e-02 -0.1822     -0.2366     -0.1803      5.0949e-03   1.110       1.300       1.606       1.847       1.658    
  8 -8.9202e-02 -0.2482     -0.3374     -0.2736      2.9821e-02  -3.868      -1.387     -0.1981      0.7642       1.701    
  7 -0.1301     -0.3811     -0.5853     -0.5921      0.2496      -6.508      -2.708     -0.9054      0.8257       2.907    
  6 -0.1787     -0.5567      -1.019      -1.738      -3.306      -3.721      -2.248     -0.8661       1.570       6.828    
  5 -0.2053     -0.6424      -1.179      -1.977      -3.520      -3.169      -1.826      -1.198      0.6355       4.182    
  4 -0.2036     -0.6225      -1.064      -1.450      -1.291      -3.832     -0.7543      -2.287     -0.9550       1.796    
  3 -0.1885     -0.5759     -0.9949      -1.484      -2.203      6.3735e-02   5.345      -6.652      -2.703      0.4353    
  2 -0.1618     -0.4930     -0.8488      -1.262      -1.846       1.160       5.373      -4.041      -1.542      0.5651    
  1 -0.1260     -0.3811     -0.6375     -0.8473     -0.7287       1.252       4.273       1.502       2.011       2.003    



          11          12          13          14          15
  9   1.646       1.623       1.595       1.565       1.105    
  8   1.676       1.382       1.011      0.8300      0.4098    
  7   2.147       1.382      0.4592      0.5600      0.2851    
  6   2.712       1.627     -0.9789      0.7307      0.4882    
  5   8.036       1.998       3.060       3.236       1.560    
  4   3.667       3.128       4.333       8.416       1.096    
  3   2.064       2.610       3.190       3.695       1.133    
  2   1.633       2.118       2.379       2.245      0.9347    
  1   2.078       2.116       2.134       2.102       1.453    

                                                            K =  4

           1           2           3           4           5           6           7           8           9          10
  9 -6.6937e-02 -0.1823     -0.2367     -0.1769      0.1660       1.782       1.644       1.644       1.644       1.644    
  8 -8.9263e-02 -0.2483     -0.3375     -0.2681      0.2889      -4.419      -1.395     -0.1890      0.7722       1.694    
  7 -0.1302     -0.3814     -0.5855     -0.5788      0.9444      -7.513      -2.715     -0.8855      0.8538       2.916    
  6 -0.1789     -0.5572      -1.020      -1.747      -3.581      -3.727      -2.239     -0.8406       1.583       7.479    
  5 -0.2054     -0.6428      -1.180      -1.985      -3.792      -3.175      -1.821      -1.176      0.6626       4.165    
  4 -0.2037     -0.6228      -1.064      -1.442     -0.9486      -4.466     -0.7634      -2.278     -0.9053       1.791    
  3 -0.1886     -0.5762     -0.9957      -1.491      -2.470      6.2481e-02   6.802      -8.144      -2.650      0.4375    
  2 -0.1619     -0.4933     -0.8496      -1.270      -2.126       1.163       6.323      -4.998      -1.523      0.5555    
  1 -0.1261     -0.3814     -0.6380     -0.8488     -0.7446       1.256       4.745       1.846       2.116       2.116    



          11          12          13          14          15
  9   1.644       1.644       1.644       1.644       1.233    
  8   1.669       1.375       1.002      0.8211      0.4034    
  7   2.142       1.378      0.4518      0.5572      0.2837    
  6   2.400       1.680      -1.379      0.7133      0.4832    
  5   8.835       1.680       3.207       3.207       1.680    
  4   3.655       3.122       4.318       9.287      0.8707    
  3   2.061       2.608       3.179       3.690       1.130    
  2   1.621       2.107       2.371       2.240      0.9287    
  1   2.116       2.116       2.116       2.116       1.587    

                                                            K =  5

           1           2           3           4           5           6           7           8           9          10
  9  0.0000e+00  0.0000e+00  0.0000e+00  0.0000e+00  0.0000e+00  0.0000e+00  0.0000e+00  0.0000e+00  0.0000e+00  0.0000e+00
  8  0.0000e+00  0.0000e+00  0.0000e+00  0.0000e+00  0.0000e+00  0.0000e+00  0.0000e+00  0.0000e+00  0.0000e+00  0.0000e+00
  7  0.0000e+00  0.0000e+00  0.0000e+00  0.0000e+00  0.0000e+00  0.0000e+00  -2.709     -0.8837      0.8568       2.914    
  6  0.0000e+00  0.0000e+00  0.0000e+00  0.0000e+00  0.0000e+00  -3.707      -2.227     -0.8329       1.548      0.0000e+00
  5  0.0000e+00  0.0000e+00  0.0000e+00  0.0000e+00  0.0000e+00  -3.153      -1.815      -1.166      0.6615       4.108    
  4  0.0000e+00  0.0000e+00  0.0000e+00  0.0000e+00  0.0000e+00  0.0000e+00 -0.7823      -2.243     -0.8874       1.781    
  3  0.0000e+00  0.0000e+00  0.0000e+00  0.0000e+00  0.0000e+00  5.5914e-02  0.0000e+00  0.0000e+00  -2.633      0.4409    
  2  0.0000e+00  0.0000e+00  0.0000e+00  0.0000e+00  0.0000e+00  0.0000e+00  0.0000e+00  0.0000e+00  0.0000e+00  0.0000e+00
  1  0.0000e+00  0.0000e+00  0.0000e+00  0.0000e+00  0.0000e+00  0.0000e+00  0.0000e+00  0.0000e+00  0.0000e+00  0.0000e+00



          11          12          13          14          15
  9  0.0000e+00  0.0000e+00  0.0000e+00  0.0000e+00  0.0000e+00
  8  0.0000e+00  0.0000e+00  0.0000e+00  0.0000e+00  0.0000e+00
  7  0.0000e+00  0.0000e+00  0.0000e+00  0.0000e+00  0.0000e+00
  6  0.0000e+00  0.0000e+00  0.0000e+00  0.0000e+00  0.0000e+00
  5  0.0000e+00  0.0000e+00  0.0000e+00  0.0000e+00  0.0000e+00
  4   3.625      0.0000e+00  0.0000e+00  0.0000e+00  0.0000e+00
  3   2.059      0.0000e+00  0.0000e+00  0.0000e+00  0.0000e+00
  2  0.0000e+00  0.0000e+00  0.0000e+00  0.0000e+00  0.0000e+00
  1  0.0000e+00  0.0000e+00  0.0000e+00  0.0000e+00  0.0000e+00



                         Y-direction - interstitial pore velocity between Y(J) and Y(J+1) (m /yr )

                    Areal Layers

                                                            K =  1

           1           2           3           4           5           6           7           8           9          10
  8   1.348       1.370       1.436       1.537       1.633       1.668       5.751       8.165       9.961                
  7   1.156       1.197       1.330       1.578       1.907       1.991       4.298       5.609       6.316                
  6  0.8869      0.9355       1.111       1.543       2.659       5.517       3.448       3.013       2.989                
  5  0.5246      0.5511      0.6368      0.7972       1.038       1.249      0.7023      0.2779      0.5854                
  4  0.1124      0.1108      9.1001e-02 -2.3365e-02 -0.5317      -2.323      -2.106      -3.177      -2.161                
  3 -0.2955     -0.3106     -0.3572     -0.4267     -0.4120      6.6264e-02  -3.359      -8.396      -5.192                
  2 -0.6752     -0.7020     -0.7848     -0.9310      -1.153      -1.525      -2.616      -2.996      -5.169                
  1  -1.005      -1.041      -1.153      -1.363      -1.770      -2.696      -2.789      -2.022      -6.537                



          11          12          13          14          15          16

                                                            K =  2

           1           2           3           4           5           6           7           8           9          10
  8   1.348       1.370       1.436       1.537       1.632       1.654       5.954       8.436       10.34       11.74    
  7   1.156       1.197       1.330       1.578       1.904       1.915       4.303       5.618       6.331       6.287    
  6  0.8868      0.9354       1.111       1.543       2.668       5.694       3.452       3.009       2.976       2.220    
  5  0.5246      0.5511      0.6367      0.7971       1.037       1.249      0.7014      0.2778      0.5987       1.544    
  4  0.1124      0.1107      9.0961e-02 -2.3689e-02 -0.5373      -2.433      -2.109      -3.182      -2.129     -0.5101    
  3 -0.2955     -0.3105     -0.3572     -0.4264     -0.4064      0.1758      -3.364      -8.658      -5.146      -3.371    
  2 -0.6752     -0.7019     -0.7848     -0.9310      -1.153      -1.520      -2.613      -2.910      -5.210      -6.407    
  1  -1.005      -1.041      -1.153      -1.364      -1.773      -2.744      -2.837      -1.991      -6.863      -10.60    



          11          12          13          14          15          16
  8   11.70       11.67       11.90       12.47       13.17       13.82    
  7   5.088       4.617       4.618       5.169       5.440       5.566    
  6  -1.496      -2.155      -2.385      -1.071      -1.248      -1.452    
  5   3.980     -0.9920      -1.476      -5.342      -7.846      -8.878    
  4   1.875       5.988       4.955       3.635      -1.260     -0.9026    
  3  -2.008     -0.4051      0.1140       1.256       5.698       5.729    
  2  -6.540      -6.111      -5.622      -4.810      -3.363      -3.165    
  1  -12.00      -12.43      -12.42      -12.18      -12.03      -12.51    

                                                            K =  3

           1           2           3           4           5           6           7           8           9          10
  8   1.348       1.370       1.436       1.537       1.630       1.605       6.584       9.270       11.07       12.16    
  7   1.156       1.197       1.330       1.578       1.896       1.676       4.316       5.638       6.346       6.284    
  6  0.8866      0.9353       1.111       1.544       2.690       6.246       3.458       2.998       2.958       2.214    
  5  0.5245      0.5510      0.6366      0.7969       1.036       1.250      0.6988      0.2771      0.6085       1.543    
  4  0.1124      0.1107      9.0845e-02 -2.4543e-02 -0.5519      -2.781      -2.117      -3.189      -2.100     -0.5095    
  3 -0.2954     -0.3105     -0.3571     -0.4258     -0.3922      0.5194      -3.377      -9.476      -5.111      -3.363    
  2 -0.6750     -0.7018     -0.7847     -0.9308      -1.152      -1.509      -2.605      -2.634      -5.245      -6.405    
  1  -1.005      -1.041      -1.153      -1.364      -1.779      -2.896      -2.987      -1.887      -7.430      -10.98    



          11          12          13          14          15          16
  8   12.11       12.08       12.33       12.91       13.65       14.34    
  7   5.078       4.607       4.606       5.158       5.428       5.553    
  6  -1.706      -2.271      -2.516      -1.078      -1.249      -1.452    
  5   4.188      -1.135      -1.506      -5.545      -8.050      -9.121    
  4   1.876       6.245       5.115       3.843      -1.338     -0.8740    
  3  -2.002     -0.3996      0.1178       1.261       5.982       5.945    
  2  -6.535      -6.104      -5.612      -4.801      -3.351      -3.153    
  1  -12.42      -12.87      -12.86      -12.62      -12.48      -13.00    

                                                            K =  4

           1           2           3           4           5           6           7           8           9          10
  8   1.348       1.370       1.436       1.537       1.628       1.505       7.706       10.74       12.58       13.45    
  7   1.156       1.196       1.330       1.577       1.888       1.233       4.327       5.648       6.344       6.262    
  6  0.8863      0.9350       1.111       1.545       2.714       7.239       3.452       2.976       2.931       2.202    
  5  0.5242      0.5508      0.6364      0.7965       1.034       1.245      0.6942      0.2763      0.6115       1.532    
  4  0.1123      0.1106      9.0668e-02 -2.5624e-02 -0.5678      -3.412      -2.120      -3.178      -2.077     -0.5088    
  3 -0.2953     -0.3104     -0.3570     -0.4252     -0.3767       1.145      -3.384      -10.95      -5.084      -3.339    
  2 -0.6748     -0.7015     -0.7844     -0.9305      -1.151      -1.495      -2.595      -2.116      -5.262      -6.390    
  1  -1.005      -1.041      -1.152      -1.364      -1.786      -3.167      -3.260      -1.682      -8.525      -12.16    



          11          12          13          14          15          16
  8   13.40       13.37       13.64       14.28       15.11       15.94    
  7   5.040       4.567       4.563       5.113       5.377       5.496    
  6  -2.361      -2.619      -2.920      -1.089      -1.245      -1.445    
  5   4.846      -1.589      -1.589      -6.175      -8.668      -9.865    
  4   1.865       7.045       5.602       4.491      -1.589     -0.7800    
  3  -1.985     -0.3901      0.1245       1.263       6.860       6.602    
  2  -6.508      -6.068      -5.568      -4.760      -3.311      -3.110    
  1  -13.73      -14.22      -14.23      -13.97      -13.85      -14.51    

                                                            K =  5

           1           2           3           4           5           6           7           8           9          10
  8  0.0000e+00  0.0000e+00  0.0000e+00  0.0000e+00  0.0000e+00  0.0000e+00  0.0000e+00  0.0000e+00  0.0000e+00  0.0000e+00
  7  0.0000e+00  0.0000e+00  0.0000e+00  0.0000e+00  0.0000e+00  0.0000e+00  0.0000e+00  0.0000e+00  0.0000e+00  0.0000e+00
  6  0.0000e+00  0.0000e+00  0.0000e+00  0.0000e+00  0.0000e+00  0.0000e+00   3.428       2.947       2.896       2.205    
  5  0.0000e+00  0.0000e+00  0.0000e+00  0.0000e+00  0.0000e+00   1.241      0.6875      0.2755      0.6084       1.495    
  4  0.0000e+00  0.0000e+00  0.0000e+00  0.0000e+00  0.0000e+00  0.0000e+00  -2.103      -3.135      -2.057     -0.5086    
  3  0.0000e+00  0.0000e+00  0.0000e+00  0.0000e+00  0.0000e+00  0.0000e+00  -3.383      0.0000e+00  -5.048      -3.302    
  2  0.0000e+00  0.0000e+00  0.0000e+00  0.0000e+00  0.0000e+00  0.0000e+00  0.0000e+00  0.0000e+00  0.0000e+00  0.0000e+00
  1  0.0000e+00  0.0000e+00  0.0000e+00  0.0000e+00  0.0000e+00  0.0000e+00  0.0000e+00  0.0000e+00  0.0000e+00  0.0000e+00



          11          12          13          14          15          16
  8  0.0000e+00  0.0000e+00  0.0000e+00  0.0000e+00  0.0000e+00  0.0000e+00
  7  0.0000e+00  0.0000e+00  0.0000e+00  0.0000e+00  0.0000e+00  0.0000e+00
  6  0.0000e+00  0.0000e+00  0.0000e+00  0.0000e+00  0.0000e+00  0.0000e+00
  5  0.0000e+00  0.0000e+00  0.0000e+00  0.0000e+00  0.0000e+00  0.0000e+00
  4   1.818      0.0000e+00  0.0000e+00  0.0000e+00  0.0000e+00  0.0000e+00
  3  -1.962     -0.3959      0.0000e+00  0.0000e+00  0.0000e+00  0.0000e+00
  2  0.0000e+00  0.0000e+00  0.0000e+00  0.0000e+00  0.0000e+00  0.0000e+00
  1  0.0000e+00  0.0000e+00  0.0000e+00  0.0000e+00  0.0000e+00  0.0000e+00



                         Z-direction - interstitial pore velocity between Z(K) and Z(K+1) (m /yr )

                    Areal Layers

                                                            K =  1

           1           2           3           4           5           6           7           8           9          10
  9 -1.2661e-04 -1.3192e-04 -1.4586e-04 -1.3266e-04  8.1752e-04  2.1531e-02  9.2385e-02  0.1316      0.1922                
  8 -1.1173e-04 -1.1909e-04 -1.3943e-04 -1.2072e-04  1.3203e-03  3.0140e-02 -2.9458e-02 -3.0901e-02 -3.4142e-02            
  7 -7.6565e-05 -8.7458e-05 -1.1972e-04 -7.2657e-05  3.2462e-03  7.5373e-02 -3.2733e-02 -3.6277e-02 -4.3264e-02            
  6 -4.1059e-05 -5.5153e-05 -1.0900e-04 -2.9870e-04 -2.0080e-03 -3.0656e-02 -3.4909e-02 -3.4008e-02 -3.5177e-02            
  5 -1.5359e-05 -2.9537e-05 -8.2147e-05 -2.5467e-04 -1.8194e-03 -3.1155e-02 -3.4410e-02 -3.3909e-02 -4.3159e-02            
  4 -8.7399e-06 -2.1086e-05 -5.7959e-05 -6.0302e-05  1.5655e-03  3.5250e-02 -3.2199e-02 -3.1208e-02 -6.2467e-02            
  3 -2.3349e-05 -3.5351e-05 -7.5540e-05 -2.0125e-04 -1.7462e-03 -3.0445e-02 -2.8990e-02  0.1260     -9.0406e-02            
  2 -5.3357e-05 -6.4810e-05 -1.0373e-04 -2.3610e-04 -1.9539e-03 -3.2951e-02 -3.0692e-02  7.4137e-02 -6.5792e-02            
  1 -6.9200e-05 -7.8800e-05 -1.0981e-04 -1.7761e-04 -4.9618e-04 -3.7353e-03 -1.8150e-03  5.5697e-02  0.1298                



          11          12          13          14          15          16

                                                            K =  2

           1           2           3           4           5           6           7           8           9          10
  9 -3.8178e-04 -3.9769e-04 -4.4031e-04 -4.2614e-04  1.8848e-03  6.2721e-02  0.2848      0.4034      0.3647      0.1994    
  8 -3.3533e-04 -3.5744e-04 -4.1973e-04 -4.0267e-04  3.1608e-03  9.1859e-02 -9.3284e-02 -9.7020e-02 -7.7058e-02 -5.3559e-02
  7 -2.2910e-04 -2.6180e-04 -3.6115e-04 -3.0124e-04  8.0267e-03  0.2353     -0.1011     -0.1089     -8.5718e-02 -5.1665e-02
  6 -1.2212e-04 -1.6417e-04 -3.2368e-04 -8.6138e-04 -5.4269e-03 -9.5577e-02 -0.1049     -0.1019     -7.5183e-02 -4.8087e-02
  5 -4.4758e-05 -8.7067e-05 -2.4304e-04 -7.2952e-04 -4.7756e-03 -9.6049e-02 -0.1034     -0.1015     -8.1029e-02 -4.7146e-02
  4 -2.4944e-05 -6.1944e-05 -1.7368e-04 -2.1682e-04  3.9921e-03  0.1122     -9.8527e-02 -9.7018e-02 -9.8354e-02 -4.7479e-02
  3 -6.8953e-05 -1.0485e-04 -2.2395e-04 -5.6727e-04 -4.5704e-03 -9.3928e-02 -9.1097e-02  0.3940     -0.1192     -5.2369e-02
  2 -1.5983e-04 -1.9410e-04 -3.0919e-04 -6.6684e-04 -5.0948e-03 -0.1007     -9.5775e-02  0.2283     -9.8355e-02 -5.3138e-02
  1 -2.0910e-04 -2.3789e-04 -3.3059e-04 -5.2557e-04 -1.3347e-03 -9.7883e-03 -5.4152e-03  0.1656      0.2417      0.1779    



          11          12          13          14          15          16
  9  0.1951      0.1947      0.1986      0.2081      0.2235      0.2481    
  8 -5.4867e-02 -5.6285e-02 -5.7591e-02 -5.9296e-02 -6.0919e-02 -6.1952e-02
  7 -4.8601e-02 -5.0042e-02 -5.0689e-02 -5.2821e-02 -5.3441e-02 -5.3727e-02
  6  7.7384e-02  1.9651e-02  2.8106e-02 -4.8822e-02 -5.2918e-02 -5.3727e-02
  5 -4.7525e-02  0.1055      4.5938e-02  7.2921e-02  6.9220e-02  9.1832e-02
  4 -4.7949e-02 -4.8795e-02 -5.0375e-02 -5.1515e-02  0.1161      7.4677e-02
  3 -5.1373e-02 -5.2098e-02 -5.2649e-02 -5.4720e-02 -5.4186e-02 -5.5199e-02
  2 -5.4400e-02 -5.6681e-02 -5.8823e-02 -6.0305e-02 -6.1307e-02 -6.2232e-02
  1  0.1992      0.2067      0.2068      0.2034      0.2062      0.2319    

                                                            K =  3

           1           2           3           4           5           6           7           8           9          10
  9 -6.4288e-04 -6.6938e-04 -7.4238e-04 -7.8945e-04  1.2763e-03  9.7813e-02  0.5011      0.7073      0.7298      0.6078    
  8 -5.5937e-04 -5.9621e-04 -7.0330e-04 -7.8530e-04  2.5367e-03  0.1580     -0.1724     -0.1774     -0.1719     -0.1671    
  7 -3.7984e-04 -4.3435e-04 -6.0638e-04 -7.4111e-04  7.2335e-03  0.4241     -0.1788     -0.1830     -0.1710     -0.1542    
  6 -2.0003e-04 -2.6935e-04 -5.2905e-04 -1.3314e-03 -6.8602e-03 -0.1719     -0.1755     -0.1703     -0.1549     -0.1469    
  5 -7.0209e-05 -1.4000e-04 -3.9443e-04 -1.1161e-03 -5.5342e-03 -0.1691     -0.1727     -0.1698     -0.1567     -0.1405    
  4 -3.7320e-05 -9.8837e-05 -2.8797e-04 -4.6747e-04  4.0105e-03  0.2096     -0.1708     -0.1763     -0.1707     -0.1409    
  3 -1.1126e-04 -1.7075e-04 -3.6516e-04 -8.3861e-04 -5.2470e-03 -0.1655     -0.1663      0.7080     -0.1872     -0.1554    
  2 -2.6555e-04 -3.2240e-04 -5.0970e-04 -9.9120e-04 -5.8232e-03 -0.1739     -0.1724      0.3976     -0.1764     -0.1646    
  1 -3.5363e-04 -4.0161e-04 -5.5521e-04 -8.5739e-04 -1.7742e-03 -1.1313e-02 -8.7147e-03  0.2747      0.4809      0.5441    



          11          12          13          14          15          16
  9  0.5991      0.5979      0.6100      0.6389      0.6860      0.7630    
  8 -0.1717     -0.1760     -0.1801     -0.1855     -0.1909     -0.1948    
  7 -0.1490     -0.1519     -0.1540     -0.1584     -0.1601     -0.1610    
  6  0.2442      5.6664e-02  8.8385e-02 -0.1518     -0.1622     -0.1653    
  5 -0.1503      0.3292      0.1386      0.2265      0.2090      0.2813    
  4 -0.1438     -0.1506     -0.1537     -0.1626      0.3601      0.2249    
  3 -0.1541     -0.1563     -0.1578     -0.1642     -0.1670     -0.1691    
  2 -0.1703     -0.1775     -0.1840     -0.1884     -0.1916     -0.1951    
  1  0.6120      0.6350      0.6353      0.6246      0.6330      0.7135    

                                                            K =  4

           1           2           3           4           5           6           7           8           9          10
  9  0.0000e+00  0.0000e+00  0.0000e+00  0.0000e+00  0.0000e+00  0.0000e+00  0.0000e+00  0.0000e+00  0.0000e+00  0.0000e+00
  8  0.0000e+00  0.0000e+00  0.0000e+00  0.0000e+00  0.0000e+00  0.0000e+00  0.0000e+00  0.0000e+00  0.0000e+00  0.0000e+00
  7  0.0000e+00  0.0000e+00  0.0000e+00  0.0000e+00  0.0000e+00  0.0000e+00 -0.2606     -0.2564     -0.2554     -0.2536    
  6  0.0000e+00  0.0000e+00  0.0000e+00  0.0000e+00  0.0000e+00 -0.2579     -0.2462     -0.2386     -0.2340     -0.2550    
  5  0.0000e+00  0.0000e+00  0.0000e+00  0.0000e+00  0.0000e+00 -0.2554     -0.2422     -0.2381     -0.2322     -0.2328    
  4  0.0000e+00  0.0000e+00  0.0000e+00  0.0000e+00  0.0000e+00  0.0000e+00 -0.2529     -0.2642     -0.2437     -0.2330    
  3  0.0000e+00  0.0000e+00  0.0000e+00  0.0000e+00  0.0000e+00 -0.2500     -0.2539      0.0000e+00 -0.2652     -0.2547    
  2  0.0000e+00  0.0000e+00  0.0000e+00  0.0000e+00  0.0000e+00  0.0000e+00  0.0000e+00  0.0000e+00  0.0000e+00  0.0000e+00
  1  0.0000e+00  0.0000e+00  0.0000e+00  0.0000e+00  0.0000e+00  0.0000e+00  0.0000e+00  0.0000e+00  0.0000e+00  0.0000e+00



          11          12          13          14          15          16
  9  0.0000e+00  0.0000e+00  0.0000e+00  0.0000e+00  0.0000e+00  0.0000e+00
  8  0.0000e+00  0.0000e+00  0.0000e+00  0.0000e+00  0.0000e+00  0.0000e+00
  7 -0.2547      0.0000e+00  0.0000e+00  0.0000e+00  0.0000e+00  0.0000e+00
  6  0.0000e+00  0.0000e+00  0.0000e+00  0.0000e+00  0.0000e+00  0.0000e+00
  5 -0.2670      0.0000e+00  0.0000e+00  0.0000e+00  0.0000e+00  0.0000e+00
  4 -0.2390     -0.2571      0.0000e+00  0.0000e+00  0.0000e+00  0.0000e+00
  3 -0.2526     -0.2536      0.0000e+00  0.0000e+00  0.0000e+00  0.0000e+00
  2  0.0000e+00  0.0000e+00  0.0000e+00  0.0000e+00  0.0000e+00  0.0000e+00
  1  0.0000e+00  0.0000e+00  0.0000e+00  0.0000e+00  0.0000e+00  0.0000e+00



                         X-direction - interstitial pore velocity at nodes (m /yr )

                    Areal Layers

                                                            K =  1

           1           2           3           4           5           6           7           8           9          10
  9  0.0000e+00 -0.1245     -0.2094     -0.2112     -0.1583      0.2456      0.8294       1.303      0.0000e+00            
  8  0.0000e+00 -0.1686     -0.2927     -0.3097     -0.2240      -1.813      -2.419     -0.8020      0.0000e+00            
  7  0.0000e+00 -0.2555     -0.4832     -0.5985     -0.4305      -3.008      -4.228      -1.811      0.0000e+00            
  6  0.0000e+00 -0.3675     -0.7869      -1.372      -2.418      -3.403      -2.976      -1.582      0.0000e+00            
  5  0.0000e+00 -0.4236     -0.9100      -1.573      -2.643      -3.235      -2.491      -1.523      0.0000e+00            
  4  0.0000e+00 -0.4129     -0.8429      -1.262      -1.494      -2.448      -2.064      -1.495      0.0000e+00            
  3  0.0000e+00 -0.3820     -0.7849      -1.234      -1.740     -0.9747       2.168     -0.5788      0.0000e+00            
  2  0.0000e+00 -0.3272     -0.6703      -1.050      -1.443     -0.2433       2.903      0.6975      0.0000e+00            
  1  0.0000e+00 -0.2534     -0.5090     -0.7412     -0.7773      0.2660       2.566       2.572      0.0000e+00            



          11          12          13          14          15          16

                                                            K =  2

           1           2           3           4           5           6           7           8           9          10
  9  0.0000e+00 -0.1245     -0.2094     -0.2104     -0.1402      0.3219      0.9212       1.386      0.0000e+00   1.894    
  8  0.0000e+00 -0.1686     -0.2927     -0.3085     -0.1988      -1.839      -2.470     -0.8059      0.0000e+00   1.214    
  7  0.0000e+00 -0.2555     -0.4832     -0.5957     -0.3676      -3.038      -4.321      -1.820      0.0000e+00   1.836    
  6  0.0000e+00 -0.3676     -0.7871      -1.374      -2.443      -3.430      -2.979      -1.582      0.0000e+00   4.071    
  5  0.0000e+00 -0.4236     -0.9102      -1.574      -2.669      -3.262      -2.493      -1.531      0.0000e+00   2.381    
  4  0.0000e+00 -0.4129     -0.8429      -1.260      -1.464      -2.476      -2.119      -1.521      0.0000e+00  0.3786    
  3  0.0000e+00 -0.3821     -0.7850      -1.236      -1.765     -0.9974       2.298     -0.6300      0.0000e+00  -1.191    
  2  0.0000e+00 -0.3272     -0.6705      -1.052      -1.471     -0.2672       2.993      0.6683      0.0000e+00 -0.5253    
  1  0.0000e+00 -0.2535     -0.5090     -0.7415     -0.7803      0.2649       2.616       2.681      0.0000e+00   2.043    



          11          12          13          14          15          16
  9   1.656       1.632       1.598       1.560       1.302      0.0000e+00
  8   1.691       1.531       1.199      0.9231      0.6221      0.0000e+00
  7   2.526       1.766      0.9228      0.5119      0.4233      0.0000e+00
  6   4.713       2.211      0.3812     -5.6566e-02  0.6136      0.0000e+00
  5   5.982       4.939       2.556       3.128       2.382      0.0000e+00
  4   2.732       3.399       3.732       6.236       4.651      0.0000e+00
  3   1.250       2.338       2.902       3.443       2.414      0.0000e+00
  2   1.102       1.879       2.251       2.314       1.592      0.0000e+00
  1   2.017       2.091       2.128       2.119       1.754      0.0000e+00

                                                            K =  3

           1           2           3           4           5           6           7           8           9          10
  9  0.0000e+00 -0.1245     -0.2094     -0.2085     -8.7615e-02  0.5576       1.205       1.453       1.727       1.753    
  8  0.0000e+00 -0.1687     -0.2928     -0.3055     -0.1219      -1.919      -2.627     -0.7924      0.2830       1.233    
  7  0.0000e+00 -0.2556     -0.4832     -0.5887     -0.1712      -3.129      -4.608      -1.807     -3.9854e-02   1.866    
  6  0.0000e+00 -0.3677     -0.7877      -1.378      -2.522      -3.513      -2.984      -1.557      0.3517       4.199    
  5  0.0000e+00 -0.4238     -0.9107      -1.578      -2.749      -3.345      -2.498      -1.512     -0.2810       2.409    
  4  0.0000e+00 -0.4130     -0.8431      -1.257      -1.371      -2.562      -2.293      -1.521      -1.621      0.4206    
  3  0.0000e+00 -0.3822     -0.7854      -1.239      -1.843      -1.070       2.704     -0.6534      -4.678      -1.134    
  2  0.0000e+00 -0.3274     -0.6709      -1.056      -1.554     -0.3428       3.267      0.6661      -2.792     -0.4887    
  1  0.0000e+00 -0.2536     -0.5093     -0.7424     -0.7880      0.2615       2.762       2.887       1.757       2.007    



          11          12          13          14          15          16
  9   1.652       1.635       1.609       1.580       1.335      0.0000e+00
  8   1.689       1.529       1.196      0.9204      0.6199      0.0000e+00
  7   2.527       1.765      0.9205      0.5096      0.4226      0.0000e+00
  6   4.770       2.170      0.3241     -0.1241      0.6095      0.0000e+00
  5   6.109       5.017       2.529       3.148       2.398      0.0000e+00
  4   2.731       3.397       3.730       6.374       4.756      0.0000e+00
  3   1.250       2.337       2.900       3.442       2.414      0.0000e+00
  2   1.099       1.876       2.248       2.312       1.590      0.0000e+00
  1   2.041       2.097       2.125       2.118       1.778      0.0000e+00

                                                            K =  4

           1           2           3           4           5           6           7           8           9          10
  9  0.0000e+00 -0.1246     -0.2095     -0.2068     -5.4463e-03  0.9742       1.713       1.644       1.644       1.644    
  8  0.0000e+00 -0.1688     -0.2929     -0.3028      1.0429e-02  -2.065      -2.907     -0.7919      0.2916       1.233    
  7  0.0000e+00 -0.2558     -0.4835     -0.5821      0.1828      -3.284      -5.114      -1.800     -1.5833e-02   1.885    
  6  0.0000e+00 -0.3680     -0.7886      -1.384      -2.664      -3.654      -2.983      -1.540      0.3712       4.531    
  5  0.0000e+00 -0.4241     -0.9115      -1.582      -2.889      -3.484      -2.498      -1.499     -0.2566       2.414    
  4  0.0000e+00 -0.4132     -0.8434      -1.253      -1.196      -2.708      -2.615      -1.520      -1.591      0.4431    
  3  0.0000e+00 -0.3824     -0.7859      -1.243      -1.980      -1.204       3.432     -0.6709      -5.397      -1.106    
  2  0.0000e+00 -0.3276     -0.6714      -1.060      -1.698     -0.4816       3.743      0.6628      -3.260     -0.4836    
  1  0.0000e+00 -0.2537     -0.5097     -0.7434     -0.7967      0.2557       3.000       3.295       1.981       2.116    



          11          12          13          14          15          16
  9   1.644                                                                
  8   1.681       1.522       1.188      0.9114      0.6122      0.0000e+00
  7   2.529       1.760      0.9151      0.5045      0.4205      0.0000e+00
  6   4.940       2.040      0.1505     -0.3329      0.5982      0.0000e+00
  5   6.500       5.257       2.443       3.207       2.443      0.0000e+00
  4   2.723       3.389       3.720       6.802       5.079      0.0000e+00
  3   1.249       2.334       2.893       3.434       2.410      0.0000e+00
  2   1.088       1.864       2.239       2.306       1.584      0.0000e+00
  1   2.116                                                                



                         Y-direction - interstitial pore velocity at nodes (m /yr )

                    Areal Layers

                                                            K =  1

           1           2           3           4           5           6           7           8           9          10
  9   1.422       1.436       1.472       1.519       1.556      0.0000e+00  0.0000e+00  0.0000e+00  0.0000e+00            
  8   1.252       1.283       1.383       1.557       1.770       1.829       5.024       6.887       8.138                
  7   1.021       1.066       1.220       1.560       2.283       3.754       3.873       4.311       4.653                
  6  0.7057      0.7433      0.8739       1.170       1.848       3.383       2.075       1.645       1.787                
  5  0.3185      0.3309      0.3639      0.3869      0.2530     -0.5371     -0.7016      -1.450     -0.7878                
  4 -9.1548e-02 -9.9911e-02 -0.1331     -0.2250     -0.4718      -1.128      -2.732      -5.787      -3.677                
  3 -0.4854     -0.5063     -0.5710     -0.6788     -0.7826     -0.7291      -2.988      -5.696      -5.181                
  2 -0.8401     -0.8714     -0.9687      -1.147      -1.462      -2.110      -2.702      -2.509      -5.853                
  1  -1.135      -1.173      -1.287      -1.478      -1.732      -1.945      -1.572      0.0000e+00  0.0000e+00            



          11          12          13          14          15          16

                                                            K =  2

           1           2           3           4           5           6           7           8           9          10
  9   1.422       1.436       1.472       1.519       1.556      0.0000e+00  0.0000e+00  0.0000e+00  0.0000e+00  0.0000e+00
  8   1.252       1.283       1.383       1.557       1.768       1.785       5.128       7.027       8.335       9.011    
  7   1.021       1.066       1.220       1.561       2.286       3.805       3.877       4.314       4.653       4.254    
  6  0.7057      0.7433      0.8738       1.170       1.853       3.472       2.076       1.644       1.787       1.882    
  5  0.3185      0.3309      0.3638      0.3867      0.2500     -0.5920     -0.7039      -1.452     -0.7651      0.5170    
  4 -9.1541e-02 -9.9906e-02 -0.1331     -0.2251     -0.4719      -1.129      -2.737      -5.920      -3.637      -1.940    
  3 -0.4853     -0.5062     -0.5710     -0.6787     -0.7797     -0.6723      -2.989      -5.784      -5.178      -4.889    
  2 -0.8401     -0.8713     -0.9687      -1.147      -1.463      -2.132      -2.725      -2.450      -6.036      -8.502    
  1  -1.135      -1.173      -1.287      -1.478      -1.732      -1.947      -1.573      0.0000e+00  0.0000e+00  0.0000e+00



          11          12          13          14          15          16
  9  0.0000e+00  0.0000e+00  0.0000e+00  0.0000e+00  0.0000e+00  0.0000e+00
  8   8.393       8.141       8.258       8.817       9.306       9.695    
  7   1.796       1.231       1.116       2.049       2.096       2.057    
  6   1.242      -1.573      -1.930      -3.207      -4.547      -5.165    
  5   2.928       2.498       1.739     -0.8533      -4.553      -4.891    
  4 -6.6082e-02   2.791       2.534       2.445       2.219       2.413    
  3  -4.274      -3.258      -2.754      -1.777       1.167       1.282    
  2  -9.270      -9.270      -9.022      -8.495      -7.697      -7.835    
  1  0.0000e+00  0.0000e+00  0.0000e+00  0.0000e+00  0.0000e+00  0.0000e+00

                                                            K =  3

           1           2           3           4           5           6           7           8           9          10
  9   1.422       1.436       1.472       1.520       1.556      0.0000e+00  0.0000e+00  0.0000e+00  0.0000e+00  0.0000e+00
  8   1.252       1.283       1.383       1.557       1.763       1.641       5.450       7.454       8.710       9.221    
  7   1.021       1.066       1.220       1.561       2.293       3.961       3.887       4.318       4.652       4.249    
  6  0.7055      0.7431      0.8737       1.171       1.863       3.748       2.078       1.637       1.783       1.878    
  5  0.3184      0.3308      0.3637      0.3862      0.2422     -0.7652     -0.7092      -1.456     -0.7458      0.5165    
  4 -9.1521e-02 -9.9891e-02 -0.1331     -0.2252     -0.4720      -1.131      -2.747      -6.333      -3.606      -1.936    
  3 -0.4852     -0.5061     -0.5709     -0.6783     -0.7721     -0.4949      -2.991      -6.055      -5.178      -4.884    
  2 -0.8400     -0.8712     -0.9686      -1.147      -1.465      -2.203      -2.796      -2.260      -6.337      -8.694    
  1  -1.135      -1.173      -1.287      -1.479      -1.733      -1.951      -1.576      0.0000e+00  0.0000e+00  0.0000e+00



          11          12          13          14          15          16
  9  0.0000e+00  0.0000e+00  0.0000e+00  0.0000e+00  0.0000e+00  0.0000e+00
  8   8.596       8.345       8.466       9.034       9.537       9.947    
  7   1.686       1.168       1.045       2.040       2.090       2.050    
  6   1.241      -1.703      -2.011      -3.311      -4.649      -5.287    
  5   3.032       2.555       1.805     -0.8510      -4.694      -4.998    
  4 -6.2875e-02   2.923       2.616       2.552       2.322       2.535    
  3  -4.269      -3.252      -2.747      -1.770       1.315       1.396    
  2  -9.478      -9.485      -9.238      -8.710      -7.914      -8.074    
  1  0.0000e+00  0.0000e+00  0.0000e+00  0.0000e+00  0.0000e+00  0.0000e+00

                                                            K =  4

           1           2           3           4           5           6           7           8           9          10
  9   1.423       1.436       1.472       1.520       1.555      0.0000e+00  0.0000e+00  0.0000e+00  0.0000e+00  0.0000e+00
  8   1.252       1.283       1.383       1.557       1.758       1.369       6.017       8.196       9.461       9.856    
  7   1.021       1.066       1.220       1.561       2.301       4.236       3.890       4.312       4.638       4.232    
  6  0.7053      0.7429      0.8736       1.171       1.874       4.242       2.073       1.626       1.771       1.867    
  5  0.3183      0.3307      0.3635      0.3855      0.2331      -1.083     -0.7131      -1.451     -0.7326      0.5115    
  4 -9.1487e-02 -9.9866e-02 -0.1332     -0.2254     -0.4723      -1.134      -2.752      -7.064      -3.580      -1.924    
  3 -0.4850     -0.5059     -0.5707     -0.6779     -0.7639     -0.1754      -2.990      -6.533      -5.173      -4.864    
  2 -0.8398     -0.8710     -0.9684      -1.147      -1.468      -2.331      -2.928      -1.899      -6.894      -9.277    
  1  -1.135      -1.173      -1.288      -1.479      -1.734      -1.957      -1.580      0.0000e+00  0.0000e+00  0.0000e+00



          11          12          13          14          15          16
  9  0.0000e+00                                                            
  8   9.220       8.970       9.103       9.699       10.24       10.72    
  7   1.339      0.9740      0.8214       2.012       2.066       2.026    
  6   1.242      -2.104      -2.255      -3.632      -4.957      -5.655    
  5   3.355       2.728       2.007     -0.8420      -5.129      -5.323    
  4 -5.9717e-02   3.327       2.863       2.877       2.636       2.911    
  3  -4.246      -3.229      -2.722      -1.748       1.775       1.746    
  2  -10.12      -10.14      -9.899      -9.368      -8.581      -8.810    
  1  0.0000e+00                                                            



                         Z-direction - interstitial pore velocity at nodes (m /yr )

                    Areal Layers

                                                            K =  1

           1           2           3           4           5           6           7           8           9          10
  9  0.0000e+00  0.0000e+00  0.0000e+00  0.0000e+00  0.0000e+00  0.0000e+00  0.0000e+00  0.0000e+00  0.0000e+00            
  8  0.0000e+00  0.0000e+00  0.0000e+00  0.0000e+00  0.0000e+00  0.0000e+00  0.0000e+00  0.0000e+00  0.0000e+00            
  7  0.0000e+00  0.0000e+00  0.0000e+00  0.0000e+00  0.0000e+00  0.0000e+00  0.0000e+00  0.0000e+00  0.0000e+00            
  6  0.0000e+00  0.0000e+00  0.0000e+00  0.0000e+00  0.0000e+00  0.0000e+00  0.0000e+00  0.0000e+00  0.0000e+00            
  5  0.0000e+00  0.0000e+00  0.0000e+00  0.0000e+00  0.0000e+00  0.0000e+00  0.0000e+00  0.0000e+00  0.0000e+00            
  4  0.0000e+00  0.0000e+00  0.0000e+00  0.0000e+00  0.0000e+00  0.0000e+00  0.0000e+00  0.0000e+00  0.0000e+00            
  3  0.0000e+00  0.0000e+00  0.0000e+00  0.0000e+00  0.0000e+00  0.0000e+00  0.0000e+00  0.0000e+00  0.0000e+00            
  2  0.0000e+00  0.0000e+00  0.0000e+00  0.0000e+00  0.0000e+00  0.0000e+00  0.0000e+00  0.0000e+00  0.0000e+00            
  1  0.0000e+00  0.0000e+00  0.0000e+00  0.0000e+00  0.0000e+00  0.0000e+00  0.0000e+00  0.0000e+00  0.0000e+00            



          11          12          13          14          15          16

                                                            K =  2

           1           2           3           4           5           6           7           8           9          10
  9 -2.5419e-04 -2.6481e-04 -2.9309e-04 -2.7940e-04  1.3511e-03  4.2126e-02  0.1886      0.2675      0.0000e+00  0.0000e+00
  8 -2.2353e-04 -2.3827e-04 -2.7958e-04 -2.6169e-04  2.2405e-03  6.1000e-02 -6.1371e-02 -6.3960e-02  0.0000e+00  0.0000e+00
  7 -1.5283e-04 -1.7463e-04 -2.4044e-04 -1.8695e-04  5.6364e-03  0.1553     -6.6934e-02 -7.2612e-02  0.0000e+00  0.0000e+00
  6 -8.1591e-05 -1.0966e-04 -2.1634e-04 -5.8004e-04 -3.7174e-03 -6.3117e-02 -6.9926e-02 -6.7957e-02  0.0000e+00  0.0000e+00
  5 -3.0058e-05 -5.8302e-05 -1.6259e-04 -4.9210e-04 -3.2975e-03 -6.3602e-02 -6.8896e-02 -6.7719e-02  0.0000e+00  0.0000e+00
  4 -1.6842e-05 -4.1515e-05 -1.1582e-04 -1.3856e-04  2.7788e-03  7.3740e-02 -6.5363e-02 -6.4113e-02  0.0000e+00  0.0000e+00
  3 -4.6151e-05 -7.0100e-05 -1.4974e-04 -3.8426e-04 -3.1583e-03 -6.2187e-02 -6.0044e-02  0.2600      0.0000e+00  0.0000e+00
  2 -1.0659e-04 -1.2945e-04 -2.0646e-04 -4.5147e-04 -3.5244e-03 -6.6803e-02 -6.3234e-02  0.1512      0.0000e+00  0.0000e+00
  1 -1.3915e-04 -1.5835e-04 -2.2020e-04 -3.5159e-04 -9.1543e-04 -6.7618e-03 -3.6151e-03  0.1107      0.0000e+00  0.0000e+00



          11          12          13          14          15          16
  9  0.0000e+00  0.0000e+00  0.0000e+00  0.0000e+00  0.0000e+00  0.0000e+00
  8  0.0000e+00  0.0000e+00  0.0000e+00  0.0000e+00  0.0000e+00  0.0000e+00
  7  0.0000e+00  0.0000e+00  0.0000e+00  0.0000e+00  0.0000e+00  0.0000e+00
  6  0.0000e+00  0.0000e+00  0.0000e+00  0.0000e+00  0.0000e+00  0.0000e+00
  5  0.0000e+00  0.0000e+00  0.0000e+00  0.0000e+00  0.0000e+00  0.0000e+00
  4  0.0000e+00  0.0000e+00  0.0000e+00  0.0000e+00  0.0000e+00  0.0000e+00
  3  0.0000e+00  0.0000e+00  0.0000e+00  0.0000e+00  0.0000e+00  0.0000e+00
  2  0.0000e+00  0.0000e+00  0.0000e+00  0.0000e+00  0.0000e+00  0.0000e+00
  1  0.0000e+00  0.0000e+00  0.0000e+00  0.0000e+00  0.0000e+00  0.0000e+00

                                                            K =  3

           1           2           3           4           5           6           7           8           9          10
  9 -5.1233e-04 -5.3354e-04 -5.9134e-04 -6.0779e-04  1.5805e-03  8.0267e-02  0.3929      0.5553      0.5473      0.4036    
  8 -4.4735e-04 -4.7683e-04 -5.6152e-04 -5.9398e-04  2.8488e-03  0.1249     -0.1329     -0.1372     -0.1245     -0.1103    
  7 -3.0447e-04 -3.4807e-04 -4.8377e-04 -5.2117e-04  7.6301e-03  0.3297     -0.1400     -0.1460     -0.1284     -0.1029    
  6 -1.6108e-04 -2.1676e-04 -4.2636e-04 -1.0964e-03 -6.1435e-03 -0.1337     -0.1402     -0.1361     -0.1151     -9.7503e-02
  5 -5.7483e-05 -1.1353e-04 -3.1873e-04 -9.2280e-04 -5.1549e-03 -0.1326     -0.1380     -0.1357     -0.1189     -9.3799e-02
  4 -3.1132e-05 -8.0391e-05 -2.3082e-04 -3.4215e-04  4.0013e-03  0.1609     -0.1347     -0.1366     -0.1345     -9.4183e-02
  3 -9.0107e-05 -1.3780e-04 -2.9455e-04 -7.0294e-04 -4.9087e-03 -0.1297     -0.1287      0.5510     -0.1532     -0.1039    
  2 -2.1269e-04 -2.5825e-04 -4.0945e-04 -8.2902e-04 -5.4590e-03 -0.1373     -0.1341      0.3130     -0.1374     -0.1088    
  1 -2.8136e-04 -3.1975e-04 -4.4290e-04 -6.9148e-04 -1.5544e-03 -1.0550e-02 -7.0649e-03  0.2201      0.3613      0.3610    



          11          12          13          14          15          16
  9  0.3971      0.3963      0.4043      0.4235      0.4548      0.5055    
  8 -0.1133     -0.1161     -0.1188     -0.1224     -0.1259     -0.1284    
  7 -9.8802e-02 -0.1010     -0.1024     -0.1056     -0.1068     -0.1073    
  6  0.1608      3.8157e-02  5.8246e-02 -0.1003     -0.1076     -0.1095    
  5 -9.8910e-02  0.2173      9.2259e-02  0.1497      0.1391      0.1866    
  4 -9.5852e-02 -9.9678e-02 -0.1021     -0.1071      0.2381      0.1498    
  3 -0.1027     -0.1042     -0.1052     -0.1094     -0.1106     -0.1121    
  2 -0.1123     -0.1171     -0.1214     -0.1244     -0.1264     -0.1287    
  1  0.4056      0.4208      0.4211      0.4140      0.4196      0.4727    

                                                            K =  4

           1           2           3           4           5           6           7           8           9          10
  9 -2.1335e-04 -2.2325e-04 -2.5093e-04 -2.7137e-04  4.4412e-04  3.3648e-02  0.1494      0.1768      0.1420      7.9279e-02
  8 -2.0350e-04 -2.1810e-04 -2.6116e-04 -2.9738e-04  9.7514e-04  5.9765e-02 -7.9466e-02 -8.5588e-02 -8.3439e-02 -7.9140e-02
  7 -1.4770e-04 -1.7007e-04 -2.4215e-04 -3.0451e-04  3.0517e-03  0.1712     -0.2197     -0.2197     -0.2132     -0.2039    
  6 -8.1367e-05 -1.1051e-04 -2.2267e-04 -5.8496e-04 -3.2133e-03 -0.2149     -0.2108     -0.2044     -0.1945     -0.2009    
  5 -2.9270e-05 -5.8905e-05 -1.7061e-04 -5.0555e-04 -2.6797e-03 -0.2123     -0.2074     -0.2040     -0.1944     -0.1866    
  4 -1.5638e-05 -4.1791e-05 -1.2503e-04 -2.1155e-04  1.9075e-03  0.2096     -0.2118     -0.2202     -0.2072     -0.1869    
  3 -4.5996e-05 -7.1202e-05 -1.5619e-04 -3.7347e-04 -2.4650e-03 -0.2077     -0.2101      0.2765     -0.2262     -0.2050    
  2 -1.0626e-04 -1.3005e-04 -2.1052e-04 -4.2514e-04 -2.6269e-03 -8.4263e-02 -8.0466e-02  0.1365     -7.8499e-02 -7.7335e-02
  1 -1.3413e-04 -1.5342e-04 -2.1654e-04 -3.4550e-04 -7.4406e-04 -4.8989e-03 -3.5696e-03  8.2480e-02  0.1183      9.3763e-02



          11          12          13          14          15          16
  9  3.3023e-02                                                            
  8 -7.6614e-02 -7.3228e-02 -6.9993e-02 -6.8093e-02 -6.6464e-02 -6.5924e-02
  7 -0.2018     -7.4690e-02 -7.2543e-02 -7.3489e-02 -7.2825e-02 -7.2438e-02
  6  0.1193      2.5550e-02  3.7220e-02 -6.7654e-02 -7.0291e-02 -7.0159e-02
  5 -0.2087      0.1392      5.4020e-02  7.1348e-02  4.5872e-02  4.4405e-02
  4 -0.1914     -0.2038     -7.4955e-02 -6.7537e-02  5.8132e-02  2.8299e-02
  3 -0.2034     -0.2049     -7.7214e-02 -7.1986e-02 -6.0994e-02 -5.7260e-02
  2 -7.8524e-02 -7.6942e-02 -7.2344e-02 -6.4083e-02 -5.3796e-02 -4.9367e-02
  1  5.0614e-02                                                            




                                       ***** Simulation Completed *****
               Last time value calculated ...................................... 1.5000e+05 (yr)
               Last time step index ............................................      50
