

                          ..       Linear boundary conditions: specified head,                            
                          ..       initial head, and solution composition                                 


                              X-Direction Node Coordinates    (m)

           1           2           3           4           5           6           7           8           9          10
           0.00        1.00        2.00        3.00        4.00        5.00        6.00        7.00        8.00        9.00



          11
          10.00




                              Y-Direction Node Coordinates   (m)

           1           2           3           4           5           6           7           8           9          10
           0.00        1.00        2.00        3.00        4.00        5.00        6.00        7.00        8.00        9.00



          11
          10.00




                              Z-Direction Node Coordinates   (m)

           1           2
           0.00       10.00




                                        *** Initial Conditions ***

                              Initial Solution Indices and Mixing Fraction

                    Areal Layers

                                                            K =  1

          1          2          3          4          5          6          7          8          9         10
  11   1,2,1.0    1,2,0.9    1,2,0.8    1,2,0.7    1,2,0.6    1,2,0.5    1,2,0.4    1,2,0.3    1,2,0.2    1,2,0.1   
  10   1,2,1.0    1,2,0.9    1,2,0.8    1,2,0.7    1,2,0.6    1,2,0.5    1,2,0.4    1,2,0.3    1,2,0.2    1,2,0.1   
   9   1,2,1.0    1,2,0.9    1,2,0.8    1,2,0.7    1,2,0.6    1,2,0.5    1,2,0.4    1,2,0.3    1,2,0.2    1,2,0.1   
   8   1,2,1.0    1,2,0.9    1,2,0.8    1,2,0.7    1,2,0.6    1,2,0.5    1,2,0.4    1,2,0.3    1,2,0.2    1,2,0.1   
   7   1,2,1.0    1,2,0.9    1,2,0.8    1,2,0.7    1,2,0.6    1,2,0.5    1,2,0.4    1,2,0.3    1,2,0.2    1,2,0.1   
   6   1,2,1.0    1,2,0.9    1,2,0.8    1,2,0.7    1,2,0.6    1,2,0.5    1,2,0.4    1,2,0.3    1,2,0.2    1,2,0.1   
   5   1,2,1.0    1,2,0.9    1,2,0.8    1,2,0.7    1,2,0.6    1,2,0.5    1,2,0.4    1,2,0.3    1,2,0.2    1,2,0.1   
   4   1,2,1.0    1,2,0.9    1,2,0.8    1,2,0.7    1,2,0.6    1,2,0.5    1,2,0.4    1,2,0.3    1,2,0.2    1,2,0.1   
   3   1,2,1.0    1,2,0.9    1,2,0.8    1,2,0.7    1,2,0.6    1,2,0.5    1,2,0.4    1,2,0.3    1,2,0.2    1,2,0.1   
   2   1,2,1.0    1,2,0.9    1,2,0.8    1,2,0.7    1,2,0.6    1,2,0.5    1,2,0.4    1,2,0.3    1,2,0.2    1,2,0.1   
   1   1,2,1.0    1,2,0.9    1,2,0.8    1,2,0.7    1,2,0.6    1,2,0.5    1,2,0.4    1,2,0.3    1,2,0.2    1,2,0.1   



         11
  11   1,2,0.0   
  10   1,2,0.0   
   9   1,2,0.0   
   8   1,2,0.0   
   7   1,2,0.0   
   6   1,2,0.0   
   5   1,2,0.0   
   4   1,2,0.0   
   3   1,2,0.0   
   2   1,2,0.0   
   1   1,2,0.0   

                                                            K =  2

          1          2          3          4          5          6          7          8          9         10
  11   1,2,1.0    1,2,0.9    1,2,0.8    1,2,0.7    1,2,0.6    1,2,0.5    1,2,0.4    1,2,0.3    1,2,0.2    1,2,0.1   
  10   1,2,1.0    1,2,0.9    1,2,0.8    1,2,0.7    1,2,0.6    1,2,0.5    1,2,0.4    1,2,0.3    1,2,0.2    1,2,0.1   
   9   1,2,1.0    1,2,0.9    1,2,0.8    1,2,0.7    1,2,0.6    1,2,0.5    1,2,0.4    1,2,0.3    1,2,0.2    1,2,0.1   
   8   1,2,1.0    1,2,0.9    1,2,0.8    1,2,0.7    1,2,0.6    1,2,0.5    1,2,0.4    1,2,0.3    1,2,0.2    1,2,0.1   
   7   1,2,1.0    1,2,0.9    1,2,0.8    1,2,0.7    1,2,0.6    1,2,0.5    1,2,0.4    1,2,0.3    1,2,0.2    1,2,0.1   
   6   1,2,1.0    1,2,0.9    1,2,0.8    1,2,0.7    1,2,0.6    1,2,0.5    1,2,0.4    1,2,0.3    1,2,0.2    1,2,0.1   
   5   1,2,1.0    1,2,0.9    1,2,0.8    1,2,0.7    1,2,0.6    1,2,0.5    1,2,0.4    1,2,0.3    1,2,0.2    1,2,0.1   
   4   1,2,1.0    1,2,0.9    1,2,0.8    1,2,0.7    1,2,0.6    1,2,0.5    1,2,0.4    1,2,0.3    1,2,0.2    1,2,0.1   
   3   1,2,1.0    1,2,0.9    1,2,0.8    1,2,0.7    1,2,0.6    1,2,0.5    1,2,0.4    1,2,0.3    1,2,0.2    1,2,0.1   
   2   1,2,1.0    1,2,0.9    1,2,0.8    1,2,0.7    1,2,0.6    1,2,0.5    1,2,0.4    1,2,0.3    1,2,0.2    1,2,0.1   
   1   1,2,1.0    1,2,0.9    1,2,0.8    1,2,0.7    1,2,0.6    1,2,0.5    1,2,0.4    1,2,0.3    1,2,0.2    1,2,0.1   



         11
  11   1,2,0.0   
  10   1,2,0.0   
   9   1,2,0.0   
   8   1,2,0.0   
   7   1,2,0.0   
   6   1,2,0.0   
   5   1,2,0.0   
   4   1,2,0.0   
   3   1,2,0.0   
   2   1,2,0.0   
   1   1,2,0.0   



                              Initial Equilibrium-Phase Indices and Mixing Fraction

                    Areal Layers

                                                            K =  1

          1          2          3          4          5          6          7          8          9         10
  11   -1,-1,0.0  -1,-1,0.0  -1,-1,0.0  -1,-1,0.0  -1,-1,0.0  -1,-1,0.0  -1,-1,0.0  -1,-1,0.0  -1,-1,0.0  -1,-1,0.0 
  10   -1,-1,0.0  -1,-1,0.0  -1,-1,0.0  -1,-1,0.0  -1,-1,0.0  -1,-1,0.0  -1,-1,0.0  -1,-1,0.0  -1,-1,0.0  -1,-1,0.0 
   9   -1,-1,0.0  -1,-1,0.0  -1,-1,0.0  -1,-1,0.0  -1,-1,0.0  -1,-1,0.0  -1,-1,0.0  -1,-1,0.0  -1,-1,0.0  -1,-1,0.0 
   8   -1,-1,0.0  -1,-1,0.0  -1,-1,0.0  -1,-1,0.0  -1,-1,0.0  -1,-1,0.0  -1,-1,0.0  -1,-1,0.0  -1,-1,0.0  -1,-1,0.0 
   7   -1,-1,0.0  -1,-1,0.0  -1,-1,0.0  -1,-1,0.0  -1,-1,0.0  -1,-1,0.0  -1,-1,0.0  -1,-1,0.0  -1,-1,0.0  -1,-1,0.0 
   6   -1,-1,0.0  -1,-1,0.0  -1,-1,0.0  -1,-1,0.0  -1,-1,0.0  -1,-1,0.0  -1,-1,0.0  -1,-1,0.0  -1,-1,0.0  -1,-1,0.0 
   5   -1,-1,0.0  -1,-1,0.0  -1,-1,0.0  -1,-1,0.0  -1,-1,0.0  -1,-1,0.0  -1,-1,0.0  -1,-1,0.0  -1,-1,0.0  -1,-1,0.0 
   4   -1,-1,0.0  -1,-1,0.0  -1,-1,0.0  -1,-1,0.0  -1,-1,0.0  -1,-1,0.0  -1,-1,0.0  -1,-1,0.0  -1,-1,0.0  -1,-1,0.0 
   3   -1,-1,0.0  -1,-1,0.0  -1,-1,0.0  -1,-1,0.0  -1,-1,0.0  -1,-1,0.0  -1,-1,0.0  -1,-1,0.0  -1,-1,0.0  -1,-1,0.0 
   2   -1,-1,0.0  -1,-1,0.0  -1,-1,0.0  -1,-1,0.0  -1,-1,0.0  -1,-1,0.0  -1,-1,0.0  -1,-1,0.0  -1,-1,0.0  -1,-1,0.0 
   1   -1,-1,0.0  -1,-1,0.0  -1,-1,0.0  -1,-1,0.0  -1,-1,0.0  -1,-1,0.0  -1,-1,0.0  -1,-1,0.0  -1,-1,0.0  -1,-1,0.0 



         11
  11   -1,-1,0.0 
  10   -1,-1,0.0 
   9   -1,-1,0.0 
   8   -1,-1,0.0 
   7   -1,-1,0.0 
   6   -1,-1,0.0 
   5   -1,-1,0.0 
   4   -1,-1,0.0 
   3   -1,-1,0.0 
   2   -1,-1,0.0 
   1   -1,-1,0.0 

                                                            K =  2

          1          2          3          4          5          6          7          8          9         10
  11   -1,-1,0.0  -1,-1,0.0  -1,-1,0.0  -1,-1,0.0  -1,-1,0.0  -1,-1,0.0  -1,-1,0.0  -1,-1,0.0  -1,-1,0.0  -1,-1,0.0 
  10   -1,-1,0.0  -1,-1,0.0  -1,-1,0.0  -1,-1,0.0  -1,-1,0.0  -1,-1,0.0  -1,-1,0.0  -1,-1,0.0  -1,-1,0.0  -1,-1,0.0 
   9   -1,-1,0.0  -1,-1,0.0  -1,-1,0.0  -1,-1,0.0  -1,-1,0.0  -1,-1,0.0  -1,-1,0.0  -1,-1,0.0  -1,-1,0.0  -1,-1,0.0 
   8   -1,-1,0.0  -1,-1,0.0  -1,-1,0.0  -1,-1,0.0  -1,-1,0.0  -1,-1,0.0  -1,-1,0.0  -1,-1,0.0  -1,-1,0.0  -1,-1,0.0 
   7   -1,-1,0.0  -1,-1,0.0  -1,-1,0.0  -1,-1,0.0  -1,-1,0.0  -1,-1,0.0  -1,-1,0.0  -1,-1,0.0  -1,-1,0.0  -1,-1,0.0 
   6   -1,-1,0.0  -1,-1,0.0  -1,-1,0.0  -1,-1,0.0  -1,-1,0.0  -1,-1,0.0  -1,-1,0.0  -1,-1,0.0  -1,-1,0.0  -1,-1,0.0 
   5   -1,-1,0.0  -1,-1,0.0  -1,-1,0.0  -1,-1,0.0  -1,-1,0.0  -1,-1,0.0  -1,-1,0.0  -1,-1,0.0  -1,-1,0.0  -1,-1,0.0 
   4   -1,-1,0.0  -1,-1,0.0  -1,-1,0.0  -1,-1,0.0  -1,-1,0.0  -1,-1,0.0  -1,-1,0.0  -1,-1,0.0  -1,-1,0.0  -1,-1,0.0 
   3   -1,-1,0.0  -1,-1,0.0  -1,-1,0.0  -1,-1,0.0  -1,-1,0.0  -1,-1,0.0  -1,-1,0.0  -1,-1,0.0  -1,-1,0.0  -1,-1,0.0 
   2   -1,-1,0.0  -1,-1,0.0  -1,-1,0.0  -1,-1,0.0  -1,-1,0.0  -1,-1,0.0  -1,-1,0.0  -1,-1,0.0  -1,-1,0.0  -1,-1,0.0 
   1   -1,-1,0.0  -1,-1,0.0  -1,-1,0.0  -1,-1,0.0  -1,-1,0.0  -1,-1,0.0  -1,-1,0.0  -1,-1,0.0  -1,-1,0.0  -1,-1,0.0 



         11
  11   -1,-1,0.0 
  10   -1,-1,0.0 
   9   -1,-1,0.0 
   8   -1,-1,0.0 
   7   -1,-1,0.0 
   6   -1,-1,0.0 
   5   -1,-1,0.0 
   4   -1,-1,0.0 
   3   -1,-1,0.0 
   2   -1,-1,0.0 
   1   -1,-1,0.0 



                              Initial Exchange Indices and Mixing Fraction

                    Areal Layers

                                                            K =  1

          1          2          3          4          5          6          7          8          9         10
  11   -1,-1,0.0  -1,-1,0.0  -1,-1,0.0  -1,-1,0.0  -1,-1,0.0  -1,-1,0.0  -1,-1,0.0  -1,-1,0.0  -1,-1,0.0  -1,-1,0.0 
  10   -1,-1,0.0  -1,-1,0.0  -1,-1,0.0  -1,-1,0.0  -1,-1,0.0  -1,-1,0.0  -1,-1,0.0  -1,-1,0.0  -1,-1,0.0  -1,-1,0.0 
   9   -1,-1,0.0  -1,-1,0.0  -1,-1,0.0  -1,-1,0.0  -1,-1,0.0  -1,-1,0.0  -1,-1,0.0  -1,-1,0.0  -1,-1,0.0  -1,-1,0.0 
   8   -1,-1,0.0  -1,-1,0.0  -1,-1,0.0  -1,-1,0.0  -1,-1,0.0  -1,-1,0.0  -1,-1,0.0  -1,-1,0.0  -1,-1,0.0  -1,-1,0.0 
   7   -1,-1,0.0  -1,-1,0.0  -1,-1,0.0  -1,-1,0.0  -1,-1,0.0  -1,-1,0.0  -1,-1,0.0  -1,-1,0.0  -1,-1,0.0  -1,-1,0.0 
   6   -1,-1,0.0  -1,-1,0.0  -1,-1,0.0  -1,-1,0.0  -1,-1,0.0  -1,-1,0.0  -1,-1,0.0  -1,-1,0.0  -1,-1,0.0  -1,-1,0.0 
   5   -1,-1,0.0  -1,-1,0.0  -1,-1,0.0  -1,-1,0.0  -1,-1,0.0  -1,-1,0.0  -1,-1,0.0  -1,-1,0.0  -1,-1,0.0  -1,-1,0.0 
   4   -1,-1,0.0  -1,-1,0.0  -1,-1,0.0  -1,-1,0.0  -1,-1,0.0  -1,-1,0.0  -1,-1,0.0  -1,-1,0.0  -1,-1,0.0  -1,-1,0.0 
   3   -1,-1,0.0  -1,-1,0.0  -1,-1,0.0  -1,-1,0.0  -1,-1,0.0  -1,-1,0.0  -1,-1,0.0  -1,-1,0.0  -1,-1,0.0  -1,-1,0.0 
   2   -1,-1,0.0  -1,-1,0.0  -1,-1,0.0  -1,-1,0.0  -1,-1,0.0  -1,-1,0.0  -1,-1,0.0  -1,-1,0.0  -1,-1,0.0  -1,-1,0.0 
   1   -1,-1,0.0  -1,-1,0.0  -1,-1,0.0  -1,-1,0.0  -1,-1,0.0  -1,-1,0.0  -1,-1,0.0  -1,-1,0.0  -1,-1,0.0  -1,-1,0.0 



         11
  11   -1,-1,0.0 
  10   -1,-1,0.0 
   9   -1,-1,0.0 
   8   -1,-1,0.0 
   7   -1,-1,0.0 
   6   -1,-1,0.0 
   5   -1,-1,0.0 
   4   -1,-1,0.0 
   3   -1,-1,0.0 
   2   -1,-1,0.0 
   1   -1,-1,0.0 

                                                            K =  2

          1          2          3          4          5          6          7          8          9         10
  11   -1,-1,0.0  -1,-1,0.0  -1,-1,0.0  -1,-1,0.0  -1,-1,0.0  -1,-1,0.0  -1,-1,0.0  -1,-1,0.0  -1,-1,0.0  -1,-1,0.0 
  10   -1,-1,0.0  -1,-1,0.0  -1,-1,0.0  -1,-1,0.0  -1,-1,0.0  -1,-1,0.0  -1,-1,0.0  -1,-1,0.0  -1,-1,0.0  -1,-1,0.0 
   9   -1,-1,0.0  -1,-1,0.0  -1,-1,0.0  -1,-1,0.0  -1,-1,0.0  -1,-1,0.0  -1,-1,0.0  -1,-1,0.0  -1,-1,0.0  -1,-1,0.0 
   8   -1,-1,0.0  -1,-1,0.0  -1,-1,0.0  -1,-1,0.0  -1,-1,0.0  -1,-1,0.0  -1,-1,0.0  -1,-1,0.0  -1,-1,0.0  -1,-1,0.0 
   7   -1,-1,0.0  -1,-1,0.0  -1,-1,0.0  -1,-1,0.0  -1,-1,0.0  -1,-1,0.0  -1,-1,0.0  -1,-1,0.0  -1,-1,0.0  -1,-1,0.0 
   6   -1,-1,0.0  -1,-1,0.0  -1,-1,0.0  -1,-1,0.0  -1,-1,0.0  -1,-1,0.0  -1,-1,0.0  -1,-1,0.0  -1,-1,0.0  -1,-1,0.0 
   5   -1,-1,0.0  -1,-1,0.0  -1,-1,0.0  -1,-1,0.0  -1,-1,0.0  -1,-1,0.0  -1,-1,0.0  -1,-1,0.0  -1,-1,0.0  -1,-1,0.0 
   4   -1,-1,0.0  -1,-1,0.0  -1,-1,0.0  -1,-1,0.0  -1,-1,0.0  -1,-1,0.0  -1,-1,0.0  -1,-1,0.0  -1,-1,0.0  -1,-1,0.0 
   3   -1,-1,0.0  -1,-1,0.0  -1,-1,0.0  -1,-1,0.0  -1,-1,0.0  -1,-1,0.0  -1,-1,0.0  -1,-1,0.0  -1,-1,0.0  -1,-1,0.0 
   2   -1,-1,0.0  -1,-1,0.0  -1,-1,0.0  -1,-1,0.0  -1,-1,0.0  -1,-1,0.0  -1,-1,0.0  -1,-1,0.0  -1,-1,0.0  -1,-1,0.0 
   1   -1,-1,0.0  -1,-1,0.0  -1,-1,0.0  -1,-1,0.0  -1,-1,0.0  -1,-1,0.0  -1,-1,0.0  -1,-1,0.0  -1,-1,0.0  -1,-1,0.0 



         11
  11   -1,-1,0.0 
  10   -1,-1,0.0 
   9   -1,-1,0.0 
   8   -1,-1,0.0 
   7   -1,-1,0.0 
   6   -1,-1,0.0 
   5   -1,-1,0.0 
   4   -1,-1,0.0 
   3   -1,-1,0.0 
   2   -1,-1,0.0 
   1   -1,-1,0.0 



                              Initial Surface Indices and Mixing Fraction

                    Areal Layers

                                                            K =  1

          1          2          3          4          5          6          7          8          9         10
  11   -1,-1,0.0  -1,-1,0.0  -1,-1,0.0  -1,-1,0.0  -1,-1,0.0  -1,-1,0.0  -1,-1,0.0  -1,-1,0.0  -1,-1,0.0  -1,-1,0.0 
  10   -1,-1,0.0  -1,-1,0.0  -1,-1,0.0  -1,-1,0.0  -1,-1,0.0  -1,-1,0.0  -1,-1,0.0  -1,-1,0.0  -1,-1,0.0  -1,-1,0.0 
   9   -1,-1,0.0  -1,-1,0.0  -1,-1,0.0  -1,-1,0.0  -1,-1,0.0  -1,-1,0.0  -1,-1,0.0  -1,-1,0.0  -1,-1,0.0  -1,-1,0.0 
   8   -1,-1,0.0  -1,-1,0.0  -1,-1,0.0  -1,-1,0.0  -1,-1,0.0  -1,-1,0.0  -1,-1,0.0  -1,-1,0.0  -1,-1,0.0  -1,-1,0.0 
   7   -1,-1,0.0  -1,-1,0.0  -1,-1,0.0  -1,-1,0.0  -1,-1,0.0  -1,-1,0.0  -1,-1,0.0  -1,-1,0.0  -1,-1,0.0  -1,-1,0.0 
   6   -1,-1,0.0  -1,-1,0.0  -1,-1,0.0  -1,-1,0.0  -1,-1,0.0  -1,-1,0.0  -1,-1,0.0  -1,-1,0.0  -1,-1,0.0  -1,-1,0.0 
   5   -1,-1,0.0  -1,-1,0.0  -1,-1,0.0  -1,-1,0.0  -1,-1,0.0  -1,-1,0.0  -1,-1,0.0  -1,-1,0.0  -1,-1,0.0  -1,-1,0.0 
   4   -1,-1,0.0  -1,-1,0.0  -1,-1,0.0  -1,-1,0.0  -1,-1,0.0  -1,-1,0.0  -1,-1,0.0  -1,-1,0.0  -1,-1,0.0  -1,-1,0.0 
   3   -1,-1,0.0  -1,-1,0.0  -1,-1,0.0  -1,-1,0.0  -1,-1,0.0  -1,-1,0.0  -1,-1,0.0  -1,-1,0.0  -1,-1,0.0  -1,-1,0.0 
   2   -1,-1,0.0  -1,-1,0.0  -1,-1,0.0  -1,-1,0.0  -1,-1,0.0  -1,-1,0.0  -1,-1,0.0  -1,-1,0.0  -1,-1,0.0  -1,-1,0.0 
   1   -1,-1,0.0  -1,-1,0.0  -1,-1,0.0  -1,-1,0.0  -1,-1,0.0  -1,-1,0.0  -1,-1,0.0  -1,-1,0.0  -1,-1,0.0  -1,-1,0.0 



         11
  11   -1,-1,0.0 
  10   -1,-1,0.0 
   9   -1,-1,0.0 
   8   -1,-1,0.0 
   7   -1,-1,0.0 
   6   -1,-1,0.0 
   5   -1,-1,0.0 
   4   -1,-1,0.0 
   3   -1,-1,0.0 
   2   -1,-1,0.0 
   1   -1,-1,0.0 

                                                            K =  2

          1          2          3          4          5          6          7          8          9         10
  11   -1,-1,0.0  -1,-1,0.0  -1,-1,0.0  -1,-1,0.0  -1,-1,0.0  -1,-1,0.0  -1,-1,0.0  -1,-1,0.0  -1,-1,0.0  -1,-1,0.0 
  10   -1,-1,0.0  -1,-1,0.0  -1,-1,0.0  -1,-1,0.0  -1,-1,0.0  -1,-1,0.0  -1,-1,0.0  -1,-1,0.0  -1,-1,0.0  -1,-1,0.0 
   9   -1,-1,0.0  -1,-1,0.0  -1,-1,0.0  -1,-1,0.0  -1,-1,0.0  -1,-1,0.0  -1,-1,0.0  -1,-1,0.0  -1,-1,0.0  -1,-1,0.0 
   8   -1,-1,0.0  -1,-1,0.0  -1,-1,0.0  -1,-1,0.0  -1,-1,0.0  -1,-1,0.0  -1,-1,0.0  -1,-1,0.0  -1,-1,0.0  -1,-1,0.0 
   7   -1,-1,0.0  -1,-1,0.0  -1,-1,0.0  -1,-1,0.0  -1,-1,0.0  -1,-1,0.0  -1,-1,0.0  -1,-1,0.0  -1,-1,0.0  -1,-1,0.0 
   6   -1,-1,0.0  -1,-1,0.0  -1,-1,0.0  -1,-1,0.0  -1,-1,0.0  -1,-1,0.0  -1,-1,0.0  -1,-1,0.0  -1,-1,0.0  -1,-1,0.0 
   5   -1,-1,0.0  -1,-1,0.0  -1,-1,0.0  -1,-1,0.0  -1,-1,0.0  -1,-1,0.0  -1,-1,0.0  -1,-1,0.0  -1,-1,0.0  -1,-1,0.0 
   4   -1,-1,0.0  -1,-1,0.0  -1,-1,0.0  -1,-1,0.0  -1,-1,0.0  -1,-1,0.0  -1,-1,0.0  -1,-1,0.0  -1,-1,0.0  -1,-1,0.0 
   3   -1,-1,0.0  -1,-1,0.0  -1,-1,0.0  -1,-1,0.0  -1,-1,0.0  -1,-1,0.0  -1,-1,0.0  -1,-1,0.0  -1,-1,0.0  -1,-1,0.0 
   2   -1,-1,0.0  -1,-1,0.0  -1,-1,0.0  -1,-1,0.0  -1,-1,0.0  -1,-1,0.0  -1,-1,0.0  -1,-1,0.0  -1,-1,0.0  -1,-1,0.0 
   1   -1,-1,0.0  -1,-1,0.0  -1,-1,0.0  -1,-1,0.0  -1,-1,0.0  -1,-1,0.0  -1,-1,0.0  -1,-1,0.0  -1,-1,0.0  -1,-1,0.0 



         11
  11   -1,-1,0.0 
  10   -1,-1,0.0 
   9   -1,-1,0.0 
   8   -1,-1,0.0 
   7   -1,-1,0.0 
   6   -1,-1,0.0 
   5   -1,-1,0.0 
   4   -1,-1,0.0 
   3   -1,-1,0.0 
   2   -1,-1,0.0 
   1   -1,-1,0.0 



                              Initial Gas-Phase Indices and Mixing Fraction

                    Areal Layers

                                                            K =  1

          1          2          3          4          5          6          7          8          9         10
  11   -1,-1,0.0  -1,-1,0.0  -1,-1,0.0  -1,-1,0.0  -1,-1,0.0  -1,-1,0.0  -1,-1,0.0  -1,-1,0.0  -1,-1,0.0  -1,-1,0.0 
  10   -1,-1,0.0  -1,-1,0.0  -1,-1,0.0  -1,-1,0.0  -1,-1,0.0  -1,-1,0.0  -1,-1,0.0  -1,-1,0.0  -1,-1,0.0  -1,-1,0.0 
   9   -1,-1,0.0  -1,-1,0.0  -1,-1,0.0  -1,-1,0.0  -1,-1,0.0  -1,-1,0.0  -1,-1,0.0  -1,-1,0.0  -1,-1,0.0  -1,-1,0.0 
   8   -1,-1,0.0  -1,-1,0.0  -1,-1,0.0  -1,-1,0.0  -1,-1,0.0  -1,-1,0.0  -1,-1,0.0  -1,-1,0.0  -1,-1,0.0  -1,-1,0.0 
   7   -1,-1,0.0  -1,-1,0.0  -1,-1,0.0  -1,-1,0.0  -1,-1,0.0  -1,-1,0.0  -1,-1,0.0  -1,-1,0.0  -1,-1,0.0  -1,-1,0.0 
   6   -1,-1,0.0  -1,-1,0.0  -1,-1,0.0  -1,-1,0.0  -1,-1,0.0  -1,-1,0.0  -1,-1,0.0  -1,-1,0.0  -1,-1,0.0  -1,-1,0.0 
   5   -1,-1,0.0  -1,-1,0.0  -1,-1,0.0  -1,-1,0.0  -1,-1,0.0  -1,-1,0.0  -1,-1,0.0  -1,-1,0.0  -1,-1,0.0  -1,-1,0.0 
   4   -1,-1,0.0  -1,-1,0.0  -1,-1,0.0  -1,-1,0.0  -1,-1,0.0  -1,-1,0.0  -1,-1,0.0  -1,-1,0.0  -1,-1,0.0  -1,-1,0.0 
   3   -1,-1,0.0  -1,-1,0.0  -1,-1,0.0  -1,-1,0.0  -1,-1,0.0  -1,-1,0.0  -1,-1,0.0  -1,-1,0.0  -1,-1,0.0  -1,-1,0.0 
   2   -1,-1,0.0  -1,-1,0.0  -1,-1,0.0  -1,-1,0.0  -1,-1,0.0  -1,-1,0.0  -1,-1,0.0  -1,-1,0.0  -1,-1,0.0  -1,-1,0.0 
   1   -1,-1,0.0  -1,-1,0.0  -1,-1,0.0  -1,-1,0.0  -1,-1,0.0  -1,-1,0.0  -1,-1,0.0  -1,-1,0.0  -1,-1,0.0  -1,-1,0.0 



         11
  11   -1,-1,0.0 
  10   -1,-1,0.0 
   9   -1,-1,0.0 
   8   -1,-1,0.0 
   7   -1,-1,0.0 
   6   -1,-1,0.0 
   5   -1,-1,0.0 
   4   -1,-1,0.0 
   3   -1,-1,0.0 
   2   -1,-1,0.0 
   1   -1,-1,0.0 

                                                            K =  2

          1          2          3          4          5          6          7          8          9         10
  11   -1,-1,0.0  -1,-1,0.0  -1,-1,0.0  -1,-1,0.0  -1,-1,0.0  -1,-1,0.0  -1,-1,0.0  -1,-1,0.0  -1,-1,0.0  -1,-1,0.0 
  10   -1,-1,0.0  -1,-1,0.0  -1,-1,0.0  -1,-1,0.0  -1,-1,0.0  -1,-1,0.0  -1,-1,0.0  -1,-1,0.0  -1,-1,0.0  -1,-1,0.0 
   9   -1,-1,0.0  -1,-1,0.0  -1,-1,0.0  -1,-1,0.0  -1,-1,0.0  -1,-1,0.0  -1,-1,0.0  -1,-1,0.0  -1,-1,0.0  -1,-1,0.0 
   8   -1,-1,0.0  -1,-1,0.0  -1,-1,0.0  -1,-1,0.0  -1,-1,0.0  -1,-1,0.0  -1,-1,0.0  -1,-1,0.0  -1,-1,0.0  -1,-1,0.0 
   7   -1,-1,0.0  -1,-1,0.0  -1,-1,0.0  -1,-1,0.0  -1,-1,0.0  -1,-1,0.0  -1,-1,0.0  -1,-1,0.0  -1,-1,0.0  -1,-1,0.0 
   6   -1,-1,0.0  -1,-1,0.0  -1,-1,0.0  -1,-1,0.0  -1,-1,0.0  -1,-1,0.0  -1,-1,0.0  -1,-1,0.0  -1,-1,0.0  -1,-1,0.0 
   5   -1,-1,0.0  -1,-1,0.0  -1,-1,0.0  -1,-1,0.0  -1,-1,0.0  -1,-1,0.0  -1,-1,0.0  -1,-1,0.0  -1,-1,0.0  -1,-1,0.0 
   4   -1,-1,0.0  -1,-1,0.0  -1,-1,0.0  -1,-1,0.0  -1,-1,0.0  -1,-1,0.0  -1,-1,0.0  -1,-1,0.0  -1,-1,0.0  -1,-1,0.0 
   3   -1,-1,0.0  -1,-1,0.0  -1,-1,0.0  -1,-1,0.0  -1,-1,0.0  -1,-1,0.0  -1,-1,0.0  -1,-1,0.0  -1,-1,0.0  -1,-1,0.0 
   2   -1,-1,0.0  -1,-1,0.0  -1,-1,0.0  -1,-1,0.0  -1,-1,0.0  -1,-1,0.0  -1,-1,0.0  -1,-1,0.0  -1,-1,0.0  -1,-1,0.0 
   1   -1,-1,0.0  -1,-1,0.0  -1,-1,0.0  -1,-1,0.0  -1,-1,0.0  -1,-1,0.0  -1,-1,0.0  -1,-1,0.0  -1,-1,0.0  -1,-1,0.0 



         11
  11   -1,-1,0.0 
  10   -1,-1,0.0 
   9   -1,-1,0.0 
   8   -1,-1,0.0 
   7   -1,-1,0.0 
   6   -1,-1,0.0 
   5   -1,-1,0.0 
   4   -1,-1,0.0 
   3   -1,-1,0.0 
   2   -1,-1,0.0 
   1   -1,-1,0.0 



                              Initial Solid-Solution Indices and Mixing Fraction

                    Areal Layers

                                                            K =  1

          1          2          3          4          5          6          7          8          9         10
  11   -1,-1,0.0  -1,-1,0.0  -1,-1,0.0  -1,-1,0.0  -1,-1,0.0  -1,-1,0.0  -1,-1,0.0  -1,-1,0.0  -1,-1,0.0  -1,-1,0.0 
  10   -1,-1,0.0  -1,-1,0.0  -1,-1,0.0  -1,-1,0.0  -1,-1,0.0  -1,-1,0.0  -1,-1,0.0  -1,-1,0.0  -1,-1,0.0  -1,-1,0.0 
   9   -1,-1,0.0  -1,-1,0.0  -1,-1,0.0  -1,-1,0.0  -1,-1,0.0  -1,-1,0.0  -1,-1,0.0  -1,-1,0.0  -1,-1,0.0  -1,-1,0.0 
   8   -1,-1,0.0  -1,-1,0.0  -1,-1,0.0  -1,-1,0.0  -1,-1,0.0  -1,-1,0.0  -1,-1,0.0  -1,-1,0.0  -1,-1,0.0  -1,-1,0.0 
   7   -1,-1,0.0  -1,-1,0.0  -1,-1,0.0  -1,-1,0.0  -1,-1,0.0  -1,-1,0.0  -1,-1,0.0  -1,-1,0.0  -1,-1,0.0  -1,-1,0.0 
   6   -1,-1,0.0  -1,-1,0.0  -1,-1,0.0  -1,-1,0.0  -1,-1,0.0  -1,-1,0.0  -1,-1,0.0  -1,-1,0.0  -1,-1,0.0  -1,-1,0.0 
   5   -1,-1,0.0  -1,-1,0.0  -1,-1,0.0  -1,-1,0.0  -1,-1,0.0  -1,-1,0.0  -1,-1,0.0  -1,-1,0.0  -1,-1,0.0  -1,-1,0.0 
   4   -1,-1,0.0  -1,-1,0.0  -1,-1,0.0  -1,-1,0.0  -1,-1,0.0  -1,-1,0.0  -1,-1,0.0  -1,-1,0.0  -1,-1,0.0  -1,-1,0.0 
   3   -1,-1,0.0  -1,-1,0.0  -1,-1,0.0  -1,-1,0.0  -1,-1,0.0  -1,-1,0.0  -1,-1,0.0  -1,-1,0.0  -1,-1,0.0  -1,-1,0.0 
   2   -1,-1,0.0  -1,-1,0.0  -1,-1,0.0  -1,-1,0.0  -1,-1,0.0  -1,-1,0.0  -1,-1,0.0  -1,-1,0.0  -1,-1,0.0  -1,-1,0.0 
   1   -1,-1,0.0  -1,-1,0.0  -1,-1,0.0  -1,-1,0.0  -1,-1,0.0  -1,-1,0.0  -1,-1,0.0  -1,-1,0.0  -1,-1,0.0  -1,-1,0.0 



         11
  11   -1,-1,0.0 
  10   -1,-1,0.0 
   9   -1,-1,0.0 
   8   -1,-1,0.0 
   7   -1,-1,0.0 
   6   -1,-1,0.0 
   5   -1,-1,0.0 
   4   -1,-1,0.0 
   3   -1,-1,0.0 
   2   -1,-1,0.0 
   1   -1,-1,0.0 

                                                            K =  2

          1          2          3          4          5          6          7          8          9         10
  11   -1,-1,0.0  -1,-1,0.0  -1,-1,0.0  -1,-1,0.0  -1,-1,0.0  -1,-1,0.0  -1,-1,0.0  -1,-1,0.0  -1,-1,0.0  -1,-1,0.0 
  10   -1,-1,0.0  -1,-1,0.0  -1,-1,0.0  -1,-1,0.0  -1,-1,0.0  -1,-1,0.0  -1,-1,0.0  -1,-1,0.0  -1,-1,0.0  -1,-1,0.0 
   9   -1,-1,0.0  -1,-1,0.0  -1,-1,0.0  -1,-1,0.0  -1,-1,0.0  -1,-1,0.0  -1,-1,0.0  -1,-1,0.0  -1,-1,0.0  -1,-1,0.0 
   8   -1,-1,0.0  -1,-1,0.0  -1,-1,0.0  -1,-1,0.0  -1,-1,0.0  -1,-1,0.0  -1,-1,0.0  -1,-1,0.0  -1,-1,0.0  -1,-1,0.0 
   7   -1,-1,0.0  -1,-1,0.0  -1,-1,0.0  -1,-1,0.0  -1,-1,0.0  -1,-1,0.0  -1,-1,0.0  -1,-1,0.0  -1,-1,0.0  -1,-1,0.0 
   6   -1,-1,0.0  -1,-1,0.0  -1,-1,0.0  -1,-1,0.0  -1,-1,0.0  -1,-1,0.0  -1,-1,0.0  -1,-1,0.0  -1,-1,0.0  -1,-1,0.0 
   5   -1,-1,0.0  -1,-1,0.0  -1,-1,0.0  -1,-1,0.0  -1,-1,0.0  -1,-1,0.0  -1,-1,0.0  -1,-1,0.0  -1,-1,0.0  -1,-1,0.0 
   4   -1,-1,0.0  -1,-1,0.0  -1,-1,0.0  -1,-1,0.0  -1,-1,0.0  -1,-1,0.0  -1,-1,0.0  -1,-1,0.0  -1,-1,0.0  -1,-1,0.0 
   3   -1,-1,0.0  -1,-1,0.0  -1,-1,0.0  -1,-1,0.0  -1,-1,0.0  -1,-1,0.0  -1,-1,0.0  -1,-1,0.0  -1,-1,0.0  -1,-1,0.0 
   2   -1,-1,0.0  -1,-1,0.0  -1,-1,0.0  -1,-1,0.0  -1,-1,0.0  -1,-1,0.0  -1,-1,0.0  -1,-1,0.0  -1,-1,0.0  -1,-1,0.0 
   1   -1,-1,0.0  -1,-1,0.0  -1,-1,0.0  -1,-1,0.0  -1,-1,0.0  -1,-1,0.0  -1,-1,0.0  -1,-1,0.0  -1,-1,0.0  -1,-1,0.0 



         11
  11   -1,-1,0.0 
  10   -1,-1,0.0 
   9   -1,-1,0.0 
   8   -1,-1,0.0 
   7   -1,-1,0.0 
   6   -1,-1,0.0 
   5   -1,-1,0.0 
   4   -1,-1,0.0 
   3   -1,-1,0.0 
   2   -1,-1,0.0 
   1   -1,-1,0.0 



                              Initial Kinetic-Reaction Indices and Mixing Fraction

                    Areal Layers

                                                            K =  1

          1          2          3          4          5          6          7          8          9         10
  11   -1,-1,0.0  -1,-1,0.0  -1,-1,0.0  -1,-1,0.0  -1,-1,0.0  -1,-1,0.0  -1,-1,0.0  -1,-1,0.0  -1,-1,0.0  -1,-1,0.0 
  10   -1,-1,0.0  -1,-1,0.0  -1,-1,0.0  -1,-1,0.0  -1,-1,0.0  -1,-1,0.0  -1,-1,0.0  -1,-1,0.0  -1,-1,0.0  -1,-1,0.0 
   9   -1,-1,0.0  -1,-1,0.0  -1,-1,0.0  -1,-1,0.0  -1,-1,0.0  -1,-1,0.0  -1,-1,0.0  -1,-1,0.0  -1,-1,0.0  -1,-1,0.0 
   8   -1,-1,0.0  -1,-1,0.0  -1,-1,0.0  -1,-1,0.0  -1,-1,0.0  -1,-1,0.0  -1,-1,0.0  -1,-1,0.0  -1,-1,0.0  -1,-1,0.0 
   7   -1,-1,0.0  -1,-1,0.0  -1,-1,0.0  -1,-1,0.0  -1,-1,0.0  -1,-1,0.0  -1,-1,0.0  -1,-1,0.0  -1,-1,0.0  -1,-1,0.0 
   6   -1,-1,0.0  -1,-1,0.0  -1,-1,0.0  -1,-1,0.0  -1,-1,0.0  -1,-1,0.0  -1,-1,0.0  -1,-1,0.0  -1,-1,0.0  -1,-1,0.0 
   5   -1,-1,0.0  -1,-1,0.0  -1,-1,0.0  -1,-1,0.0  -1,-1,0.0  -1,-1,0.0  -1,-1,0.0  -1,-1,0.0  -1,-1,0.0  -1,-1,0.0 
   4   -1,-1,0.0  -1,-1,0.0  -1,-1,0.0  -1,-1,0.0  -1,-1,0.0  -1,-1,0.0  -1,-1,0.0  -1,-1,0.0  -1,-1,0.0  -1,-1,0.0 
   3   -1,-1,0.0  -1,-1,0.0  -1,-1,0.0  -1,-1,0.0  -1,-1,0.0  -1,-1,0.0  -1,-1,0.0  -1,-1,0.0  -1,-1,0.0  -1,-1,0.0 
   2   -1,-1,0.0  -1,-1,0.0  -1,-1,0.0  -1,-1,0.0  -1,-1,0.0  -1,-1,0.0  -1,-1,0.0  -1,-1,0.0  -1,-1,0.0  -1,-1,0.0 
   1   -1,-1,0.0  -1,-1,0.0  -1,-1,0.0  -1,-1,0.0  -1,-1,0.0  -1,-1,0.0  -1,-1,0.0  -1,-1,0.0  -1,-1,0.0  -1,-1,0.0 



         11
  11   -1,-1,0.0 
  10   -1,-1,0.0 
   9   -1,-1,0.0 
   8   -1,-1,0.0 
   7   -1,-1,0.0 
   6   -1,-1,0.0 
   5   -1,-1,0.0 
   4   -1,-1,0.0 
   3   -1,-1,0.0 
   2   -1,-1,0.0 
   1   -1,-1,0.0 

                                                            K =  2

          1          2          3          4          5          6          7          8          9         10
  11   -1,-1,0.0  -1,-1,0.0  -1,-1,0.0  -1,-1,0.0  -1,-1,0.0  -1,-1,0.0  -1,-1,0.0  -1,-1,0.0  -1,-1,0.0  -1,-1,0.0 
  10   -1,-1,0.0  -1,-1,0.0  -1,-1,0.0  -1,-1,0.0  -1,-1,0.0  -1,-1,0.0  -1,-1,0.0  -1,-1,0.0  -1,-1,0.0  -1,-1,0.0 
   9   -1,-1,0.0  -1,-1,0.0  -1,-1,0.0  -1,-1,0.0  -1,-1,0.0  -1,-1,0.0  -1,-1,0.0  -1,-1,0.0  -1,-1,0.0  -1,-1,0.0 
   8   -1,-1,0.0  -1,-1,0.0  -1,-1,0.0  -1,-1,0.0  -1,-1,0.0  -1,-1,0.0  -1,-1,0.0  -1,-1,0.0  -1,-1,0.0  -1,-1,0.0 
   7   -1,-1,0.0  -1,-1,0.0  -1,-1,0.0  -1,-1,0.0  -1,-1,0.0  -1,-1,0.0  -1,-1,0.0  -1,-1,0.0  -1,-1,0.0  -1,-1,0.0 
   6   -1,-1,0.0  -1,-1,0.0  -1,-1,0.0  -1,-1,0.0  -1,-1,0.0  -1,-1,0.0  -1,-1,0.0  -1,-1,0.0  -1,-1,0.0  -1,-1,0.0 
   5   -1,-1,0.0  -1,-1,0.0  -1,-1,0.0  -1,-1,0.0  -1,-1,0.0  -1,-1,0.0  -1,-1,0.0  -1,-1,0.0  -1,-1,0.0  -1,-1,0.0 
   4   -1,-1,0.0  -1,-1,0.0  -1,-1,0.0  -1,-1,0.0  -1,-1,0.0  -1,-1,0.0  -1,-1,0.0  -1,-1,0.0  -1,-1,0.0  -1,-1,0.0 
   3   -1,-1,0.0  -1,-1,0.0  -1,-1,0.0  -1,-1,0.0  -1,-1,0.0  -1,-1,0.0  -1,-1,0.0  -1,-1,0.0  -1,-1,0.0  -1,-1,0.0 
   2   -1,-1,0.0  -1,-1,0.0  -1,-1,0.0  -1,-1,0.0  -1,-1,0.0  -1,-1,0.0  -1,-1,0.0  -1,-1,0.0  -1,-1,0.0  -1,-1,0.0 
   1   -1,-1,0.0  -1,-1,0.0  -1,-1,0.0  -1,-1,0.0  -1,-1,0.0  -1,-1,0.0  -1,-1,0.0  -1,-1,0.0  -1,-1,0.0  -1,-1,0.0 



         11
  11   -1,-1,0.0 
  10   -1,-1,0.0 
   9   -1,-1,0.0 
   8   -1,-1,0.0 
   7   -1,-1,0.0 
   6   -1,-1,0.0 
   5   -1,-1,0.0 
   4   -1,-1,0.0 
   3   -1,-1,0.0 
   2   -1,-1,0.0 
   1   -1,-1,0.0 



                              Initial Molality (mol/kgw)

                              Component: H2O                           

                    Areal Layers

                                                            K =  1

           1           2           3           4           5           6           7           8           9          10
 11   55.34       55.34       55.34       55.34       55.34       55.34       55.34       55.34       55.34       55.34    
 10   55.34       55.34       55.34       55.34       55.34       55.34       55.34       55.34       55.34       55.34    
  9   55.34       55.34       55.34       55.34       55.34       55.34       55.34       55.34       55.34       55.34    
  8   55.34       55.34       55.34       55.34       55.34       55.34       55.34       55.34       55.34       55.34    
  7   55.34       55.34       55.34       55.34       55.34       55.34       55.34       55.34       55.34       55.34    
  6   55.34       55.34       55.34       55.34       55.34       55.34       55.34       55.34       55.34       55.34    
  5   55.34       55.34       55.34       55.34       55.34       55.34       55.34       55.34       55.34       55.34    
  4   55.34       55.34       55.34       55.34       55.34       55.34       55.34       55.34       55.34       55.34    
  3   55.34       55.34       55.34       55.34       55.34       55.34       55.34       55.34       55.34       55.34    
  2   55.34       55.34       55.34       55.34       55.34       55.34       55.34       55.34       55.34       55.34    
  1   55.34       55.34       55.34       55.34       55.34       55.34       55.34       55.34       55.34       55.34    



          11
 11   55.34    
 10   55.34    
  9   55.34    
  8   55.34    
  7   55.34    
  6   55.34    
  5   55.34    
  4   55.34    
  3   55.34    
  2   55.34    
  1   55.34    

                                                            K =  2

           1           2           3           4           5           6           7           8           9          10
 11   55.34       55.34       55.34       55.34       55.34       55.34       55.34       55.34       55.34       55.34    
 10   55.34       55.34       55.34       55.34       55.34       55.34       55.34       55.34       55.34       55.34    
  9   55.34       55.34       55.34       55.34       55.34       55.34       55.34       55.34       55.34       55.34    
  8   55.34       55.34       55.34       55.34       55.34       55.34       55.34       55.34       55.34       55.34    
  7   55.34       55.34       55.34       55.34       55.34       55.34       55.34       55.34       55.34       55.34    
  6   55.34       55.34       55.34       55.34       55.34       55.34       55.34       55.34       55.34       55.34    
  5   55.34       55.34       55.34       55.34       55.34       55.34       55.34       55.34       55.34       55.34    
  4   55.34       55.34       55.34       55.34       55.34       55.34       55.34       55.34       55.34       55.34    
  3   55.34       55.34       55.34       55.34       55.34       55.34       55.34       55.34       55.34       55.34    
  2   55.34       55.34       55.34       55.34       55.34       55.34       55.34       55.34       55.34       55.34    
  1   55.34       55.34       55.34       55.34       55.34       55.34       55.34       55.34       55.34       55.34    



          11
 11   55.34    
 10   55.34    
  9   55.34    
  8   55.34    
  7   55.34    
  6   55.34    
  5   55.34    
  4   55.34    
  3   55.34    
  2   55.34    
  1   55.34    



                              Initial Molality (mol/kgw)

                              Component: H                             

                    Areal Layers

                                                            K =  1

           1           2           3           4           5           6           7           8           9          10
 11  2.0774E-07  2.0807E-07  2.0839E-07  2.0869E-07  2.0898E-07  2.0926E-07  2.0952E-07  2.0978E-07  2.1003E-07  2.1027E-07
 10  2.0774E-07  2.0807E-07  2.0839E-07  2.0869E-07  2.0898E-07  2.0926E-07  2.0952E-07  2.0978E-07  2.1003E-07  2.1027E-07
  9  2.0774E-07  2.0807E-07  2.0839E-07  2.0869E-07  2.0898E-07  2.0926E-07  2.0952E-07  2.0978E-07  2.1003E-07  2.1027E-07
  8  2.0774E-07  2.0807E-07  2.0839E-07  2.0869E-07  2.0898E-07  2.0926E-07  2.0952E-07  2.0978E-07  2.1003E-07  2.1027E-07
  7  2.0774E-07  2.0807E-07  2.0839E-07  2.0869E-07  2.0898E-07  2.0926E-07  2.0952E-07  2.0978E-07  2.1003E-07  2.1027E-07
  6  2.0774E-07  2.0807E-07  2.0839E-07  2.0869E-07  2.0898E-07  2.0926E-07  2.0952E-07  2.0978E-07  2.1003E-07  2.1027E-07
  5  2.0774E-07  2.0807E-07  2.0839E-07  2.0869E-07  2.0898E-07  2.0926E-07  2.0952E-07  2.0978E-07  2.1003E-07  2.1027E-07
  4  2.0774E-07  2.0807E-07  2.0839E-07  2.0869E-07  2.0898E-07  2.0926E-07  2.0952E-07  2.0978E-07  2.1003E-07  2.1027E-07
  3  2.0774E-07  2.0807E-07  2.0839E-07  2.0869E-07  2.0898E-07  2.0926E-07  2.0952E-07  2.0978E-07  2.1003E-07  2.1027E-07
  2  2.0774E-07  2.0807E-07  2.0839E-07  2.0869E-07  2.0898E-07  2.0926E-07  2.0952E-07  2.0978E-07  2.1003E-07  2.1027E-07
  1  2.0774E-07  2.0807E-07  2.0839E-07  2.0869E-07  2.0898E-07  2.0926E-07  2.0952E-07  2.0978E-07  2.1003E-07  2.1027E-07



          11
 11  2.1051E-07
 10  2.1051E-07
  9  2.1051E-07
  8  2.1051E-07
  7  2.1051E-07
  6  2.1051E-07
  5  2.1051E-07
  4  2.1051E-07
  3  2.1051E-07
  2  2.1051E-07
  1  2.1051E-07

                                                            K =  2

           1           2           3           4           5           6           7           8           9          10
 11  2.0774E-07  2.0807E-07  2.0839E-07  2.0869E-07  2.0898E-07  2.0926E-07  2.0952E-07  2.0978E-07  2.1003E-07  2.1027E-07
 10  2.0774E-07  2.0807E-07  2.0839E-07  2.0869E-07  2.0898E-07  2.0926E-07  2.0952E-07  2.0978E-07  2.1003E-07  2.1027E-07
  9  2.0774E-07  2.0807E-07  2.0839E-07  2.0869E-07  2.0898E-07  2.0926E-07  2.0952E-07  2.0978E-07  2.1003E-07  2.1027E-07
  8  2.0774E-07  2.0807E-07  2.0839E-07  2.0869E-07  2.0898E-07  2.0926E-07  2.0952E-07  2.0978E-07  2.1003E-07  2.1027E-07
  7  2.0774E-07  2.0807E-07  2.0839E-07  2.0869E-07  2.0898E-07  2.0926E-07  2.0952E-07  2.0978E-07  2.1003E-07  2.1027E-07
  6  2.0774E-07  2.0807E-07  2.0839E-07  2.0869E-07  2.0898E-07  2.0926E-07  2.0952E-07  2.0978E-07  2.1003E-07  2.1027E-07
  5  2.0774E-07  2.0807E-07  2.0839E-07  2.0869E-07  2.0898E-07  2.0926E-07  2.0952E-07  2.0978E-07  2.1003E-07  2.1027E-07
  4  2.0774E-07  2.0807E-07  2.0839E-07  2.0869E-07  2.0898E-07  2.0926E-07  2.0952E-07  2.0978E-07  2.1003E-07  2.1027E-07
  3  2.0774E-07  2.0807E-07  2.0839E-07  2.0869E-07  2.0898E-07  2.0926E-07  2.0952E-07  2.0978E-07  2.1003E-07  2.1027E-07
  2  2.0774E-07  2.0807E-07  2.0839E-07  2.0869E-07  2.0898E-07  2.0926E-07  2.0952E-07  2.0978E-07  2.1003E-07  2.1027E-07
  1  2.0774E-07  2.0807E-07  2.0839E-07  2.0869E-07  2.0898E-07  2.0926E-07  2.0952E-07  2.0978E-07  2.1003E-07  2.1027E-07



          11
 11  2.1051E-07
 10  2.1051E-07
  9  2.1051E-07
  8  2.1051E-07
  7  2.1051E-07
  6  2.1051E-07
  5  2.1051E-07
  4  2.1051E-07
  3  2.1051E-07
  2  2.1051E-07
  1  2.1051E-07



                              Initial Molality (mol/kgw)

                              Component: O                             

                    Areal Layers

                                                            K =  1

           1           2           3           4           5           6           7           8           9          10
 11  1.0459E-07  1.0477E-07  1.0494E-07  1.0510E-07  1.0525E-07  1.0540E-07  1.0554E-07  1.0568E-07  1.0582E-07  1.0595E-07
 10  1.0459E-07  1.0477E-07  1.0494E-07  1.0510E-07  1.0525E-07  1.0540E-07  1.0554E-07  1.0568E-07  1.0582E-07  1.0595E-07
  9  1.0459E-07  1.0477E-07  1.0494E-07  1.0510E-07  1.0525E-07  1.0540E-07  1.0554E-07  1.0568E-07  1.0582E-07  1.0595E-07
  8  1.0459E-07  1.0477E-07  1.0494E-07  1.0510E-07  1.0525E-07  1.0540E-07  1.0554E-07  1.0568E-07  1.0582E-07  1.0595E-07
  7  1.0459E-07  1.0477E-07  1.0494E-07  1.0510E-07  1.0525E-07  1.0540E-07  1.0554E-07  1.0568E-07  1.0582E-07  1.0595E-07
  6  1.0459E-07  1.0477E-07  1.0494E-07  1.0510E-07  1.0525E-07  1.0540E-07  1.0554E-07  1.0568E-07  1.0582E-07  1.0595E-07
  5  1.0459E-07  1.0477E-07  1.0494E-07  1.0510E-07  1.0525E-07  1.0540E-07  1.0554E-07  1.0568E-07  1.0582E-07  1.0595E-07
  4  1.0459E-07  1.0477E-07  1.0494E-07  1.0510E-07  1.0525E-07  1.0540E-07  1.0554E-07  1.0568E-07  1.0582E-07  1.0595E-07
  3  1.0459E-07  1.0477E-07  1.0494E-07  1.0510E-07  1.0525E-07  1.0540E-07  1.0554E-07  1.0568E-07  1.0582E-07  1.0595E-07
  2  1.0459E-07  1.0477E-07  1.0494E-07  1.0510E-07  1.0525E-07  1.0540E-07  1.0554E-07  1.0568E-07  1.0582E-07  1.0595E-07
  1  1.0459E-07  1.0477E-07  1.0494E-07  1.0510E-07  1.0525E-07  1.0540E-07  1.0554E-07  1.0568E-07  1.0582E-07  1.0595E-07



          11
 11  1.0607E-07
 10  1.0607E-07
  9  1.0607E-07
  8  1.0607E-07
  7  1.0607E-07
  6  1.0607E-07
  5  1.0607E-07
  4  1.0607E-07
  3  1.0607E-07
  2  1.0607E-07
  1  1.0607E-07

                                                            K =  2

           1           2           3           4           5           6           7           8           9          10
 11  1.0459E-07  1.0477E-07  1.0494E-07  1.0510E-07  1.0525E-07  1.0540E-07  1.0554E-07  1.0568E-07  1.0582E-07  1.0595E-07
 10  1.0459E-07  1.0477E-07  1.0494E-07  1.0510E-07  1.0525E-07  1.0540E-07  1.0554E-07  1.0568E-07  1.0582E-07  1.0595E-07
  9  1.0459E-07  1.0477E-07  1.0494E-07  1.0510E-07  1.0525E-07  1.0540E-07  1.0554E-07  1.0568E-07  1.0582E-07  1.0595E-07
  8  1.0459E-07  1.0477E-07  1.0494E-07  1.0510E-07  1.0525E-07  1.0540E-07  1.0554E-07  1.0568E-07  1.0582E-07  1.0595E-07
  7  1.0459E-07  1.0477E-07  1.0494E-07  1.0510E-07  1.0525E-07  1.0540E-07  1.0554E-07  1.0568E-07  1.0582E-07  1.0595E-07
  6  1.0459E-07  1.0477E-07  1.0494E-07  1.0510E-07  1.0525E-07  1.0540E-07  1.0554E-07  1.0568E-07  1.0582E-07  1.0595E-07
  5  1.0459E-07  1.0477E-07  1.0494E-07  1.0510E-07  1.0525E-07  1.0540E-07  1.0554E-07  1.0568E-07  1.0582E-07  1.0595E-07
  4  1.0459E-07  1.0477E-07  1.0494E-07  1.0510E-07  1.0525E-07  1.0540E-07  1.0554E-07  1.0568E-07  1.0582E-07  1.0595E-07
  3  1.0459E-07  1.0477E-07  1.0494E-07  1.0510E-07  1.0525E-07  1.0540E-07  1.0554E-07  1.0568E-07  1.0582E-07  1.0595E-07
  2  1.0459E-07  1.0477E-07  1.0494E-07  1.0510E-07  1.0525E-07  1.0540E-07  1.0554E-07  1.0568E-07  1.0582E-07  1.0595E-07
  1  1.0459E-07  1.0477E-07  1.0494E-07  1.0510E-07  1.0525E-07  1.0540E-07  1.0554E-07  1.0568E-07  1.0582E-07  1.0595E-07



          11
 11  1.0607E-07
 10  1.0607E-07
  9  1.0607E-07
  8  1.0607E-07
  7  1.0607E-07
  6  1.0607E-07
  5  1.0607E-07
  4  1.0607E-07
  3  1.0607E-07
  2  1.0607E-07
  1  1.0607E-07



                              Initial Molality (mol/kgw)

                              Component: Charge                        

                    Areal Layers

                                                            K =  1

           1           2           3           4           5           6           7           8           9          10
 11 -1.4462E-09 -1.4656E-09 -1.4850E-09 -1.5044E-09 -1.5237E-09 -1.5431E-09 -1.5625E-09 -1.5819E-09 -1.6013E-09 -1.6207E-09
 10 -1.4462E-09 -1.4656E-09 -1.4850E-09 -1.5044E-09 -1.5237E-09 -1.5431E-09 -1.5625E-09 -1.5819E-09 -1.6013E-09 -1.6207E-09
  9 -1.4462E-09 -1.4656E-09 -1.4850E-09 -1.5044E-09 -1.5237E-09 -1.5431E-09 -1.5625E-09 -1.5819E-09 -1.6013E-09 -1.6207E-09
  8 -1.4462E-09 -1.4656E-09 -1.4850E-09 -1.5044E-09 -1.5237E-09 -1.5431E-09 -1.5625E-09 -1.5819E-09 -1.6013E-09 -1.6207E-09
  7 -1.4462E-09 -1.4656E-09 -1.4850E-09 -1.5044E-09 -1.5237E-09 -1.5431E-09 -1.5625E-09 -1.5819E-09 -1.6013E-09 -1.6207E-09
  6 -1.4462E-09 -1.4656E-09 -1.4850E-09 -1.5044E-09 -1.5237E-09 -1.5431E-09 -1.5625E-09 -1.5819E-09 -1.6013E-09 -1.6207E-09
  5 -1.4462E-09 -1.4656E-09 -1.4850E-09 -1.5044E-09 -1.5237E-09 -1.5431E-09 -1.5625E-09 -1.5819E-09 -1.6013E-09 -1.6207E-09
  4 -1.4462E-09 -1.4656E-09 -1.4850E-09 -1.5044E-09 -1.5237E-09 -1.5431E-09 -1.5625E-09 -1.5819E-09 -1.6013E-09 -1.6207E-09
  3 -1.4462E-09 -1.4656E-09 -1.4850E-09 -1.5044E-09 -1.5237E-09 -1.5431E-09 -1.5625E-09 -1.5819E-09 -1.6013E-09 -1.6207E-09
  2 -1.4462E-09 -1.4656E-09 -1.4850E-09 -1.5044E-09 -1.5237E-09 -1.5431E-09 -1.5625E-09 -1.5819E-09 -1.6013E-09 -1.6207E-09
  1 -1.4462E-09 -1.4656E-09 -1.4850E-09 -1.5044E-09 -1.5237E-09 -1.5431E-09 -1.5625E-09 -1.5819E-09 -1.6013E-09 -1.6207E-09



          11
 11 -1.6400E-09
 10 -1.6400E-09
  9 -1.6400E-09
  8 -1.6400E-09
  7 -1.6400E-09
  6 -1.6400E-09
  5 -1.6400E-09
  4 -1.6400E-09
  3 -1.6400E-09
  2 -1.6400E-09
  1 -1.6400E-09

                                                            K =  2

           1           2           3           4           5           6           7           8           9          10
 11 -1.4462E-09 -1.4656E-09 -1.4850E-09 -1.5044E-09 -1.5237E-09 -1.5431E-09 -1.5625E-09 -1.5819E-09 -1.6013E-09 -1.6207E-09
 10 -1.4462E-09 -1.4656E-09 -1.4850E-09 -1.5044E-09 -1.5237E-09 -1.5431E-09 -1.5625E-09 -1.5819E-09 -1.6013E-09 -1.6207E-09
  9 -1.4462E-09 -1.4656E-09 -1.4850E-09 -1.5044E-09 -1.5237E-09 -1.5431E-09 -1.5625E-09 -1.5819E-09 -1.6013E-09 -1.6207E-09
  8 -1.4462E-09 -1.4656E-09 -1.4850E-09 -1.5044E-09 -1.5237E-09 -1.5431E-09 -1.5625E-09 -1.5819E-09 -1.6013E-09 -1.6207E-09
  7 -1.4462E-09 -1.4656E-09 -1.4850E-09 -1.5044E-09 -1.5237E-09 -1.5431E-09 -1.5625E-09 -1.5819E-09 -1.6013E-09 -1.6207E-09
  6 -1.4462E-09 -1.4656E-09 -1.4850E-09 -1.5044E-09 -1.5237E-09 -1.5431E-09 -1.5625E-09 -1.5819E-09 -1.6013E-09 -1.6207E-09
  5 -1.4462E-09 -1.4656E-09 -1.4850E-09 -1.5044E-09 -1.5237E-09 -1.5431E-09 -1.5625E-09 -1.5819E-09 -1.6013E-09 -1.6207E-09
  4 -1.4462E-09 -1.4656E-09 -1.4850E-09 -1.5044E-09 -1.5237E-09 -1.5431E-09 -1.5625E-09 -1.5819E-09 -1.6013E-09 -1.6207E-09
  3 -1.4462E-09 -1.4656E-09 -1.4850E-09 -1.5044E-09 -1.5237E-09 -1.5431E-09 -1.5625E-09 -1.5819E-09 -1.6013E-09 -1.6207E-09
  2 -1.4462E-09 -1.4656E-09 -1.4850E-09 -1.5044E-09 -1.5237E-09 -1.5431E-09 -1.5625E-09 -1.5819E-09 -1.6013E-09 -1.6207E-09
  1 -1.4462E-09 -1.4656E-09 -1.4850E-09 -1.5044E-09 -1.5237E-09 -1.5431E-09 -1.5625E-09 -1.5819E-09 -1.6013E-09 -1.6207E-09



          11
 11 -1.6400E-09
 10 -1.6400E-09
  9 -1.6400E-09
  8 -1.6400E-09
  7 -1.6400E-09
  6 -1.6400E-09
  5 -1.6400E-09
  4 -1.6400E-09
  3 -1.6400E-09
  2 -1.6400E-09
  1 -1.6400E-09



                              Initial Molality (mol/kgw)

                              Component: Cl                            

                    Areal Layers

                                                            K =  1

           1           2           3           4           5           6           7           8           9          10
 11  9.9703E-04  1.0967E-03  1.1964E-03  1.2961E-03  1.3958E-03  1.4955E-03  1.5952E-03  1.6949E-03  1.7946E-03  1.8943E-03
 10  9.9703E-04  1.0967E-03  1.1964E-03  1.2961E-03  1.3958E-03  1.4955E-03  1.5952E-03  1.6949E-03  1.7946E-03  1.8943E-03
  9  9.9703E-04  1.0967E-03  1.1964E-03  1.2961E-03  1.3958E-03  1.4955E-03  1.5952E-03  1.6949E-03  1.7946E-03  1.8943E-03
  8  9.9703E-04  1.0967E-03  1.1964E-03  1.2961E-03  1.3958E-03  1.4955E-03  1.5952E-03  1.6949E-03  1.7946E-03  1.8943E-03
  7  9.9703E-04  1.0967E-03  1.1964E-03  1.2961E-03  1.3958E-03  1.4955E-03  1.5952E-03  1.6949E-03  1.7946E-03  1.8943E-03
  6  9.9703E-04  1.0967E-03  1.1964E-03  1.2961E-03  1.3958E-03  1.4955E-03  1.5952E-03  1.6949E-03  1.7946E-03  1.8943E-03
  5  9.9703E-04  1.0967E-03  1.1964E-03  1.2961E-03  1.3958E-03  1.4955E-03  1.5952E-03  1.6949E-03  1.7946E-03  1.8943E-03
  4  9.9703E-04  1.0967E-03  1.1964E-03  1.2961E-03  1.3958E-03  1.4955E-03  1.5952E-03  1.6949E-03  1.7946E-03  1.8943E-03
  3  9.9703E-04  1.0967E-03  1.1964E-03  1.2961E-03  1.3958E-03  1.4955E-03  1.5952E-03  1.6949E-03  1.7946E-03  1.8943E-03
  2  9.9703E-04  1.0967E-03  1.1964E-03  1.2961E-03  1.3958E-03  1.4955E-03  1.5952E-03  1.6949E-03  1.7946E-03  1.8943E-03
  1  9.9703E-04  1.0967E-03  1.1964E-03  1.2961E-03  1.3958E-03  1.4955E-03  1.5952E-03  1.6949E-03  1.7946E-03  1.8943E-03



          11
 11  1.9940E-03
 10  1.9940E-03
  9  1.9940E-03
  8  1.9940E-03
  7  1.9940E-03
  6  1.9940E-03
  5  1.9940E-03
  4  1.9940E-03
  3  1.9940E-03
  2  1.9940E-03
  1  1.9940E-03

                                                            K =  2

           1           2           3           4           5           6           7           8           9          10
 11  9.9703E-04  1.0967E-03  1.1964E-03  1.2961E-03  1.3958E-03  1.4955E-03  1.5952E-03  1.6949E-03  1.7946E-03  1.8943E-03
 10  9.9703E-04  1.0967E-03  1.1964E-03  1.2961E-03  1.3958E-03  1.4955E-03  1.5952E-03  1.6949E-03  1.7946E-03  1.8943E-03
  9  9.9703E-04  1.0967E-03  1.1964E-03  1.2961E-03  1.3958E-03  1.4955E-03  1.5952E-03  1.6949E-03  1.7946E-03  1.8943E-03
  8  9.9703E-04  1.0967E-03  1.1964E-03  1.2961E-03  1.3958E-03  1.4955E-03  1.5952E-03  1.6949E-03  1.7946E-03  1.8943E-03
  7  9.9703E-04  1.0967E-03  1.1964E-03  1.2961E-03  1.3958E-03  1.4955E-03  1.5952E-03  1.6949E-03  1.7946E-03  1.8943E-03
  6  9.9703E-04  1.0967E-03  1.1964E-03  1.2961E-03  1.3958E-03  1.4955E-03  1.5952E-03  1.6949E-03  1.7946E-03  1.8943E-03
  5  9.9703E-04  1.0967E-03  1.1964E-03  1.2961E-03  1.3958E-03  1.4955E-03  1.5952E-03  1.6949E-03  1.7946E-03  1.8943E-03
  4  9.9703E-04  1.0967E-03  1.1964E-03  1.2961E-03  1.3958E-03  1.4955E-03  1.5952E-03  1.6949E-03  1.7946E-03  1.8943E-03
  3  9.9703E-04  1.0967E-03  1.1964E-03  1.2961E-03  1.3958E-03  1.4955E-03  1.5952E-03  1.6949E-03  1.7946E-03  1.8943E-03
  2  9.9703E-04  1.0967E-03  1.1964E-03  1.2961E-03  1.3958E-03  1.4955E-03  1.5952E-03  1.6949E-03  1.7946E-03  1.8943E-03
  1  9.9703E-04  1.0967E-03  1.1964E-03  1.2961E-03  1.3958E-03  1.4955E-03  1.5952E-03  1.6949E-03  1.7946E-03  1.8943E-03



          11
 11  1.9940E-03
 10  1.9940E-03
  9  1.9940E-03
  8  1.9940E-03
  7  1.9940E-03
  6  1.9940E-03
  5  1.9940E-03
  4  1.9940E-03
  3  1.9940E-03
  2  1.9940E-03
  1  1.9940E-03



                              Initial Molality (mol/kgw)

                              Component: Na                            

                    Areal Layers

                                                            K =  1

           1           2           3           4           5           6           7           8           9          10
 11  9.9703E-04  1.0967E-03  1.1964E-03  1.2961E-03  1.3958E-03  1.4955E-03  1.5952E-03  1.6949E-03  1.7946E-03  1.8943E-03
 10  9.9703E-04  1.0967E-03  1.1964E-03  1.2961E-03  1.3958E-03  1.4955E-03  1.5952E-03  1.6949E-03  1.7946E-03  1.8943E-03
  9  9.9703E-04  1.0967E-03  1.1964E-03  1.2961E-03  1.3958E-03  1.4955E-03  1.5952E-03  1.6949E-03  1.7946E-03  1.8943E-03
  8  9.9703E-04  1.0967E-03  1.1964E-03  1.2961E-03  1.3958E-03  1.4955E-03  1.5952E-03  1.6949E-03  1.7946E-03  1.8943E-03
  7  9.9703E-04  1.0967E-03  1.1964E-03  1.2961E-03  1.3958E-03  1.4955E-03  1.5952E-03  1.6949E-03  1.7946E-03  1.8943E-03
  6  9.9703E-04  1.0967E-03  1.1964E-03  1.2961E-03  1.3958E-03  1.4955E-03  1.5952E-03  1.6949E-03  1.7946E-03  1.8943E-03
  5  9.9703E-04  1.0967E-03  1.1964E-03  1.2961E-03  1.3958E-03  1.4955E-03  1.5952E-03  1.6949E-03  1.7946E-03  1.8943E-03
  4  9.9703E-04  1.0967E-03  1.1964E-03  1.2961E-03  1.3958E-03  1.4955E-03  1.5952E-03  1.6949E-03  1.7946E-03  1.8943E-03
  3  9.9703E-04  1.0967E-03  1.1964E-03  1.2961E-03  1.3958E-03  1.4955E-03  1.5952E-03  1.6949E-03  1.7946E-03  1.8943E-03
  2  9.9703E-04  1.0967E-03  1.1964E-03  1.2961E-03  1.3958E-03  1.4955E-03  1.5952E-03  1.6949E-03  1.7946E-03  1.8943E-03
  1  9.9703E-04  1.0967E-03  1.1964E-03  1.2961E-03  1.3958E-03  1.4955E-03  1.5952E-03  1.6949E-03  1.7946E-03  1.8943E-03



          11
 11  1.9940E-03
 10  1.9940E-03
  9  1.9940E-03
  8  1.9940E-03
  7  1.9940E-03
  6  1.9940E-03
  5  1.9940E-03
  4  1.9940E-03
  3  1.9940E-03
  2  1.9940E-03
  1  1.9940E-03

                                                            K =  2

           1           2           3           4           5           6           7           8           9          10
 11  9.9703E-04  1.0967E-03  1.1964E-03  1.2961E-03  1.3958E-03  1.4955E-03  1.5952E-03  1.6949E-03  1.7946E-03  1.8943E-03
 10  9.9703E-04  1.0967E-03  1.1964E-03  1.2961E-03  1.3958E-03  1.4955E-03  1.5952E-03  1.6949E-03  1.7946E-03  1.8943E-03
  9  9.9703E-04  1.0967E-03  1.1964E-03  1.2961E-03  1.3958E-03  1.4955E-03  1.5952E-03  1.6949E-03  1.7946E-03  1.8943E-03
  8  9.9703E-04  1.0967E-03  1.1964E-03  1.2961E-03  1.3958E-03  1.4955E-03  1.5952E-03  1.6949E-03  1.7946E-03  1.8943E-03
  7  9.9703E-04  1.0967E-03  1.1964E-03  1.2961E-03  1.3958E-03  1.4955E-03  1.5952E-03  1.6949E-03  1.7946E-03  1.8943E-03
  6  9.9703E-04  1.0967E-03  1.1964E-03  1.2961E-03  1.3958E-03  1.4955E-03  1.5952E-03  1.6949E-03  1.7946E-03  1.8943E-03
  5  9.9703E-04  1.0967E-03  1.1964E-03  1.2961E-03  1.3958E-03  1.4955E-03  1.5952E-03  1.6949E-03  1.7946E-03  1.8943E-03
  4  9.9703E-04  1.0967E-03  1.1964E-03  1.2961E-03  1.3958E-03  1.4955E-03  1.5952E-03  1.6949E-03  1.7946E-03  1.8943E-03
  3  9.9703E-04  1.0967E-03  1.1964E-03  1.2961E-03  1.3958E-03  1.4955E-03  1.5952E-03  1.6949E-03  1.7946E-03  1.8943E-03
  2  9.9703E-04  1.0967E-03  1.1964E-03  1.2961E-03  1.3958E-03  1.4955E-03  1.5952E-03  1.6949E-03  1.7946E-03  1.8943E-03
  1  9.9703E-04  1.0967E-03  1.1964E-03  1.2961E-03  1.3958E-03  1.4955E-03  1.5952E-03  1.6949E-03  1.7946E-03  1.8943E-03



          11
 11  1.9940E-03
 10  1.9940E-03
  9  1.9940E-03
  8  1.9940E-03
  7  1.9940E-03
  6  1.9940E-03
  5  1.9940E-03
  4  1.9940E-03
  3  1.9940E-03
  2  1.9940E-03
  1  1.9940E-03



                              *** Output at End of Time Step No.     1 ***

     Time .......................................................   0.500      (s)
     Maximum change in H2O                      1.5708E-02 (mol/kgw)   at location (  0.00    ,  0.00    ,  0.00    )(m )

                              Molality (mol/kgw)

                              Component: H2O                           

                    Areal Layers

                                                            K =  1

           1           2           3           4           5           6           7           8           9          10
 11   55.36       55.34       55.34       55.34       55.34       55.34       55.34       55.34       55.34       55.34    
 10   55.36       55.34       55.34       55.34       55.34       55.34       55.34       55.34       55.34       55.34    
  9   55.36       55.34       55.34       55.34       55.34       55.34       55.34       55.34       55.34       55.34    
  8   55.36       55.34       55.34       55.34       55.34       55.34       55.34       55.34       55.34       55.34    
  7   55.36       55.34       55.34       55.34       55.34       55.34       55.34       55.34       55.34       55.34    
  6   55.36       55.34       55.34       55.34       55.34       55.34       55.34       55.34       55.34       55.34    
  5   55.36       55.34       55.34       55.34       55.34       55.34       55.34       55.34       55.34       55.34    
  4   55.36       55.34       55.34       55.34       55.34       55.34       55.34       55.34       55.34       55.34    
  3   55.36       55.34       55.34       55.34       55.34       55.34       55.34       55.34       55.34       55.34    
  2   55.36       55.34       55.34       55.34       55.34       55.34       55.34       55.34       55.34       55.34    
  1   55.36       55.34       55.34       55.34       55.34       55.34       55.34       55.34       55.34       55.34    



          11
 11   55.34    
 10   55.34    
  9   55.34    
  8   55.34    
  7   55.34    
  6   55.34    
  5   55.34    
  4   55.34    
  3   55.34    
  2   55.34    
  1   55.34    

                                                            K =  2

           1           2           3           4           5           6           7           8           9          10
 11   55.36       55.34       55.34       55.34       55.34       55.34       55.34       55.34       55.34       55.34    
 10   55.36       55.34       55.34       55.34       55.34       55.34       55.34       55.34       55.34       55.34    
  9   55.36       55.34       55.34       55.34       55.34       55.34       55.34       55.34       55.34       55.34    
  8   55.36       55.34       55.34       55.34       55.34       55.34       55.34       55.34       55.34       55.34    
  7   55.36       55.34       55.34       55.34       55.34       55.34       55.34       55.34       55.34       55.34    
  6   55.36       55.34       55.34       55.34       55.34       55.34       55.34       55.34       55.34       55.34    
  5   55.36       55.34       55.34       55.34       55.34       55.34       55.34       55.34       55.34       55.34    
  4   55.36       55.34       55.34       55.34       55.34       55.34       55.34       55.34       55.34       55.34    
  3   55.36       55.34       55.34       55.34       55.34       55.34       55.34       55.34       55.34       55.34    
  2   55.36       55.34       55.34       55.34       55.34       55.34       55.34       55.34       55.34       55.34    
  1   55.36       55.34       55.34       55.34       55.34       55.34       55.34       55.34       55.34       55.34    



          11
 11   55.34    
 10   55.34    
  9   55.34    
  8   55.34    
  7   55.34    
  6   55.34    
  5   55.34    
  4   55.34    
  3   55.34    
  2   55.34    
  1   55.34    


     Maximum change in H                        3.1512E-10 (mol/kgw)   at location (  0.00    ,  10.0    ,  0.00    )(m )

                              Molality (mol/kgw)

                              Component: H                             

                    Areal Layers

                                                            K =  1

           1           2           3           4           5           6           7           8           9          10
 11  2.0811E-07  2.0806E-07  2.0837E-07  2.0867E-07  2.0896E-07  2.0924E-07  2.0951E-07  2.0977E-07  2.1002E-07  2.1026E-07
 10  2.0811E-07  2.0806E-07  2.0837E-07  2.0867E-07  2.0896E-07  2.0924E-07  2.0951E-07  2.0977E-07  2.1002E-07  2.1026E-07
  9  2.0811E-07  2.0806E-07  2.0837E-07  2.0867E-07  2.0896E-07  2.0924E-07  2.0951E-07  2.0977E-07  2.1002E-07  2.1026E-07
  8  2.0811E-07  2.0806E-07  2.0837E-07  2.0867E-07  2.0896E-07  2.0924E-07  2.0951E-07  2.0977E-07  2.1002E-07  2.1026E-07
  7  2.0811E-07  2.0806E-07  2.0837E-07  2.0867E-07  2.0896E-07  2.0924E-07  2.0951E-07  2.0977E-07  2.1002E-07  2.1026E-07
  6  2.0795E-07  2.0806E-07  2.0837E-07  2.0867E-07  2.0896E-07  2.0924E-07  2.0951E-07  2.0977E-07  2.1002E-07  2.1026E-07
  5  2.0779E-07  2.0806E-07  2.0837E-07  2.0867E-07  2.0896E-07  2.0924E-07  2.0951E-07  2.0977E-07  2.1002E-07  2.1026E-07
  4  2.0779E-07  2.0806E-07  2.0837E-07  2.0867E-07  2.0896E-07  2.0924E-07  2.0951E-07  2.0977E-07  2.1002E-07  2.1026E-07
  3  2.0779E-07  2.0806E-07  2.0837E-07  2.0867E-07  2.0896E-07  2.0924E-07  2.0951E-07  2.0977E-07  2.1002E-07  2.1026E-07
  2  2.0779E-07  2.0806E-07  2.0837E-07  2.0867E-07  2.0896E-07  2.0924E-07  2.0951E-07  2.0977E-07  2.1002E-07  2.1026E-07
  1  2.0779E-07  2.0806E-07  2.0837E-07  2.0867E-07  2.0896E-07  2.0924E-07  2.0951E-07  2.0977E-07  2.1002E-07  2.1026E-07



          11
 11  2.1050E-07
 10  2.1050E-07
  9  2.1050E-07
  8  2.1050E-07
  7  2.1050E-07
  6  2.1050E-07
  5  2.1050E-07
  4  2.1050E-07
  3  2.1050E-07
  2  2.1050E-07
  1  2.1050E-07

                                                            K =  2

           1           2           3           4           5           6           7           8           9          10
 11  2.0811E-07  2.0806E-07  2.0837E-07  2.0867E-07  2.0896E-07  2.0924E-07  2.0951E-07  2.0977E-07  2.1002E-07  2.1026E-07
 10  2.0811E-07  2.0806E-07  2.0837E-07  2.0867E-07  2.0896E-07  2.0924E-07  2.0951E-07  2.0977E-07  2.1002E-07  2.1026E-07
  9  2.0811E-07  2.0806E-07  2.0837E-07  2.0867E-07  2.0896E-07  2.0924E-07  2.0951E-07  2.0977E-07  2.1002E-07  2.1026E-07
  8  2.0811E-07  2.0806E-07  2.0837E-07  2.0867E-07  2.0896E-07  2.0924E-07  2.0951E-07  2.0977E-07  2.1002E-07  2.1026E-07
  7  2.0811E-07  2.0806E-07  2.0837E-07  2.0867E-07  2.0896E-07  2.0924E-07  2.0951E-07  2.0977E-07  2.1002E-07  2.1026E-07
  6  2.0795E-07  2.0806E-07  2.0837E-07  2.0867E-07  2.0896E-07  2.0924E-07  2.0951E-07  2.0977E-07  2.1002E-07  2.1026E-07
  5  2.0779E-07  2.0806E-07  2.0837E-07  2.0867E-07  2.0896E-07  2.0924E-07  2.0951E-07  2.0977E-07  2.1002E-07  2.1026E-07
  4  2.0779E-07  2.0806E-07  2.0837E-07  2.0867E-07  2.0896E-07  2.0924E-07  2.0951E-07  2.0977E-07  2.1002E-07  2.1026E-07
  3  2.0779E-07  2.0806E-07  2.0837E-07  2.0867E-07  2.0896E-07  2.0924E-07  2.0951E-07  2.0977E-07  2.1002E-07  2.1026E-07
  2  2.0779E-07  2.0806E-07  2.0837E-07  2.0867E-07  2.0896E-07  2.0924E-07  2.0951E-07  2.0977E-07  2.1002E-07  2.1026E-07
  1  2.0779E-07  2.0806E-07  2.0837E-07  2.0867E-07  2.0896E-07  2.0924E-07  2.0951E-07  2.0977E-07  2.1002E-07  2.1026E-07



          11
 11  2.1050E-07
 10  2.1050E-07
  9  2.1050E-07
  8  2.1050E-07
  7  2.1050E-07
  6  2.1050E-07
  5  2.1050E-07
  4  2.1050E-07
  3  2.1050E-07
  2  2.1050E-07
  1  2.1050E-07


     Maximum change in O                        1.6683E-10 (mol/kgw)   at location (  0.00    ,  10.0    ,  0.00    )(m )

                              Molality (mol/kgw)

                              Component: O                             

                    Areal Layers

                                                            K =  1

           1           2           3           4           5           6           7           8           9          10
 11  1.0479E-07  1.0476E-07  1.0493E-07  1.0509E-07  1.0524E-07  1.0539E-07  1.0554E-07  1.0567E-07  1.0581E-07  1.0599E-07
 10  1.0479E-07  1.0476E-07  1.0493E-07  1.0509E-07  1.0524E-07  1.0539E-07  1.0554E-07  1.0567E-07  1.0581E-07  1.0599E-07
  9  1.0479E-07  1.0476E-07  1.0493E-07  1.0509E-07  1.0524E-07  1.0539E-07  1.0554E-07  1.0567E-07  1.0581E-07  1.0599E-07
  8  1.0479E-07  1.0476E-07  1.0493E-07  1.0509E-07  1.0524E-07  1.0539E-07  1.0554E-07  1.0567E-07  1.0581E-07  1.0599E-07
  7  1.0479E-07  1.0476E-07  1.0493E-07  1.0509E-07  1.0524E-07  1.0539E-07  1.0554E-07  1.0567E-07  1.0581E-07  1.0599E-07
  6  1.0471E-07  1.0476E-07  1.0493E-07  1.0509E-07  1.0524E-07  1.0539E-07  1.0554E-07  1.0567E-07  1.0581E-07  1.0599E-07
  5  1.0462E-07  1.0476E-07  1.0493E-07  1.0509E-07  1.0524E-07  1.0539E-07  1.0554E-07  1.0567E-07  1.0581E-07  1.0599E-07
  4  1.0462E-07  1.0476E-07  1.0493E-07  1.0509E-07  1.0524E-07  1.0539E-07  1.0554E-07  1.0567E-07  1.0581E-07  1.0599E-07
  3  1.0462E-07  1.0476E-07  1.0493E-07  1.0509E-07  1.0524E-07  1.0539E-07  1.0554E-07  1.0567E-07  1.0581E-07  1.0599E-07
  2  1.0462E-07  1.0476E-07  1.0493E-07  1.0509E-07  1.0524E-07  1.0539E-07  1.0554E-07  1.0567E-07  1.0581E-07  1.0599E-07
  1  1.0462E-07  1.0476E-07  1.0493E-07  1.0509E-07  1.0524E-07  1.0539E-07  1.0554E-07  1.0567E-07  1.0581E-07  1.0599E-07



          11
 11  1.0608E-07
 10  1.0608E-07
  9  1.0608E-07
  8  1.0608E-07
  7  1.0608E-07
  6  1.0608E-07
  5  1.0608E-07
  4  1.0608E-07
  3  1.0608E-07
  2  1.0608E-07
  1  1.0608E-07

                                                            K =  2

           1           2           3           4           5           6           7           8           9          10
 11  1.0479E-07  1.0476E-07  1.0493E-07  1.0509E-07  1.0524E-07  1.0539E-07  1.0554E-07  1.0567E-07  1.0581E-07  1.0599E-07
 10  1.0479E-07  1.0476E-07  1.0493E-07  1.0509E-07  1.0524E-07  1.0539E-07  1.0554E-07  1.0567E-07  1.0581E-07  1.0599E-07
  9  1.0479E-07  1.0476E-07  1.0493E-07  1.0509E-07  1.0524E-07  1.0539E-07  1.0554E-07  1.0567E-07  1.0581E-07  1.0599E-07
  8  1.0479E-07  1.0476E-07  1.0493E-07  1.0509E-07  1.0524E-07  1.0539E-07  1.0554E-07  1.0567E-07  1.0581E-07  1.0599E-07
  7  1.0479E-07  1.0476E-07  1.0493E-07  1.0509E-07  1.0524E-07  1.0539E-07  1.0554E-07  1.0567E-07  1.0581E-07  1.0599E-07
  6  1.0471E-07  1.0476E-07  1.0493E-07  1.0509E-07  1.0524E-07  1.0539E-07  1.0554E-07  1.0567E-07  1.0581E-07  1.0599E-07
  5  1.0462E-07  1.0476E-07  1.0493E-07  1.0509E-07  1.0524E-07  1.0539E-07  1.0554E-07  1.0567E-07  1.0581E-07  1.0599E-07
  4  1.0462E-07  1.0476E-07  1.0493E-07  1.0509E-07  1.0524E-07  1.0539E-07  1.0554E-07  1.0567E-07  1.0581E-07  1.0599E-07
  3  1.0462E-07  1.0476E-07  1.0493E-07  1.0509E-07  1.0524E-07  1.0539E-07  1.0554E-07  1.0567E-07  1.0581E-07  1.0599E-07
  2  1.0462E-07  1.0476E-07  1.0493E-07  1.0509E-07  1.0524E-07  1.0539E-07  1.0554E-07  1.0567E-07  1.0581E-07  1.0599E-07
  1  1.0462E-07  1.0476E-07  1.0493E-07  1.0509E-07  1.0524E-07  1.0539E-07  1.0554E-07  1.0567E-07  1.0581E-07  1.0599E-07



          11
 11  1.0608E-07
 10  1.0608E-07
  9  1.0608E-07
  8  1.0608E-07
  7  1.0608E-07
  6  1.0608E-07
  5  1.0608E-07
  4  1.0608E-07
  3  1.0608E-07
  2  1.0608E-07
  1  1.0608E-07


     Maximum change in Charge                  -1.8537E-11 (mol/kgw)   at location (  0.00    ,  10.0    ,  0.00    )(m )

                              Molality (mol/kgw)

                              Component: Charge                        

                    Areal Layers

                                                            K =  1

           1           2           3           4           5           6           7           8           9          10
 11 -1.4647E-09 -1.4650E-09 -1.4841E-09 -1.5035E-09 -1.5229E-09 -1.5423E-09 -1.5617E-09 -1.5811E-09 -1.6005E-09 -1.6197E-09
 10 -1.4647E-09 -1.4650E-09 -1.4841E-09 -1.5035E-09 -1.5229E-09 -1.5423E-09 -1.5617E-09 -1.5811E-09 -1.6005E-09 -1.6197E-09
  9 -1.4647E-09 -1.4650E-09 -1.4841E-09 -1.5035E-09 -1.5229E-09 -1.5423E-09 -1.5617E-09 -1.5811E-09 -1.6005E-09 -1.6197E-09
  8 -1.4647E-09 -1.4650E-09 -1.4841E-09 -1.5035E-09 -1.5229E-09 -1.5423E-09 -1.5617E-09 -1.5811E-09 -1.6005E-09 -1.6197E-09
  7 -1.4647E-09 -1.4650E-09 -1.4841E-09 -1.5035E-09 -1.5229E-09 -1.5423E-09 -1.5617E-09 -1.5811E-09 -1.6005E-09 -1.6197E-09
  6 -1.4553E-09 -1.4649E-09 -1.4841E-09 -1.5035E-09 -1.5229E-09 -1.5423E-09 -1.5617E-09 -1.5811E-09 -1.6005E-09 -1.6197E-09
  5 -1.4459E-09 -1.4648E-09 -1.4841E-09 -1.5035E-09 -1.5229E-09 -1.5423E-09 -1.5617E-09 -1.5811E-09 -1.6005E-09 -1.6197E-09
  4 -1.4459E-09 -1.4648E-09 -1.4841E-09 -1.5035E-09 -1.5229E-09 -1.5423E-09 -1.5617E-09 -1.5811E-09 -1.6005E-09 -1.6197E-09
  3 -1.4459E-09 -1.4648E-09 -1.4841E-09 -1.5035E-09 -1.5229E-09 -1.5423E-09 -1.5617E-09 -1.5811E-09 -1.6005E-09 -1.6197E-09
  2 -1.4459E-09 -1.4648E-09 -1.4841E-09 -1.5035E-09 -1.5229E-09 -1.5423E-09 -1.5617E-09 -1.5811E-09 -1.6005E-09 -1.6197E-09
  1 -1.4459E-09 -1.4648E-09 -1.4841E-09 -1.5035E-09 -1.5229E-09 -1.5423E-09 -1.5617E-09 -1.5811E-09 -1.6005E-09 -1.6197E-09



          11
 11 -1.6390E-09
 10 -1.6390E-09
  9 -1.6390E-09
  8 -1.6390E-09
  7 -1.6390E-09
  6 -1.6390E-09
  5 -1.6390E-09
  4 -1.6390E-09
  3 -1.6390E-09
  2 -1.6390E-09
  1 -1.6390E-09

                                                            K =  2

           1           2           3           4           5           6           7           8           9          10
 11 -1.4647E-09 -1.4650E-09 -1.4841E-09 -1.5035E-09 -1.5229E-09 -1.5423E-09 -1.5617E-09 -1.5811E-09 -1.6005E-09 -1.6197E-09
 10 -1.4647E-09 -1.4650E-09 -1.4841E-09 -1.5035E-09 -1.5229E-09 -1.5423E-09 -1.5617E-09 -1.5811E-09 -1.6005E-09 -1.6197E-09
  9 -1.4647E-09 -1.4650E-09 -1.4841E-09 -1.5035E-09 -1.5229E-09 -1.5423E-09 -1.5617E-09 -1.5811E-09 -1.6005E-09 -1.6197E-09
  8 -1.4647E-09 -1.4650E-09 -1.4841E-09 -1.5035E-09 -1.5229E-09 -1.5423E-09 -1.5617E-09 -1.5811E-09 -1.6005E-09 -1.6197E-09
  7 -1.4647E-09 -1.4650E-09 -1.4841E-09 -1.5035E-09 -1.5229E-09 -1.5423E-09 -1.5617E-09 -1.5811E-09 -1.6005E-09 -1.6197E-09
  6 -1.4553E-09 -1.4649E-09 -1.4841E-09 -1.5035E-09 -1.5229E-09 -1.5423E-09 -1.5617E-09 -1.5811E-09 -1.6005E-09 -1.6197E-09
  5 -1.4459E-09 -1.4648E-09 -1.4841E-09 -1.5035E-09 -1.5229E-09 -1.5423E-09 -1.5617E-09 -1.5811E-09 -1.6005E-09 -1.6197E-09
  4 -1.4459E-09 -1.4648E-09 -1.4841E-09 -1.5035E-09 -1.5229E-09 -1.5423E-09 -1.5617E-09 -1.5811E-09 -1.6005E-09 -1.6197E-09
  3 -1.4459E-09 -1.4648E-09 -1.4841E-09 -1.5035E-09 -1.5229E-09 -1.5423E-09 -1.5617E-09 -1.5811E-09 -1.6005E-09 -1.6197E-09
  2 -1.4459E-09 -1.4648E-09 -1.4841E-09 -1.5035E-09 -1.5229E-09 -1.5423E-09 -1.5617E-09 -1.5811E-09 -1.6005E-09 -1.6197E-09
  1 -1.4459E-09 -1.4648E-09 -1.4841E-09 -1.5035E-09 -1.5229E-09 -1.5423E-09 -1.5617E-09 -1.5811E-09 -1.6005E-09 -1.6197E-09



          11
 11 -1.6390E-09
 10 -1.6390E-09
  9 -1.6390E-09
  8 -1.6390E-09
  7 -1.6390E-09
  6 -1.6390E-09
  5 -1.6390E-09
  4 -1.6390E-09
  3 -1.6390E-09
  2 -1.6390E-09
  1 -1.6390E-09


     Maximum change in Cl                       9.3550E-05 (mol/kgw)   at location (  0.00    ,  10.0    ,  0.00    )(m )

                              Molality (mol/kgw)

                              Component: Cl                            

                    Areal Layers

                                                            K =  1

           1           2           3           4           5           6           7           8           9          10
 11  1.0906E-03  1.0932E-03  1.1915E-03  1.2911E-03  1.3908E-03  1.4905E-03  1.5902E-03  1.6899E-03  1.7896E-03  1.8893E-03
 10  1.0906E-03  1.0932E-03  1.1915E-03  1.2911E-03  1.3908E-03  1.4905E-03  1.5902E-03  1.6899E-03  1.7896E-03  1.8893E-03
  9  1.0906E-03  1.0932E-03  1.1915E-03  1.2911E-03  1.3908E-03  1.4905E-03  1.5902E-03  1.6899E-03  1.7896E-03  1.8893E-03
  8  1.0906E-03  1.0932E-03  1.1915E-03  1.2911E-03  1.3908E-03  1.4905E-03  1.5902E-03  1.6899E-03  1.7896E-03  1.8893E-03
  7  1.0905E-03  1.0932E-03  1.1915E-03  1.2911E-03  1.3908E-03  1.4905E-03  1.5902E-03  1.6899E-03  1.7896E-03  1.8893E-03
  6  1.0421E-03  1.0925E-03  1.1915E-03  1.2911E-03  1.3908E-03  1.4905E-03  1.5902E-03  1.6899E-03  1.7896E-03  1.8893E-03
  5  9.9365E-04  1.0918E-03  1.1914E-03  1.2911E-03  1.3908E-03  1.4905E-03  1.5902E-03  1.6899E-03  1.7896E-03  1.8893E-03
  4  9.9353E-04  1.0918E-03  1.1914E-03  1.2911E-03  1.3908E-03  1.4905E-03  1.5902E-03  1.6899E-03  1.7896E-03  1.8893E-03
  3  9.9353E-04  1.0918E-03  1.1914E-03  1.2911E-03  1.3908E-03  1.4905E-03  1.5902E-03  1.6899E-03  1.7896E-03  1.8893E-03
  2  9.9353E-04  1.0918E-03  1.1914E-03  1.2911E-03  1.3908E-03  1.4905E-03  1.5902E-03  1.6899E-03  1.7896E-03  1.8893E-03
  1  9.9353E-04  1.0918E-03  1.1914E-03  1.2911E-03  1.3908E-03  1.4905E-03  1.5902E-03  1.6899E-03  1.7896E-03  1.8893E-03



          11
 11  1.9881E-03
 10  1.9881E-03
  9  1.9881E-03
  8  1.9881E-03
  7  1.9881E-03
  6  1.9881E-03
  5  1.9881E-03
  4  1.9881E-03
  3  1.9881E-03
  2  1.9881E-03
  1  1.9881E-03

                                                            K =  2

           1           2           3           4           5           6           7           8           9          10
 11  1.0906E-03  1.0932E-03  1.1915E-03  1.2911E-03  1.3908E-03  1.4905E-03  1.5902E-03  1.6899E-03  1.7896E-03  1.8893E-03
 10  1.0906E-03  1.0932E-03  1.1915E-03  1.2911E-03  1.3908E-03  1.4905E-03  1.5902E-03  1.6899E-03  1.7896E-03  1.8893E-03
  9  1.0906E-03  1.0932E-03  1.1915E-03  1.2911E-03  1.3908E-03  1.4905E-03  1.5902E-03  1.6899E-03  1.7896E-03  1.8893E-03
  8  1.0906E-03  1.0932E-03  1.1915E-03  1.2911E-03  1.3908E-03  1.4905E-03  1.5902E-03  1.6899E-03  1.7896E-03  1.8893E-03
  7  1.0905E-03  1.0932E-03  1.1915E-03  1.2911E-03  1.3908E-03  1.4905E-03  1.5902E-03  1.6899E-03  1.7896E-03  1.8893E-03
  6  1.0421E-03  1.0925E-03  1.1915E-03  1.2911E-03  1.3908E-03  1.4905E-03  1.5902E-03  1.6899E-03  1.7896E-03  1.8893E-03
  5  9.9365E-04  1.0918E-03  1.1914E-03  1.2911E-03  1.3908E-03  1.4905E-03  1.5902E-03  1.6899E-03  1.7896E-03  1.8893E-03
  4  9.9353E-04  1.0918E-03  1.1914E-03  1.2911E-03  1.3908E-03  1.4905E-03  1.5902E-03  1.6899E-03  1.7896E-03  1.8893E-03
  3  9.9353E-04  1.0918E-03  1.1914E-03  1.2911E-03  1.3908E-03  1.4905E-03  1.5902E-03  1.6899E-03  1.7896E-03  1.8893E-03
  2  9.9353E-04  1.0918E-03  1.1914E-03  1.2911E-03  1.3908E-03  1.4905E-03  1.5902E-03  1.6899E-03  1.7896E-03  1.8893E-03
  1  9.9353E-04  1.0918E-03  1.1914E-03  1.2911E-03  1.3908E-03  1.4905E-03  1.5902E-03  1.6899E-03  1.7896E-03  1.8893E-03



          11
 11  1.9881E-03
 10  1.9881E-03
  9  1.9881E-03
  8  1.9881E-03
  7  1.9881E-03
  6  1.9881E-03
  5  1.9881E-03
  4  1.9881E-03
  3  1.9881E-03
  2  1.9881E-03
  1  1.9881E-03


     Maximum change in Na                       9.3550E-05 (mol/kgw)   at location (  0.00    ,  10.0    ,  0.00    )(m )

                              Molality (mol/kgw)

                              Component: Na                            

                    Areal Layers

                                                            K =  1

           1           2           3           4           5           6           7           8           9          10
 11  1.0906E-03  1.0932E-03  1.1915E-03  1.2911E-03  1.3908E-03  1.4905E-03  1.5902E-03  1.6899E-03  1.7896E-03  1.8893E-03
 10  1.0906E-03  1.0932E-03  1.1915E-03  1.2911E-03  1.3908E-03  1.4905E-03  1.5902E-03  1.6899E-03  1.7896E-03  1.8893E-03
  9  1.0906E-03  1.0932E-03  1.1915E-03  1.2911E-03  1.3908E-03  1.4905E-03  1.5902E-03  1.6899E-03  1.7896E-03  1.8893E-03
  8  1.0906E-03  1.0932E-03  1.1915E-03  1.2911E-03  1.3908E-03  1.4905E-03  1.5902E-03  1.6899E-03  1.7896E-03  1.8893E-03
  7  1.0905E-03  1.0932E-03  1.1915E-03  1.2911E-03  1.3908E-03  1.4905E-03  1.5902E-03  1.6899E-03  1.7896E-03  1.8893E-03
  6  1.0421E-03  1.0925E-03  1.1915E-03  1.2911E-03  1.3908E-03  1.4905E-03  1.5902E-03  1.6899E-03  1.7896E-03  1.8893E-03
  5  9.9365E-04  1.0918E-03  1.1914E-03  1.2911E-03  1.3908E-03  1.4905E-03  1.5902E-03  1.6899E-03  1.7896E-03  1.8893E-03
  4  9.9353E-04  1.0918E-03  1.1914E-03  1.2911E-03  1.3908E-03  1.4905E-03  1.5902E-03  1.6899E-03  1.7896E-03  1.8893E-03
  3  9.9353E-04  1.0918E-03  1.1914E-03  1.2911E-03  1.3908E-03  1.4905E-03  1.5902E-03  1.6899E-03  1.7896E-03  1.8893E-03
  2  9.9353E-04  1.0918E-03  1.1914E-03  1.2911E-03  1.3908E-03  1.4905E-03  1.5902E-03  1.6899E-03  1.7896E-03  1.8893E-03
  1  9.9353E-04  1.0918E-03  1.1914E-03  1.2911E-03  1.3908E-03  1.4905E-03  1.5902E-03  1.6899E-03  1.7896E-03  1.8893E-03



          11
 11  1.9881E-03
 10  1.9881E-03
  9  1.9881E-03
  8  1.9881E-03
  7  1.9881E-03
  6  1.9881E-03
  5  1.9881E-03
  4  1.9881E-03
  3  1.9881E-03
  2  1.9881E-03
  1  1.9881E-03

                                                            K =  2

           1           2           3           4           5           6           7           8           9          10
 11  1.0906E-03  1.0932E-03  1.1915E-03  1.2911E-03  1.3908E-03  1.4905E-03  1.5902E-03  1.6899E-03  1.7896E-03  1.8893E-03
 10  1.0906E-03  1.0932E-03  1.1915E-03  1.2911E-03  1.3908E-03  1.4905E-03  1.5902E-03  1.6899E-03  1.7896E-03  1.8893E-03
  9  1.0906E-03  1.0932E-03  1.1915E-03  1.2911E-03  1.3908E-03  1.4905E-03  1.5902E-03  1.6899E-03  1.7896E-03  1.8893E-03
  8  1.0906E-03  1.0932E-03  1.1915E-03  1.2911E-03  1.3908E-03  1.4905E-03  1.5902E-03  1.6899E-03  1.7896E-03  1.8893E-03
  7  1.0905E-03  1.0932E-03  1.1915E-03  1.2911E-03  1.3908E-03  1.4905E-03  1.5902E-03  1.6899E-03  1.7896E-03  1.8893E-03
  6  1.0421E-03  1.0925E-03  1.1915E-03  1.2911E-03  1.3908E-03  1.4905E-03  1.5902E-03  1.6899E-03  1.7896E-03  1.8893E-03
  5  9.9365E-04  1.0918E-03  1.1914E-03  1.2911E-03  1.3908E-03  1.4905E-03  1.5902E-03  1.6899E-03  1.7896E-03  1.8893E-03
  4  9.9353E-04  1.0918E-03  1.1914E-03  1.2911E-03  1.3908E-03  1.4905E-03  1.5902E-03  1.6899E-03  1.7896E-03  1.8893E-03
  3  9.9353E-04  1.0918E-03  1.1914E-03  1.2911E-03  1.3908E-03  1.4905E-03  1.5902E-03  1.6899E-03  1.7896E-03  1.8893E-03
  2  9.9353E-04  1.0918E-03  1.1914E-03  1.2911E-03  1.3908E-03  1.4905E-03  1.5902E-03  1.6899E-03  1.7896E-03  1.8893E-03
  1  9.9353E-04  1.0918E-03  1.1914E-03  1.2911E-03  1.3908E-03  1.4905E-03  1.5902E-03  1.6899E-03  1.7896E-03  1.8893E-03



          11
 11  1.9881E-03
 10  1.9881E-03
  9  1.9881E-03
  8  1.9881E-03
  7  1.9881E-03
  6  1.9881E-03
  5  1.9881E-03
  4  1.9881E-03
  3  1.9881E-03
  2  1.9881E-03
  1  1.9881E-03




                      ***** Flow and Transport Simulation Completed *****
               Last time value calculated ...................................... 0.5000     (s)
               Last time step index ............................................       1
